61 0 127
63 0 127
65 1 127
67 1 127
69 1 127
70 1 127
72 2 127
74 2 127
76 2 127
78 3 127
80 3 127
82 3 127
84 3 127
86 4 127
88 4 127
89 4 127
91 4 127
93 5 127
95 5 127
97 5 127
99 6 127
101 6 127
103 6 127
105 6 127
106 7 127
108 7 127
110 7 127
112 8 127
114 8 127
116 8 127
118 8 127
120 9 127
122 9 127
123 9 127
125 9 127
127 10 127
129 10 127
131 10 127
133 11 127
135 11 127
137 11 127
139 11 127
140 12 127
142 12 127
144 12 127
146 13 127
148 13 127
150 13 127
152 13 127
154 14 127
156 14 127
157 14 127
159 14 127
161 15 127
163 15 127
165 15 127
167 16 127
169 16 127
171 16 127
173 16 127
175 17 127
176 17 127
178 17 127
180 18 127
182 18 127
183 19 127
184 20 127
185 21 127
186 22 127
187 24 127
188 25 127
189 26 127
190 27 127
191 28 127
192 29 127
193 30 127
194 31 127
195 32 127
196 33 127
197 34 127
198 35 127
199 37 127
200 38 127
200 39 127
201 40 127
202 41 127
203 42 127
204 43 127
205 44 127
206 45 127
207 46 127
208 48 127
209 49 127
210 50 127
211 51 127
212 52 127
213 53 127
214 54 127
215 55 127
216 56 127
217 57 127
218 58 127
219 59 127
220 61 127
221 62 127
222 63 127
223 64 127
224 65 127
225 66 127
226 67 127
227 68 127
228 69 127
229 70 127
230 71 127
231 73 127
232 74 127
233 75 127
234 76 127
235 77 127
236 78 127
237 79 127
238 80 127
239 81 127
240 82 127
241 84 127
242 85 127
243 86 127
244 87 127
244 88 127
244 90 127
244 92 127
244 94 127
244 96 127
244 98 127
244 100 127
244 102 127
244 104 127
244 106 127
244 108 127
244 110 127
244 112 127
244 114 127
244 116 127
244 119 127
244 121 127
244 123 127
244 125 127
244 127 127
244 129 127
244 131 127
244 133 127
244 135 127
244 137 127
244 139 127
244 141 127
244 143 127
244 145 127
244 147 127
244 149 127
244 151 127
244 153 127
244 155 127
244 157 127
244 159 127
244 161 127
244 163 127
244 165 127
244 167 127
244 169 127
244 171 127
244 173 127
244 175 127
244 177 127
244 179 127
244 181 127
244 183 127
244 185 127
244 187 127
244 189 127
244 191 127
244 193 127
244 195 127
244 197 127
244 199 127
243 201 127
243 203 127
243 205 127
243 207 127
243 209 127
243 211 127
243 213 127
243 215 127
243 216 127
242 217 127
241 217 127
240 218 127
240 219 127
239 219 127
238 220 127
237 220 127
237 221 127
236 222 127
235 222 127
234 223 127
233 224 127
233 224 127
232 225 127
231 226 127
230 226 127
229 227 127
229 227 127
228 228 127
227 229 127
226 229 127
225 230 127
225 231 127
224 231 127
223 232 127
222 232 127
222 233 127
221 234 127
220 234 127
219 235 127
218 236 127
218 236 127
217 237 127
216 237 127
215 238 127
214 239 127
214 239 127
213 240 127
212 241 127
211 241 127
211 242 127
210 243 127
209 243 127
208 244 127
207 244 127
207 245 127
206 246 127
205 246 127
204 247 127
203 248 127
203 248 127
202 249 127
201 249 127
200 250 127
199 251 127
199 251 127
198 252 127
197 253 127
196 253 127
196 254 127
195 255 127
194 255 127
193 255 127
