0 0 0
0 0 3
0 0 6
0 0 9
0 0 12
0 0 15
0 0 18
0 0 21
0 0 24
0 0 27
0 0 30
0 0 33
0 0 36
0 0 39
0 0 42
0 0 45
0 0 48
0 0 52
0 0 55
0 0 58
0 0 61
0 0 64
0 0 67
0 0 70
0 0 73
0 0 76
0 0 79
0 0 82
0 0 85
0 0 88
0 0 91
0 0 94
0 0 97
0 0 100
0 0 103
0 0 106
0 0 109
0 0 112
0 0 115
0 0 118
0 0 121
0 0 124
0 0 127
0 0 130
0 0 133
0 0 136
0 0 139
0 0 142
0 0 145
0 0 148
0 0 152
0 0 155
0 0 158
0 0 161
0 0 164
0 0 167
0 0 170
0 0 173
0 0 176
0 0 179
0 0 182
0 0 185
0 0 188
0 0 191
0 0 193
0 2 194
0 4 195
0 6 196
0 8 197
0 10 198
0 12 199
0 14 200
0 16 201
0 18 202
0 20 203
0 22 204
0 24 205
0 26 206
0 28 207
0 30 208
0 32 209
0 33 210
0 35 211
0 37 212
0 39 213
0 41 214
0 43 215
0 45 216
0 47 217
0 49 218
0 51 219
0 53 220
0 55 221
0 57 222
0 59 223
0 61 223
0 63 224
0 64 225
0 66 226
0 68 227
0 70 228
0 72 229
0 74 230
0 76 231
0 78 232
0 80 233
0 82 234
0 84 235
0 86 236
0 88 237
0 90 238
0 92 239
0 94 240
0 96 241
0 97 242
0 99 243
0 101 244
0 103 245
0 105 246
0 107 247
0 109 248
0 111 249
0 113 250
0 115 251
0 117 252
0 119 253
0 121 254
0 123 255
0 125 255
1 127 255
2 129 255
3 131 255
4 133 255
5 135 255
6 137 255
7 139 255
8 141 255
9 143 255
10 145 255
11 147 255
12 149 255
13 151 255
14 154 255
15 156 255
16 158 255
17 160 255
17 162 255
18 164 255
19 166 255
20 168 255
21 170 255
22 172 255
23 174 255
24 176 255
25 178 255
26 180 255
27 182 255
28 184 255
29 186 255
30 189 255
31 191 255
32 193 255
33 195 255
34 197 255
35 199 255
35 201 255
36 203 255
37 205 255
38 207 255
39 209 255
40 211 255
41 213 255
42 215 255
43 217 255
44 219 255
45 222 255
46 224 255
47 226 255
48 228 255
49 230 255
50 232 255
51 234 255
52 236 255
52 238 255
53 240 255
54 242 255
55 244 255
56 246 255
57 248 255
58 250 255
59 252 255
60 254 255
63 255 255
66 255 255
69 255 255
72 255 255
75 255 255
78 255 255
81 255 255
84 255 255
87 255 255
90 255 255
93 255 255
96 255 255
99 255 255
102 255 255
105 255 255
108 255 255
111 255 255
114 255 255
118 255 255
121 255 255
124 255 255
127 255 255
130 255 255
133 255 255
136 255 255
139 255 255
142 255 255
145 255 255
148 255 255
151 255 255
154 255 255
157 255 255
160 255 255
163 255 255
166 255 255
169 255 255
173 255 255
176 255 255
179 255 255
182 255 255
185 255 255
188 255 255
191 255 255
194 255 255
197 255 255
200 255 255
203 255 255
206 255 255
209 255 255
212 255 255
215 255 255
218 255 255
221 255 255
224 255 255
228 255 255
231 255 255
234 255 255
237 255 255
240 255 255
243 255 255
246 255 255
249 255 255
252 255 255
255 255 255
