192.3152 449.5884
192.3290 449.8852
192.5400 449.9046
192.5647 449.6762
192.5779 449.9727
192.5918 450.0228
192.6186 449.9955
192.6259 450.0261
192.6275 449.4551
192.6333 450.1069
192.6374 450.2074
192.6731 450.1135
192.6887 449.9258
192.7081 449.9702
192.7249 449.9501
192.7613 450.0735
192.7661 449.9684
192.7848 450.1323
192.7861 449.7781
192.8047 449.6479
192.8219 449.8229
192.8311 450.0991
192.8420 450.2361
192.8423 450.2444
192.8445 450.0638
192.8720 450.0171
192.8807 449.9558
192.9264 450.0677
192.9317 449.9037
192.9386 449.7546
