181.2888 473.0831
181.3167 473.5938
181.3206 473.2831
181.3895 472.9829
181.3895 473.2946
181.4327 473.3102
181.4668 473.2098
181.4729 472.9500
181.4829 472.9499
181.5210 473.3663
181.5240 473.4982
181.5262 473.5421
181.5641 473.3586
181.5683 473.7339
181.5779 473.8453
181.6172 473.2675
181.6191 473.1209
181.6344 473.5571
181.6375 473.3579
181.6805 473.0885
181.7044 473.3628
181.7100 473.5804
181.7134 473.3360
181.7190 473.5523
181.7268 473.0006
181.7328 473.7049
181.7357 473.1865
181.7376 473.4215
181.7420 473.7543
181.7472 473.0988
181.7851 473.3358
181.7973 473.2170
181.8006 473.1742
181.8287 473.6939
181.8314 473.2576
181.8323 472.9937
181.8347 473.0593
182.0284 473.1307
