188.3366 450.8985
188.4068 450.8474
188.4426 450.8851
188.4818 450.6399
188.5238 451.3633
188.5443 450.8031
188.5844 450.9327
188.6098 450.6053
188.6533 450.6318
188.6957 450.8091
188.7486 451.0189
188.7619 451.0064
188.7871 450.9293
188.8042 450.9796
188.8424 451.0612
188.8444 451.1893
188.8763 451.1976
188.8828 450.7272
188.8887 451.1961
188.8901 451.3746
188.8968 451.0753
188.9066 451.2847
188.9121 451.1822
188.9168 450.8637
188.9277 451.1921
188.9968 451.1659
189.0278 451.2126
189.1358 451.1288
189.2306 451.0652
