194.6602 451.7166
194.7346 451.6334
194.7767 451.6519
194.8096 452.0991
194.8371 452.0494
194.8449 452.1313
194.8475 452.2290
194.8722 452.0896
194.9160 451.4722
194.9180 451.6718
194.9229 451.4216
194.9407 452.0783
194.9484 452.1940
194.9677 452.0469
194.9689 451.7003
194.9691 451.9334
194.9807 451.9118
195.0369 451.9315
195.0940 451.9273
195.1152 451.8257
195.1330 451.9124
195.1367 452.0825
195.1595 452.0841
195.1677 451.7105
195.1955 452.0071
195.2236 451.5147
195.2418 452.0978
195.2567 452.0664
195.2615 451.8390
195.2618 452.1485
195.2859 452.1533
195.3055 452.0226
195.3711 451.8519
195.4364 452.0197
195.4369 452.0578
