177.1438 483.9106
177.2003 484.1054
177.2623 483.8542
177.3179 483.7814
177.3242 483.8428
177.3447 483.9673
177.3460 483.6000
177.3700 483.9526
177.3958 483.6797
177.4369 483.6860
177.4419 483.7081
177.4420 483.9753
177.4573 483.6949
177.4827 483.6792
177.4914 483.6016
177.5046 483.8230
177.5200 483.6375
177.5246 483.7950
177.5582 483.9779
177.5666 484.0419
177.5699 483.9355
177.5703 483.4364
177.5818 483.8634
177.5862 483.8114
177.5950 484.1577
177.6099 483.6961
177.6156 483.7305
177.6429 483.8867
177.6532 484.1215
177.6597 484.0797
177.6635 483.5443
177.7165 483.7779
177.7206 483.7691
177.8043 483.4872
177.8540 483.6643
178.0036 483.6089
178.0232 483.8065
