36.7690 133.2637
36.8190 133.2309
36.6854 133.0831
36.8432 133.2362
36.8053 133.1350
36.6996 132.9839
36.7584 133.0772
36.8307 133.2144
36.7575 133.0864
36.7319 132.9179
36.8362 132.9498
36.5806 133.0979
36.7473 133.1070
36.8614 133.1942
36.7724 133.1043
36.8546 133.0393
36.8038 133.0215
36.7472 133.1611
36.7352 132.9807
36.8683 133.0479
36.7718 133.0942
36.7778 133.0724
36.8586 133.0811
36.7225 133.0019
36.9043 133.0338
36.8320 133.0430
36.8009 133.0605
36.7553 132.9574
36.7016 132.9824
36.7679 133.0891
36.8014 133.1659
36.8692 133.1337
36.7852 133.1433
36.6731 133.0756
36.8874 133.0310
36.8579 133.0243
36.7620 133.1011
36.8450 133.1024
36.8632 133.1992
36.7251 133.0117
36.7916 133.0452
36.8234 133.0794
36.6954 132.9927
36.5913 133.0552
36.8672 133.1638
36.7394 133.0381
36.7869 132.9157
36.6739 132.9987
36.7760 132.9807
36.7862 133.1721
36.9102 133.1895
36.8474 133.1578
36.7523 133.0365
36.8198 133.0221
36.7956 133.0374
36.7524 133.0112
36.8349 133.0106
36.7939 133.1210
36.8637 133.0452
36.8510 133.1095
36.7720 133.0754
36.8919 133.0187
36.7612 133.0891
36.8396 133.0082
36.7309 133.0426
36.7566 132.9951
36.8264 133.1632
36.8016 133.1300
36.7002 133.1218
36.6697 133.0458
36.7175 133.1321
36.7415 133.0590
36.7544 133.0677
36.7175 132.9960
36.8009 133.0999
36.8151 133.0423
36.7819 133.0768
36.8633 132.9985
36.8747 133.0524
36.7201 133.0768
36.7551 133.1118
36.7445 133.0514
36.7352 133.1245
36.9552 133.0954
36.7595 133.0339
36.7745 132.9942
36.7265 133.1844
36.6549 133.2363
36.7363 133.1553
36.8152 133.2104
36.7990 133.2297
36.7651 133.1953
36.7956 133.2358
36.7726 133.2492
36.7764 133.2282
36.7351 133.2362
36.8104 133.2079
36.7204 133.2617
36.7639 133.2157
36.7628 133.1990
36.7823 133.2045
36.7792 133.2298
36.7476 133.1219
36.8164 133.1660
36.7772 133.2234
36.7550 133.2009
36.8011 133.1675
36.8099 133.1990
36.7837 133.1644
36.7565 133.2695
36.7591 133.2173
36.6698 133.0770
