24.4507 134.7746
24.4167 134.6282
24.6598 134.4331
24.5228 134.7334
24.6182 134.7605
24.7009 134.5815
24.5544 134.4427
24.6090 134.6090
24.4818 134.5372
24.4501 134.6078
24.6116 134.6126
24.6653 134.6886
24.5501 134.5983
24.7122 134.6616
24.7071 134.5457
24.5758 134.5312
24.4985 134.8331
24.4497 134.6251
24.4160 134.7345
24.4466 134.6534
24.5415 134.6346
24.5110 134.6425
24.5618 134.5998
24.4704 134.6422
24.4156 134.6560
24.5141 134.7919
24.4599 134.6521
24.6089 134.6607
24.5024 134.6401
24.5959 134.6651
24.6435 134.8013
24.5911 134.7084
24.5220 134.5160
24.4258 134.7290
24.5431 134.8040
24.5012 134.6100
24.6509 134.6005
24.6092 134.5427
24.4357 134.6635
24.5649 134.5837
24.6017 134.6637
24.6537 134.6118
24.4809 134.7095
24.6657 134.7218
24.6828 134.5292
24.6693 134.6520
24.5215 134.6712
24.5009 134.5667
24.6662 134.7135
24.5644 134.7007
24.5505 134.6681
24.4823 134.7105
24.5658 134.7045
24.4410 134.6550
24.5265 134.5996
24.5597 134.6444
24.4380 134.6745
24.5850 134.6760
24.6569 134.6176
24.5156 134.6157
24.4871 134.5835
24.4104 134.7140
24.3976 134.7460
24.6004 134.5218
24.5959 134.6817
24.4511 134.7070
24.5331 134.6676
24.4840 134.7679
24.5899 134.6637
24.3772 134.6865
24.5718 134.6902
24.4194 134.5089
24.4578 134.6674
24.6448 134.6138
24.5884 134.7767
24.4351 134.6765
24.4607 134.6664
24.6942 134.5499
24.4850 134.5987
24.4944 134.6240
24.5137 134.6829
24.5103 134.6741
24.5188 134.6705
24.4784 134.6369
24.5222 134.6437
24.4592 134.6892
24.5255 134.7088
24.5372 134.6294
24.4447 134.6301
24.5950 134.6127
24.5624 134.7271
24.5133 134.6729
24.6346 134.7248
24.4434 134.6502
24.4258 134.6316
24.4712 134.6438
24.4559 134.5849
24.5745 134.6744
24.5580 134.6729
24.5101 134.7150
24.4684 134.6274
24.5239 134.6035
24.5391 134.6721
24.5052 134.6462
24.5082 134.6633
24.5547 134.6493
24.5637 134.7252
24.5111 134.6570
24.4726 134.6426
24.5757 134.6318
24.5768 134.6574
24.3998 134.5604
24.4585 134.6354
24.4626 134.5545
24.5113 134.6555
24.5319 134.6816
24.6471 134.6416
24.6169 134.8326
24.4567 134.6408
24.5990 134.5300
24.5324 134.6234
24.5256 134.7381
24.4004 134.6710
24.6215 134.7004
24.4584 134.5807
24.4448 134.6980
24.6307 134.6813
24.6093 134.5760
24.6199 134.5671
24.4569 134.8306
24.5338 134.7305
24.6460 134.6273
24.4457 134.7129
24.3661 134.7360
24.5827 134.7523
24.5837 134.5186
24.4885 134.7636
24.6201 134.6311
24.4971 134.6703
24.4065 134.5477
24.6087 134.5231
24.4427 134.7508
24.5745 134.8673
24.6944 134.4924
24.4669 134.6852
24.4243 134.7114
24.6026 134.6726
24.5635 134.8074
24.6038 134.5663
24.5161 134.6569
24.3676 134.7431
24.6443 134.6285
24.6579 134.5168
24.6966 134.5599
24.5231 134.6626
24.4310 134.6295
24.5491 134.7586
24.5522 134.6149
24.4954 134.6248
24.4910 134.8688
24.4796 134.8480
24.5650 134.7612
24.4724 134.8550
24.3822 134.7904
24.4336 134.8506
24.4274 134.6456
24.3852 134.7963
24.4153 134.7960
24.4302 134.7881
24.4699 134.7773
24.3413 134.7692
24.3494 134.6936
24.4616 134.7547
24.3982 134.7944
24.3583 134.7953
24.5320 134.7897
24.3608 134.6631
24.5253 134.6838
24.3179 134.7320
24.4056 134.7232
24.3088 134.6954
24.2913 134.6072
24.4660 134.7694
24.3513 134.5306
24.4417 134.6893
24.4571 134.4914
24.3352 134.7379
24.5797 134.7127
24.5838 134.7249
24.6257 134.6781
24.6384 134.7495
24.6728 134.8134
24.5843 134.6613
24.6036 134.7128
24.6198 134.7390
24.5525 134.8103
24.6356 134.7271
24.5518 134.6709
24.6184 134.7598
24.6549 134.8115
24.5793 134.7320
24.5638 134.8558
24.5816 134.7602
24.6709 134.7833
24.6677 134.7483
24.5842 134.6087
24.7089 134.6230
24.4896 134.6275
24.7036 134.6649
24.5724 134.5719
24.6639 134.7667
24.5909 134.6881
24.5583 134.6577
24.4609 134.7573
24.5630 134.6042
24.5719 134.7332
24.5498 134.5622
24.4770 134.7106
24.5146 134.6387
24.5512 134.8074
24.5701 134.6100
24.6872 134.7331
24.5212 134.7808
24.6934 134.7144
24.5545 134.6420
24.5463 134.6650
24.5311 134.6729
24.5696 134.6637
24.5639 134.6500
24.6229 134.6888
24.5632 134.6547
24.5235 134.6855
24.5317 134.6823
