103.0576 113.3280
103.1188 113.4269
103.0653 113.3081
103.1563 113.3175
103.0906 113.4209
103.1701 113.4511
103.1600 113.4062
103.1597 113.3284
103.0836 113.4777
103.0172 113.5272
103.0498 113.3276
103.0864 113.4371
102.9863 113.4355
103.0843 113.4299
103.1026 113.3713
103.1059 113.3827
103.1020 113.4154
103.1999 113.2919
103.1447 113.5016
103.1907 113.3864
103.1154 113.5716
103.0073 113.5135
103.2318 113.3580
103.0729 113.4520
103.1877 113.3943
103.1752 113.2858
103.2366 113.3963
103.2567 113.4553
103.1384 113.4570
103.0840 113.5210
103.1793 113.4135
103.1873 113.4599
103.2180 113.4551
103.1748 113.4616
103.1667 113.4620
103.2344 113.4520
103.1391 113.4216
103.2970 113.4094
103.0983 113.4230
103.2077 113.3733
103.2893 113.3640
