148.8593 101.8228
148.8101 101.7105
148.8827 101.8243
148.7267 101.7365
148.7313 101.6092
148.9220 101.8203
148.7195 101.7847
148.9174 101.7733
148.9598 101.5650
148.8326 101.7805
148.9892 101.6838
148.6806 101.7895
148.8397 101.8517
148.7710 101.8354
148.7702 101.8133
148.7769 101.8220
148.8262 101.6852
148.8920 101.5204
148.8066 101.6040
148.7077 101.6971
148.6381 101.7024
148.8297 101.7403
148.8768 101.8035
148.7747 101.7390
148.7352 101.8237
148.7322 101.6798
148.7938 101.6483
148.7007 101.7107
148.6891 101.7586
148.8741 101.6809
148.8206 101.5665
148.6885 101.8004
148.7708 101.7749
148.8144 101.5990
148.9492 101.6832
148.7132 101.7883
148.8607 101.8286
148.8082 101.7151
148.7988 101.7775
148.8673 101.8383
148.9280 101.7389
148.5885 101.7760
148.8363 101.5502
148.6694 101.5893
148.8607 101.8516
148.7566 101.4597
148.7562 101.5500
148.8434 101.5634
148.6230 101.7695
148.7813 101.6231
148.7108 101.6121
148.6665 101.5397
148.7903 101.6271
148.7566 101.4588
148.8424 101.8392
148.8567 101.6657
148.8084 101.6840
148.7680 101.7702
148.9087 101.7372
148.5553 101.6339
148.8488 101.4565
148.6775 101.8476
148.7295 101.6259
148.6948 101.7485
148.5899 101.6367
148.9273 101.6205
148.8060 101.6614
148.8198 101.7977
148.8717 101.6738
148.7084 101.7741
148.6769 101.7755
148.9242 101.7100
148.7433 101.6253
148.6344 101.5865
148.8796 101.8302
148.7914 101.7578
148.7388 101.6426
148.8806 101.5831
148.7134 101.7124
148.7380 101.8045
148.8206 101.7403
148.7144 101.7731
148.9497 101.7957
148.7778 101.6443
148.7126 101.7123
148.8711 101.6185
148.8415 101.8276
148.8276 101.7830
148.8020 101.7147
148.7427 101.6894
148.8215 101.7380
148.9197 101.7534
148.8985 101.6698
148.7036 101.6327
148.8317 101.7183
148.8688 101.7366
148.9953 101.7627
148.8410 101.4887
148.6488 101.7490
148.9417 101.6686
148.9100 101.6095
148.6419 101.5880
148.8541 101.6271
148.9653 101.6184
148.9377 101.6247
148.7916 101.6733
148.7246 101.7465
148.8952 101.7678
148.9497 101.7652
148.8284 101.6736
148.7842 101.6564
148.9344 101.5871
148.8422 101.6916
148.7902 101.5762
148.7961 101.7794
148.7824 101.6400
148.7686 101.8014
148.6745 101.6406
148.7752 101.5981
148.6870 101.6814
148.8480 101.5587
148.8699 101.5176
148.9588 101.7592
148.7533 101.7265
148.7998 101.7417
148.6771 101.5423
148.8512 101.6366
148.9543 101.7154
148.7944 101.7900
148.7182 101.6655
148.9283 101.6389
148.8557 101.7615
148.9043 101.6971
148.9871 101.6659
148.8830 101.7533
148.7236 101.7189
148.8523 101.8225
148.8214 101.6077
148.9046 101.6948
148.8373 101.4706
148.9002 101.6338
148.9507 101.6567
148.9739 101.6009
148.9388 101.5353
148.9705 101.6447
148.9742 101.6422
148.7495 101.6552
