95.4057 116.0072
95.4523 115.9930
95.4437 116.1475
95.4987 116.2112
95.5452 116.0819
95.4753 116.1068
95.5366 116.1266
95.5724 116.2261
95.5500 116.0949
95.6354 116.2277
95.6717 116.0688
95.6529 116.0734
95.4657 116.0638
95.6204 116.0533
95.6460 116.1532
95.5400 116.0544
95.5180 116.0902
95.6468 116.1020
95.6345 116.1572
95.6347 116.1069
95.6688 116.1493
95.5692 115.9991
95.6118 116.0878
95.6234 116.0172
95.5532 116.1702
95.6090 116.0720
95.7132 116.2302
95.5213 116.1713
95.6620 116.0798
95.7203 116.2481
95.5289 115.9605
95.5351 116.1344
95.5868 116.0705
95.5282 116.0716
95.4896 116.0186
95.5302 116.0601
95.5560 115.9718
95.5975 116.0599
95.5503 116.0328
95.5267 115.9836
95.6928 116.1719
95.4881 116.1098
95.5530 116.2160
95.4702 116.0587
95.6007 116.0554
95.4654 116.0360
95.6303 116.0780
95.5781 116.0630
95.5706 116.1167
95.5847 116.0824
95.6111 116.1332
95.6095 116.1458
95.5741 116.1081
95.6309 116.0801
95.5768 116.1152
95.5653 116.1036
95.6069 116.0110
95.4629 116.0428
95.6214 116.0451
95.6324 116.1220
95.5861 116.0475
95.6539 116.1423
95.6509 116.0406
95.6225 116.1109
95.6071 116.0408
95.6244 115.9975
95.7478 116.1887
95.6296 116.1280
95.7722 116.1170
95.6129 116.0325
95.5885 116.0511
95.4899 116.0738
95.6624 116.0721
95.6104 116.0857
95.5049 116.0097
95.4622 116.1249
95.5804 116.1416
95.6245 115.9046
95.5945 115.9238
95.5123 115.9512
95.6281 116.1438
95.6784 116.0234
95.6091 116.2276
95.6974 116.1078
95.5777 116.1893
95.6929 116.0343
95.5716 116.1054
95.7573 116.0640
95.5723 116.0849
95.5660 115.9894
95.6683 116.1188
95.6710 116.0611
95.5914 116.0355
95.6203 116.1215
95.5676 116.1026
95.5934 116.1793
95.5571 116.0837
95.5348 116.1346
95.6741 116.0190
95.5528 116.2029
95.6746 116.1350
95.4833 115.9480
95.5409 116.0413
95.6009 116.1378
95.5851 116.1346
95.5570 116.1305
95.6137 116.0853
95.6039 116.1039
95.5573 116.0520
95.6028 116.0665
95.5653 116.1466
95.5200 116.2202
95.4938 116.1065
95.5254 116.1151
95.6346 116.1418
95.6768 116.1251
95.4726 115.9589
95.6095 116.1597
95.5482 116.1410
95.7340 116.1396
95.6299 116.1260
95.6230 116.1017
95.6194 116.1636
95.6297 116.1110
95.6930 116.1579
95.5609 116.1430
95.6434 116.0515
95.6535 116.1910
95.6613 115.9507
95.6620 116.1128
95.6903 116.2505
95.5148 116.0449
95.6307 116.1807
95.7438 115.9651
95.6174 116.0712
95.5968 116.0696
95.5838 116.0659
95.6042 116.0408
95.6096 116.1012
95.6244 116.1176
95.5911 116.0638
95.6009 116.0971
95.6019 116.1134
95.6063 116.0749
95.6362 116.1197
95.6044 116.1221
95.6327 116.0709
95.6315 116.0825
95.6026 116.1256
95.6012 116.1678
95.6396 116.1664
95.6248 116.0604
95.6901 116.1405
95.5853 116.0738
95.6651 116.0911
95.6337 116.1095
95.6055 116.1156
95.6864 116.0231
