126.6708 95.1416
126.8267 95.0982
126.6316 95.0855
126.6016 95.1101
126.6237 95.0239
126.6835 95.1938
126.5507 94.9572
126.6495 95.0677
126.6892 95.1701
126.7455 95.1013
126.6645 95.1400
126.7333 95.0813
126.6770 95.0852
126.7751 95.0697
126.6891 95.0487
126.6707 95.1259
126.7886 95.0761
126.7653 95.1235
126.8258 95.1033
126.7428 95.1143
126.7323 95.1385
126.6296 95.1036
126.7182 95.1292
126.8299 95.0086
126.7827 95.0583
126.7728 95.0398
126.6888 95.0720
126.6619 95.0519
126.7952 94.9947
126.7554 95.0259
126.7291 95.0996
126.7631 95.0686
126.6396 95.1193
126.6961 95.1406
126.6764 95.1166
126.6528 95.0306
126.8983 95.0565
126.6199 95.0456
126.7825 95.0508
126.6444 95.1778
126.5373 94.9880
126.8472 95.0467
126.7549 94.9965
126.8607 95.0265
126.6833 95.0288
126.7465 95.0213
126.7887 95.1085
126.5987 95.0518
126.8770 95.0314
126.8010 95.1106
126.6977 95.0374
126.8353 95.0559
126.8082 94.9305
126.7782 94.8135
126.7400 95.1392
126.7432 94.9859
126.6544 94.9026
126.7902 95.1955
126.7430 95.0927
126.9304 95.0518
126.8018 95.0518
126.7169 94.9130
126.6521 95.0128
126.7845 94.9272
126.7401 94.9903
126.6915 94.8141
126.7685 95.1071
126.8827 95.0206
126.6982 94.9533
126.5764 95.0635
126.8245 94.9384
126.8630 95.1292
126.8024 95.1390
126.6974 95.0830
126.6744 94.8884
126.7034 95.0514
126.5960 95.0552
126.8429 95.1856
126.7272 94.8740
126.9051 94.9234
126.8013 95.1064
126.8439 95.0853
126.7637 95.1332
126.7992 94.9951
126.9539 94.8981
126.7701 95.0636
126.8374 95.1195
126.7518 95.0674
126.7224 94.9696
126.7943 94.8900
126.7260 94.8595
126.7208 94.9545
126.8034 95.2055
126.6684 95.1235
126.8524 95.1556
126.6563 95.0840
126.8194 95.0201
126.7663 95.1650
126.6957 95.0238
126.7657 95.1253
126.7949 95.0938
126.7460 95.0145
126.8852 95.1319
126.8965 95.0359
126.9708 95.0031
126.6276 95.1111
126.9003 95.0295
126.7746 95.0486
126.7907 94.9846
126.8313 95.0763
126.8508 95.0997
126.8133 95.1245
126.8089 95.0664
126.9654 95.0841
126.8653 94.9541
126.7812 94.8668
126.6892 94.9075
126.8712 95.0688
126.8218 95.1276
126.8902 95.0082
126.8281 95.0748
126.8428 95.0959
126.7595 95.0046
126.8153 95.0707
126.6647 95.0053
126.7243 95.0058
126.7678 95.0300
126.8762 94.9361
126.7679 94.9588
126.8074 94.9083
126.8357 95.0433
126.8349 94.8678
126.7304 94.9871
126.8216 94.9186
126.7231 95.0389
126.7905 95.0887
126.7347 95.1851
126.8865 95.1090
