132.3994 104.4769
132.5168 104.5445
132.2925 104.4675
132.4235 104.3191
132.4410 104.2525
132.5347 104.3999
132.4109 104.3810
132.4335 104.4209
132.5058 104.4075
132.5498 104.4046
132.5301 104.3706
132.5363 104.4172
132.4924 104.5666
132.3698 104.5537
132.3949 104.3657
132.3535 104.3796
132.4522 104.3138
132.5327 104.5162
132.3882 104.5370
132.5656 104.4324
132.4565 104.2470
132.3430 104.4470
132.5689 104.4996
132.3740 104.3318
132.5033 104.3135
132.4690 104.4040
132.4711 104.4989
132.5860 104.4191
132.5423 104.4321
132.5320 104.3096
132.3962 104.3651
132.3300 104.4947
132.4761 104.3597
132.5148 104.3636
132.6452 104.4400
132.4024 104.3488
132.3090 104.4173
132.4832 104.2444
132.2993 104.5274
132.2333 104.4755
132.3286 104.3161
132.4339 104.2794
132.3466 104.4758
132.4306 104.4886
132.4931 104.4295
132.4390 104.3839
132.4429 104.3694
132.4290 104.5541
132.5690 104.5326
132.5777 104.4312
132.4834 104.4105
132.4498 104.4012
132.6364 104.4819
132.3552 104.4860
132.5011 104.3988
132.4601 104.4357
132.5919 104.3437
132.5626 104.3406
132.3941 104.4414
132.5623 104.4959
132.4805 104.4191
132.4026 104.3960
132.4492 104.5059
132.4960 104.5530
132.5316 104.5379
132.5275 104.3850
132.5346 104.4137
132.6362 104.3418
132.3219 104.4149
132.5098 104.2723
132.3186 104.2890
132.5886 104.1742
132.3528 104.3018
132.4871 104.4842
132.4861 104.4344
132.4578 104.3537
132.3946 104.3622
132.3766 104.3748
132.4430 104.1639
132.5761 104.4587
132.4943 104.4777
132.5022 104.2413
132.4107 104.4226
132.3304 104.4314
132.2766 104.3612
132.5286 104.2454
132.5509 104.5403
132.4611 104.4468
132.6382 104.4027
132.4589 104.1496
132.2916 104.5556
132.3574 104.3074
132.4959 104.5873
132.6461 104.4314
132.5662 104.3375
132.4523 104.5714
132.4935 104.4124
132.5262 104.4323
132.4369 104.4522
132.5405 104.4143
132.4311 104.4573
132.4800 104.3918
132.5121 104.4585
132.5305 104.4863
132.4866 104.3526
132.5189 104.4491
132.5435 104.3969
132.4981 104.2731
132.5940 104.5092
132.3424 104.5713
