194.2401 450.4251
194.2856 450.3181
194.3196 450.6709
194.3363 450.8114
194.3513 450.5894
194.3826 450.0694
194.3934 450.5975
194.4155 450.6299
194.4464 450.5609
194.4518 450.3833
194.4565 450.4816
194.4642 450.8144
194.4777 450.2084
194.4804 450.4149
194.4817 450.8572
194.4916 450.1222
194.5116 450.6630
194.5503 450.3255
194.5724 450.2530
194.5826 450.6855
194.5863 450.2058
194.5991 450.3300
194.6006 450.1783
194.6065 450.5070
194.6464 450.5616
194.6628 450.3932
194.6816 450.8013
194.6880 450.1121
194.6989 450.2910
194.7126 449.9912
194.7712 450.3457
194.8979 450.7828
