,Delta_ratio,algo,compute_time,false_positives_ratio,results,seed,true_positives_ratio
0,1.5,CAML_87B144,13.167418956756592,0.2,[],0,1.0
1,1.5,CAML_07VEJJ,4.489016056060791,0.68,[],0,0.72
2,1.5,FINDER_1D,3.320599317550659,0.04,"{'sigma': 9.682010767411828, 'threshold': 10.0}",0,1.0
3,1.5,FINDER_1D_loop,2.9008381366729736,0.0,"{'sigma': 13.789998579621757, 'threshold': 10.0}",0,1.0
4,1.5,dbscan,0.01346278190612793,0.04,[],0,1.0
5,1.5,OPTICS,29.26628041267395,0.08,[],0,0.92
6,1.5,CAML_87B144,9.366754531860352,0.0,[],1,1.0
7,1.5,CAML_07VEJJ,4.262753486633301,0.8,[],1,0.72
8,1.5,FINDER_1D,2.7363696098327637,0.0,"{'sigma': 10.054272358764155, 'threshold': 10.0}",1,1.0
9,1.5,FINDER_1D_loop,2.4169838428497314,0.08,"{'sigma': 12.728392429988595, 'threshold': 10.0}",1,0.92
10,1.5,dbscan,0.012497901916503906,0.0,[],1,1.0
11,1.5,OPTICS,24.102256536483765,0.08,[],1,0.92
12,1.5,CAML_87B144,11.175513982772827,0.12,[],2,1.0
13,1.5,CAML_07VEJJ,5.025589942932129,0.76,[],2,0.68
14,1.5,FINDER_1D,3.1570470333099365,0.04,"{'sigma': 9.485937758078265, 'threshold': 10.0}",2,1.0
15,1.5,FINDER_1D_loop,3.344651222229004,0.0,"{'sigma': 13.58197589331797, 'threshold': 10.0}",2,1.0
16,1.5,dbscan,0.014453411102294922,0.0,[],2,1.0
17,1.5,OPTICS,32.79284620285034,0.4,[],2,0.68
18,1.5,CAML_87B144,10.478014469146729,0.16,[],3,0.96
19,1.5,CAML_07VEJJ,5.223573446273804,1.08,[],3,0.6
20,1.5,FINDER_1D,4.082050085067749,0.12,"{'sigma': 8.19999932500147, 'threshold': 10.0}",3,0.96
21,1.5,FINDER_1D_loop,3.545776605606079,0.0,"{'sigma': 11.324093740349154, 'threshold': 10.0}",3,0.96
22,1.5,dbscan,0.014397621154785156,0.08,[],3,1.0
23,1.5,OPTICS,35.71567344665527,0.2,[],3,0.8
24,1.5,CAML_87B144,10.694288730621338,0.2,[],4,1.0
25,1.5,CAML_07VEJJ,5.428425312042236,0.64,[],4,0.68
26,1.5,FINDER_1D,2.9591526985168457,0.0,"{'sigma': 10.559819595143114, 'threshold': 10.0}",4,1.0
27,1.5,FINDER_1D_loop,3.1358537673950195,0.0,"{'sigma': 13.514516334025382, 'threshold': 10.0}",4,1.0
28,1.5,dbscan,0.014686346054077148,0.0,[],4,1.0
29,1.5,OPTICS,34.133981466293335,0.2,[],4,0.84
30,1.5,CAML_87B144,10.06372857093811,0.16,[],5,1.0
31,1.5,CAML_07VEJJ,5.425633668899536,0.6,[],5,0.68
32,1.5,FINDER_1D,2.5637059211730957,0.04,"{'sigma': 9.675572275871193, 'threshold': 10.0}",5,1.0
33,1.5,FINDER_1D_loop,2.7039942741394043,0.04,"{'sigma': 12.399322168994106, 'threshold': 10.0}",5,0.92
34,1.5,dbscan,0.013300657272338867,0.0,[],5,1.0
35,1.5,OPTICS,28.477356672286987,0.16,[],5,0.84
36,1.5,CAML_87B144,11.919234037399292,0.08,[],6,1.0
37,1.5,CAML_07VEJJ,5.761455774307251,1.16,[],6,0.48
38,1.5,FINDER_1D,4.360244512557983,0.0,"{'sigma': 10.110659998942827, 'threshold': 10.0}",6,1.0
39,1.5,FINDER_1D_loop,3.5173606872558594,0.0,"{'sigma': 13.013867329256858, 'threshold': 10.0}",6,1.0
40,1.5,dbscan,0.016106605529785156,0.0,[],6,1.0
41,1.5,OPTICS,40.28876614570618,0.2,[],6,0.8
42,1.5,CAML_87B144,11.062078714370728,0.04,[],7,1.0
43,1.5,CAML_07VEJJ,6.219289541244507,0.68,[],7,0.8
44,1.5,FINDER_1D,3.025587797164917,0.04,"{'sigma': 10.043265689056875, 'threshold': 10.0}",7,1.0
45,1.5,FINDER_1D_loop,3.004345417022705,0.04,"{'sigma': 12.717555955972774, 'threshold': 10.0}",7,0.96
46,1.5,dbscan,0.013504743576049805,0.04,[],7,1.0
47,1.5,OPTICS,28.99554991722107,0.28,[],7,0.8
48,1.5,CAML_87B144,12.013813495635986,0.32,[],8,0.92
49,1.5,CAML_07VEJJ,6.624816417694092,0.84,[],8,0.6
50,1.5,FINDER_1D,3.360530138015747,0.0,"{'sigma': 10.120570397767302, 'threshold': 10.0}",8,1.0
51,1.5,FINDER_1D_loop,3.350996971130371,0.04,"{'sigma': 12.765431079609918, 'threshold': 10.0}",8,0.96
52,1.5,dbscan,0.014631271362304688,0.0,[],8,1.0
53,1.5,OPTICS,35.051092863082886,0.12,[],8,0.88
54,1.5,CAML_87B144,13.18964433670044,0.12,[],9,0.96
55,1.5,CAML_07VEJJ,7.205169677734375,1.24,[],9,0.4
56,1.5,FINDER_1D,3.7375128269195557,0.2,"{'sigma': 6.852712198508058, 'threshold': 10.0}",9,0.96
57,1.5,FINDER_1D_loop,3.8335306644439697,0.0,"{'sigma': 10.0021706732976, 'threshold': 10.0}",9,0.96
58,1.5,dbscan,0.0226132869720459,0.0,[],9,1.0
59,1.5,OPTICS,36.01514196395874,0.48,[],9,0.64
60,1.5,CAML_87B144,14.573336839675903,0.24,[],10,0.96
61,1.5,CAML_07VEJJ,7.19785475730896,1.2,[],10,0.48
62,1.5,FINDER_1D,4.085344076156616,0.0,"{'sigma': 8.594399573056522, 'threshold': 10.0}",10,1.0
63,1.5,FINDER_1D_loop,3.813001871109009,0.0,"{'sigma': 12.05362667373871, 'threshold': 10.0}",10,1.0
64,1.5,dbscan,0.018349647521972656,0.0,[],10,1.0
65,1.5,OPTICS,31.229182958602905,0.28,[],10,0.8
66,1.25,CAML_87B144,12.32398009300232,0.16,[],0,1.0
67,1.25,CAML_07VEJJ,8.056205987930298,0.56,[],0,0.72
68,1.25,FINDER_1D,3.7128407955169678,0.04,"{'sigma': 9.965368727194475, 'threshold': 10.0}",0,1.0
69,1.25,FINDER_1D_loop,3.0534884929656982,0.0,"{'sigma': 13.741728020275419, 'threshold': 10.0}",0,1.0
70,1.25,dbscan,0.013922691345214844,0.04,[],0,1.0
71,1.25,OPTICS,34.32152605056763,0.16,[],0,0.84
72,1.25,CAML_87B144,12.542457580566406,0.12,[],1,0.96
73,1.25,CAML_07VEJJ,7.516833066940308,0.6,[],1,0.76
74,1.25,FINDER_1D,3.113260507583618,0.0,"{'sigma': 10.340556150324245, 'threshold': 10.0}",1,1.0
75,1.25,FINDER_1D_loop,2.6035890579223633,0.04,"{'sigma': 12.813248680506362, 'threshold': 10.0}",1,0.96
76,1.25,dbscan,0.012143850326538086,0.0,[],1,1.0
77,1.25,OPTICS,27.718730926513672,0.12,[],1,0.88
78,1.25,CAML_87B144,13.328975200653076,0.12,[],2,0.96
79,1.25,CAML_07VEJJ,8.106346845626831,0.84,[],2,0.64
80,1.25,FINDER_1D,3.321258306503296,0.12,"{'sigma': 9.807787281973447, 'threshold': 10.0}",2,1.0
81,1.25,FINDER_1D_loop,3.39333176612854,0.0,"{'sigma': 12.186082625611293, 'threshold': 10.0}",2,0.92
82,1.25,dbscan,0.014642477035522461,0.04,[],2,1.0
83,1.25,OPTICS,37.67447018623352,0.32,[],2,0.72
84,1.25,CAML_87B144,14.630271196365356,0.2,[],3,0.96
85,1.25,CAML_07VEJJ,8.91483998298645,1.32,[],3,0.52
86,1.25,FINDER_1D,4.67366886138916,0.12,"{'sigma': 8.419979945932017, 'threshold': 10.0}",3,0.96
87,1.25,FINDER_1D_loop,3.44059157371521,0.0,"{'sigma': 11.245844361930164, 'threshold': 10.0}",3,0.96
88,1.25,dbscan,0.014401674270629883,0.04,[],3,1.0
89,1.25,OPTICS,41.14208912849426,0.2,[],3,0.8
90,1.25,CAML_87B144,13.995692253112793,0.16,[],4,0.96
91,1.25,CAML_07VEJJ,9.135051727294922,0.68,[],4,0.68
92,1.25,FINDER_1D,3.084841012954712,0.24,"{'sigma': 8.543642219135998, 'threshold': 10.0}",4,0.96
93,1.25,FINDER_1D_loop,3.2110435962677,0.0,"{'sigma': 13.400569139325524, 'threshold': 10.0}",4,1.0
94,1.25,dbscan,0.015003681182861328,0.04,[],4,1.0
95,1.25,OPTICS,39.58834624290466,0.2,[],4,0.8
96,1.25,CAML_87B144,14.386886596679688,0.04,[],5,1.0
97,1.25,CAML_07VEJJ,9.167917966842651,0.52,[],5,0.72
98,1.25,FINDER_1D,2.977534055709839,0.0,"{'sigma': 10.159520567495917, 'threshold': 10.0}",5,1.0
99,1.25,FINDER_1D_loop,2.767822742462158,0.04,"{'sigma': 12.8091089752317, 'threshold': 10.0}",5,0.96
100,1.25,dbscan,0.013247013092041016,0.0,[],5,1.0
101,1.25,OPTICS,32.74869418144226,0.12,[],5,0.88
102,1.25,CAML_87B144,16.565297603607178,0.08,[],6,0.96
103,1.25,CAML_07VEJJ,9.609428882598877,1.08,[],6,0.52
104,1.25,FINDER_1D,4.5819010734558105,0.0,"{'sigma': 9.18892178545662, 'threshold': 10.0}",6,1.0
105,1.25,FINDER_1D_loop,3.5885491371154785,0.0,"{'sigma': 12.94316043416985, 'threshold': 10.0}",6,1.0
106,1.25,dbscan,0.0163271427154541,0.0,[],6,1.0
107,1.25,OPTICS,46.63830590248108,0.08,[],6,0.92
108,1.25,CAML_87B144,14.844507694244385,0.16,[],7,0.92
109,1.25,CAML_07VEJJ,10.023122787475586,0.76,[],7,0.76
110,1.25,FINDER_1D,3.38997745513916,0.28,"{'sigma': 8.327151302389199, 'threshold': 10.0}",7,0.96
111,1.25,FINDER_1D_loop,3.0585641860961914,0.0,"{'sigma': 11.444622865207453, 'threshold': 10.0}",7,0.96
112,1.25,dbscan,0.01368093490600586,0.04,[],7,1.0
113,1.25,OPTICS,33.084702014923096,0.28,[],7,0.76
114,1.25,CAML_87B144,15.722419500350952,0.16,[],8,0.88
115,1.25,CAML_07VEJJ,10.516209602355957,0.96,[],8,0.6
116,1.25,FINDER_1D,3.3598532676696777,0.0,"{'sigma': 10.33177806548872, 'threshold': 10.0}",8,1.0
117,1.25,FINDER_1D_loop,3.4350037574768066,0.04,"{'sigma': 12.71263135473956, 'threshold': 10.0}",8,0.96
118,1.25,dbscan,0.01496434211730957,0.04,[],8,1.0
119,1.25,OPTICS,40.41557502746582,0.12,[],8,0.88
120,1.25,CAML_87B144,16.788413047790527,0.08,[],9,0.96
121,1.25,CAML_07VEJJ,10.905613899230957,1.16,[],9,0.44
122,1.25,FINDER_1D,3.967066764831543,0.24,"{'sigma': 6.4846349175270355, 'threshold': 10.0}",9,0.96
123,1.25,FINDER_1D_loop,4.001905679702759,0.0,"{'sigma': 9.162941693642074, 'threshold': 10.0}",9,0.96
124,1.25,dbscan,0.020507335662841797,0.0,[],9,1.0
125,1.25,OPTICS,43.26581907272339,0.36,[],9,0.72
126,1.25,CAML_87B144,18.11567211151123,0.08,[],10,1.0
127,1.25,CAML_07VEJJ,10.928209781646729,1.2,[],10,0.48
128,1.25,FINDER_1D,4.197997331619263,0.04,"{'sigma': 8.921044941224485, 'threshold': 10.0}",10,1.0
129,1.25,FINDER_1D_loop,3.9851651191711426,0.0,"{'sigma': 12.129142145038491, 'threshold': 10.0}",10,1.0
130,1.25,dbscan,0.019156932830810547,0.0,[],10,1.0
131,1.25,OPTICS,36.88542437553406,0.2,[],10,0.84
132,1.0,CAML_87B144,16.082091569900513,0.12,[],0,0.92
133,1.0,CAML_07VEJJ,11.203415155410767,0.84,[],0,0.68
134,1.0,FINDER_1D,4.180906534194946,0.16,"{'sigma': 8.216150231564919, 'threshold': 10.0}",0,0.92
135,1.0,FINDER_1D_loop,3.2158424854278564,0.0,"{'sigma': 12.118483385284062, 'threshold': 10.0}",0,0.92
136,1.0,dbscan,0.013942956924438477,0.0,[],0,1.0
137,1.0,OPTICS,38.75654602050781,0.24,[],0,0.72
138,1.0,CAML_87B144,15.299352169036865,0.0,[],1,0.96
139,1.0,CAML_07VEJJ,10.9121253490448,0.64,[],1,0.76
140,1.0,FINDER_1D,3.1469168663024902,0.0,"{'sigma': 9.40447812890498, 'threshold': 10.0}",1,1.0
141,1.0,FINDER_1D_loop,2.5689916610717773,0.08,"{'sigma': 12.630578227692578, 'threshold': 10.0}",1,0.92
142,1.0,dbscan,0.012363433837890625,0.0,[],1,1.0
143,1.0,OPTICS,32.027811765670776,0.08,[],1,0.88
144,1.0,CAML_87B144,17.11088466644287,0.04,[],2,0.88
145,1.0,CAML_07VEJJ,11.927629232406616,0.84,[],2,0.6
146,1.0,FINDER_1D,4.096847295761108,0.12,"{'sigma': 8.82975205603933, 'threshold': 10.0}",2,1.0
147,1.0,FINDER_1D_loop,3.5290584564208984,0.04,"{'sigma': 10.696787180224934, 'threshold': 10.0}",2,0.88
148,1.0,dbscan,0.01479339599609375,0.04,[],2,1.0
149,1.0,OPTICS,43.59175682067871,0.4,[],2,0.56
150,1.0,CAML_87B144,17.558454036712646,0.2,[],3,0.92
151,1.0,CAML_07VEJJ,12.545772314071655,1.28,[],3,0.48
152,1.0,FINDER_1D,4.396445989608765,0.2,"{'sigma': 8.496816797517035, 'threshold': 10.0}",3,0.96
153,1.0,FINDER_1D_loop,3.5581753253936768,0.0,"{'sigma': 10.989875325762398, 'threshold': 10.0}",3,0.96
154,1.0,dbscan,0.014691591262817383,0.04,[],3,1.0
155,1.0,OPTICS,46.79383397102356,0.2,[],3,0.76
156,1.0,CAML_87B144,17.583266735076904,0.08,[],4,0.96
157,1.0,CAML_07VEJJ,12.962496280670166,0.72,[],4,0.68
158,1.0,FINDER_1D,3.288809061050415,0.08,"{'sigma': 9.75537793430644, 'threshold': 10.0}",4,1.0
159,1.0,FINDER_1D_loop,3.1984305381774902,0.0,"{'sigma': 10.806527798174885, 'threshold': 10.0}",4,0.92
160,1.0,dbscan,0.01566171646118164,0.08,[],4,1.0
161,1.0,OPTICS,45.27027726173401,0.2,[],4,0.84
162,1.0,CAML_87B144,17.30843687057495,0.08,[],5,0.92
163,1.0,CAML_07VEJJ,12.689008951187134,0.48,[],5,0.72
164,1.0,FINDER_1D,3.228215217590332,0.0,"{'sigma': 9.248973932201666, 'threshold': 10.0}",5,1.0
165,1.0,FINDER_1D_loop,2.868800640106201,0.0,"{'sigma': 11.383284383510981, 'threshold': 10.0}",5,0.92
166,1.0,dbscan,0.013602018356323242,0.08,[],5,1.0
167,1.0,OPTICS,36.4996223449707,0.2,[],5,0.76
168,1.0,CAML_87B144,19.769187450408936,0.16,[],6,0.92
169,1.0,CAML_07VEJJ,12.967703342437744,1.0,[],6,0.48
170,1.0,FINDER_1D,4.973512172698975,0.12,"{'sigma': 9.292280335784849, 'threshold': 10.0}",6,1.0
171,1.0,FINDER_1D_loop,3.81457781791687,0.0,"{'sigma': 12.67759319725819, 'threshold': 10.0}",6,1.0
172,1.0,dbscan,0.01671123504638672,0.12,[],6,1.0
173,1.0,OPTICS,52.73179006576538,0.2,[],6,0.8
174,1.0,CAML_87B144,18.152387380599976,0.08,[],7,0.92
175,1.0,CAML_07VEJJ,13.92037057876587,0.8,[],7,0.72
176,1.0,FINDER_1D,3.687052011489868,0.12,"{'sigma': 8.469225334959708, 'threshold': 10.0}",7,0.96
177,1.0,FINDER_1D_loop,3.3185887336730957,0.0,"{'sigma': 11.218422450663374, 'threshold': 10.0}",7,0.96
178,1.0,dbscan,0.013676881790161133,0.08,[],7,1.0
179,1.0,OPTICS,38.06791090965271,0.36,[],7,0.68
180,1.0,CAML_87B144,19.919056177139282,0.04,[],8,0.92
181,1.0,CAML_07VEJJ,14.114369630813599,0.88,[],8,0.6
182,1.0,FINDER_1D,3.822009325027466,0.36,"{'sigma': 7.0094031093036815, 'threshold': 10.0}",8,0.84
183,1.0,FINDER_1D_loop,3.4690773487091064,0.0,"{'sigma': 11.00718270242672, 'threshold': 10.0}",8,0.88
184,1.0,dbscan,0.015057563781738281,0.0,[],8,1.0
185,1.0,OPTICS,46.472561836242676,0.2,[],8,0.76
186,1.0,CAML_87B144,20.668248653411865,0.04,[],9,0.96
187,1.0,CAML_07VEJJ,14.487041234970093,1.32,[],9,0.36
188,1.0,FINDER_1D,3.8068172931671143,0.12,"{'sigma': 6.705860980854141, 'threshold': 10.0}",9,0.96
189,1.0,FINDER_1D_loop,3.957918643951416,0.0,"{'sigma': 9.139778050977025, 'threshold': 10.0}",9,0.96
190,1.0,dbscan,0.020824432373046875,0.08,[],9,1.0
191,1.0,OPTICS,50.10633444786072,0.36,[],9,0.72
192,1.0,CAML_87B144,21.577276706695557,0.24,[],10,0.88
193,1.0,CAML_07VEJJ,14.809410333633423,1.24,[],10,0.44
194,1.0,FINDER_1D,4.589384317398071,0.44,"{'sigma': 6.674519065085042, 'threshold': 10.0}",10,0.84
195,1.0,FINDER_1D_loop,3.8143389225006104,0.0,"{'sigma': 11.564332093630288, 'threshold': 10.0}",10,1.0
196,1.0,dbscan,0.020479440689086914,0.04,[],10,1.0
197,1.0,OPTICS,43.14807057380676,0.24,[],10,0.72
198,0.75,CAML_87B144,19.29104781150818,0.24,[],0,0.76
199,0.75,CAML_07VEJJ,14.543869972229004,0.76,[],0,0.52
200,0.75,FINDER_1D,3.5036778450012207,0.2,"{'sigma': 6.254478361117457, 'threshold': 10.0}",0,0.84
201,0.75,FINDER_1D_loop,2.8399999141693115,0.04,"{'sigma': 9.447361864655681, 'threshold': 10.0}",0,0.8
202,0.75,dbscan,0.014371633529663086,0.08,[],0,0.6
203,0.75,OPTICS,44.028810262680054,0.24,[],0,0.48
204,0.75,CAML_87B144,18.957521200180054,0.16,[],1,0.72
205,0.75,CAML_07VEJJ,14.940057516098022,1.04,[],1,0.44
206,0.75,FINDER_1D,2.934109687805176,0.2,"{'sigma': 8.34141517149473, 'threshold': 10.0}",1,0.88
207,0.75,FINDER_1D_loop,2.412278890609741,0.0,"{'sigma': 9.853997439471145, 'threshold': 10.0}",1,0.76
208,0.75,dbscan,0.013118982315063477,0.04,[],1,0.8
209,0.75,OPTICS,36.34967517852783,0.24,[],1,0.52
210,0.75,CAML_87B144,21.2523934841156,0.24,[],2,0.8
211,0.75,CAML_07VEJJ,15.210337400436401,1.12,[],2,0.48
212,0.75,FINDER_1D,3.5535500049591064,0.56,"{'sigma': 6.049550944527955, 'threshold': 10.0}",2,0.88
213,0.75,FINDER_1D_loop,3.0974740982055664,0.0,"{'sigma': 9.088837196002093, 'threshold': 10.0}",2,0.8
214,0.75,dbscan,0.015614986419677734,0.12,[],2,0.4
215,0.75,OPTICS,50.7551703453064,0.36,[],2,0.44
216,0.75,CAML_87B144,20.80385446548462,0.44,[],3,0.76
217,0.75,CAML_07VEJJ,15.451889753341675,1.12,[],3,0.28
218,0.75,FINDER_1D,4.0325164794921875,1.04,"{'sigma': 5.665766240293979, 'threshold': 10.0}",3,0.6
219,0.75,FINDER_1D_loop,3.2785847187042236,0.16,"{'sigma': 8.012849964131417, 'threshold': 10.0}",3,0.6
220,0.75,dbscan,0.015619039535522461,0.04,[],3,0.36
221,0.75,OPTICS,55.08238935470581,0.24,[],3,0.32
222,0.75,CAML_87B144,20.7845196723938,0.32,[],4,0.72
223,0.75,CAML_07VEJJ,16.067086458206177,1.04,[],4,0.44
224,0.75,FINDER_1D,3.1767213344573975,0.28,"{'sigma': 6.445246192392212, 'threshold': 10.0}",4,0.92
225,0.75,FINDER_1D_loop,2.9756879806518555,0.2,"{'sigma': 9.040164684362725, 'threshold': 10.0}",4,0.68
226,0.75,dbscan,0.015770673751831055,0.08,[],4,0.64
227,0.75,OPTICS,54.26454186439514,0.24,[],4,0.48
228,0.75,CAML_87B144,21.761910676956177,0.24,[],5,0.72
229,0.75,CAML_07VEJJ,16.42599320411682,0.96,[],5,0.52
230,0.75,FINDER_1D,2.9035446643829346,0.32,"{'sigma': 6.691868767995993, 'threshold': 10.0}",5,0.88
231,0.75,FINDER_1D_loop,2.535888910293579,0.04,"{'sigma': 9.491548806557317, 'threshold': 10.0}",5,0.84
232,0.75,dbscan,0.013878107070922852,0.0,[],5,0.76
233,0.75,OPTICS,42.91075038909912,0.28,[],5,0.64
234,0.75,CAML_87B144,22.829665422439575,0.32,[],6,0.72
235,0.75,CAML_07VEJJ,16.881312608718872,1.24,[],6,0.24
236,0.75,FINDER_1D,4.449357986450195,0.84,"{'sigma': 6.611372392783469, 'threshold': 10.0}",6,0.8
237,0.75,FINDER_1D_loop,3.392866611480713,0.16,"{'sigma': 8.5539213671747, 'threshold': 10.0}",6,0.6
238,0.75,dbscan,0.017481327056884766,0.0,[],6,0.44
239,0.75,OPTICS,61.05417585372925,0.2,[],6,0.48
240,0.75,CAML_87B144,21.80708074569702,0.16,[],7,0.8
241,0.75,CAML_07VEJJ,16.673959493637085,1.08,[],7,0.4
242,0.75,FINDER_1D,3.2992100715637207,0.56,"{'sigma': 6.357835743957713, 'threshold': 10.0}",7,0.84
243,0.75,FINDER_1D_loop,2.7910661697387695,0.08,"{'sigma': 9.358980846038726, 'threshold': 10.0}",7,0.8
244,0.75,dbscan,0.014574289321899414,0.0,[],7,0.56
245,0.75,OPTICS,44.527836322784424,0.16,[],7,0.48
246,0.75,CAML_87B144,23.289427518844604,0.24,[],8,0.8
247,0.75,CAML_07VEJJ,16.96616268157959,1.24,[],8,0.32
248,0.75,FINDER_1D,4.026451587677002,0.28,"{'sigma': 6.895005939847669, 'threshold': 10.0}",8,0.88
249,0.75,FINDER_1D_loop,3.2505595684051514,0.16,"{'sigma': 8.03712935904714, 'threshold': 10.0}",8,0.64
250,0.75,dbscan,0.015651941299438477,0.08,[],8,0.48
251,0.75,OPTICS,54.74532747268677,0.08,[],8,0.52
252,0.75,CAML_87B144,23.359666109085083,0.36,[],9,0.88
253,0.75,CAML_07VEJJ,18.07684326171875,1.0,[],9,0.32
254,0.75,FINDER_1D,4.308841228485107,0.36,"{'sigma': 5.95810403231481, 'threshold': 10.0}",9,0.96
255,0.75,FINDER_1D_loop,3.907634973526001,0.04,"{'sigma': 7.757044442868975, 'threshold': 10.0}",9,0.88
256,0.75,dbscan,0.02192974090576172,0.04,[],9,0.36
257,0.75,OPTICS,59.29504203796387,0.24,[],9,0.36
258,0.75,CAML_87B144,23.893970012664795,0.28,[],10,0.8
259,0.75,CAML_07VEJJ,18.13172173500061,1.48,[],10,0.2
260,0.75,FINDER_1D,4.340111255645752,0.72,"{'sigma': 6.53007282475246, 'threshold': 10.0}",10,0.84
261,0.75,FINDER_1D_loop,3.4881105422973633,0.12,"{'sigma': 8.802812682589607, 'threshold': 10.0}",10,0.72
262,0.75,dbscan,0.019961833953857422,0.0,[],10,0.12
263,0.75,OPTICS,51.559131145477295,0.24,[],10,0.32
