,algo,compute_time,false_positives_ratio,noise_ratio,results,seed,true_positives_ratio
0,CAML_87B144,12.609612226486206,0.12,0.0,[],0,1.0
1,CAML_07VEJJ,4.608969449996948,0.48,0.0,[],0,0.88
2,FINDER_1D,3.0704126358032227,0.16,0.0,"{'sigma': 8.645118052117791, 'threshold': 10.0}",0,0.92
3,FINDER_1D_loop,2.3791093826293945,0.08,0.0,"{'sigma': 12.552416566961655, 'threshold': 10.0}",0,0.92
4,dbscan,0.011733055114746094,0.0,0.0,[],0,1.0
5,OPTICS,23.389752626419067,0.16,0.0,[],0,0.84
6,CAML_87B144,8.056483507156372,0.08,0.0,[],1,1.0
7,CAML_07VEJJ,4.729264497756958,0.6,0.0,[],1,0.76
8,FINDER_1D,2.6272871494293213,0.0,0.0,"{'sigma': 9.72214046557451, 'threshold': 10.0}",1,1.0
9,FINDER_1D_loop,1.9134182929992676,0.0,0.0,"{'sigma': 10.676668100841708, 'threshold': 10.0}",1,0.84
10,dbscan,0.010585546493530273,0.0,0.0,[],1,1.0
11,OPTICS,20.430253744125366,0.16,0.0,[],1,0.84
12,CAML_87B144,9.861108541488647,0.16,0.0,[],2,1.0
13,CAML_07VEJJ,4.462647199630737,0.56,0.0,[],2,0.72
14,FINDER_1D,2.9867374897003174,0.0,0.0,"{'sigma': 8.42433064632664, 'threshold': 10.0}",2,1.0
15,FINDER_1D_loop,2.5845727920532227,0.0,0.0,"{'sigma': 11.18641816945077, 'threshold': 10.0}",2,0.92
16,dbscan,0.012630701065063477,0.0,0.0,[],2,1.0
17,OPTICS,26.8572678565979,0.28,0.0,[],2,0.76
18,CAML_87B144,9.38289999961853,0.08,0.0,[],3,1.0
19,CAML_07VEJJ,4.900126695632935,1.12,0.0,[],3,0.68
20,FINDER_1D,4.238451242446899,0.6,0.0,"{'sigma': 6.899918775032377, 'threshold': 10.0}",3,0.88
21,FINDER_1D_loop,2.8216328620910645,0.08,0.0,"{'sigma': 9.601375724121349, 'threshold': 10.0}",3,0.8
22,dbscan,0.012430667877197266,0.0,0.0,[],3,1.0
23,OPTICS,30.042561769485474,0.24,0.0,[],3,0.76
24,CAML_87B144,9.607910633087158,0.24,0.0,[],4,1.0
25,CAML_07VEJJ,5.102705717086792,0.56,0.0,[],4,0.72
26,FINDER_1D,2.825605869293213,0.2,0.0,"{'sigma': 8.94229926953525, 'threshold': 10.0}",4,0.96
27,FINDER_1D_loop,2.6071534156799316,0.0,0.0,"{'sigma': 9.847518889907699, 'threshold': 10.0}",4,0.88
28,dbscan,0.01289677619934082,0.0,0.0,[],4,1.0
29,OPTICS,27.931795597076416,0.2,0.0,[],4,0.8
30,CAML_87B144,9.794492244720459,0.04,0.0,[],5,1.0
31,CAML_07VEJJ,5.373256206512451,0.44,0.0,[],5,0.76
32,FINDER_1D,2.8572072982788086,0.0,0.0,"{'sigma': 10.311407371833468, 'threshold': 10.0}",5,1.0
33,FINDER_1D_loop,2.1076056957244873,0.08,0.0,"{'sigma': 12.587312546382728, 'threshold': 10.0}",5,0.92
34,dbscan,0.011730432510375977,0.0,0.0,[],5,1.0
35,OPTICS,22.733924865722656,0.24,0.0,[],5,0.8
36,CAML_87B144,11.405781030654907,0.04,0.0,[],6,1.0
37,CAML_07VEJJ,5.690464019775391,0.76,0.0,[],6,0.6
38,FINDER_1D,4.403800010681152,0.0,0.0,"{'sigma': 9.648827042118436, 'threshold': 10.0}",6,1.0
39,FINDER_1D_loop,2.6519968509674072,0.04,0.0,"{'sigma': 10.684249897318674, 'threshold': 10.0}",6,0.8
40,dbscan,0.01405787467956543,0.0,0.0,[],6,1.0
41,OPTICS,32.87687015533447,0.2,0.0,[],6,0.8
42,CAML_87B144,9.877094984054565,0.08,0.0,[],7,1.0
43,CAML_07VEJJ,6.327939987182617,0.64,0.0,[],7,0.8
44,FINDER_1D,2.9786195755004883,0.12,0.0,"{'sigma': 8.689642875400613, 'threshold': 10.0}",7,0.96
45,FINDER_1D_loop,2.382331609725952,0.0,0.0,"{'sigma': 11.388338974321554, 'threshold': 10.0}",7,0.92
46,dbscan,0.011702299118041992,0.0,0.0,[],7,1.0
47,OPTICS,22.77060604095459,0.32,0.0,[],7,0.72
48,CAML_87B144,10.873004674911499,0.08,0.0,[],8,1.0
49,CAML_07VEJJ,6.408808946609497,0.76,0.0,[],8,0.64
50,FINDER_1D,3.0776565074920654,0.0,0.0,"{'sigma': 9.46666014267605, 'threshold': 10.0}",8,1.0
51,FINDER_1D_loop,2.3848307132720947,0.0,0.0,"{'sigma': 10.31885483842204, 'threshold': 10.0}",8,0.84
52,dbscan,0.012832880020141602,0.0,0.0,[],8,1.0
53,OPTICS,29.03603959083557,0.12,0.0,[],8,0.88
54,CAML_87B144,12.724783658981323,0.08,0.0,[],9,1.0
55,CAML_07VEJJ,7.747298002243042,0.92,0.0,[],9,0.64
56,FINDER_1D,3.3873789310455322,0.32,0.0,"{'sigma': 6.163326257926394, 'threshold': 10.0}",9,0.96
57,FINDER_1D_loop,3.092738389968872,0.0,0.0,"{'sigma': 9.173193609867255, 'threshold': 10.0}",9,0.96
58,dbscan,0.016736268997192383,0.0,0.0,[],9,1.0
59,OPTICS,37.90985631942749,0.44,0.0,[],9,0.68
60,CAML_87B144,12.409444332122803,0.12,0.0,[],10,1.0
61,CAML_07VEJJ,7.6884825229644775,1.28,0.0,[],10,0.56
62,FINDER_1D,4.4128098487854,0.0,0.0,"{'sigma': 8.541822909323306, 'threshold': 10.0}",10,1.0
63,FINDER_1D_loop,3.156297445297241,0.0,0.0,"{'sigma': 11.175587556260062, 'threshold': 10.0}",10,0.96
64,dbscan,0.014197111129760742,0.0,0.0,[],10,1.0
65,OPTICS,33.76862287521362,0.28,0.0,[],10,0.8
66,CAML_87B144,13.838564157485962,0.08,0.5,[],0,1.0
67,CAML_07VEJJ,7.785116195678711,0.76,0.5,[],0,0.68
68,FINDER_1D,4.655820846557617,0.16,0.5,"{'sigma': 8.11580861800461, 'threshold': 10.0}",0,0.96
69,FINDER_1D_loop,4.151683330535889,0.0,0.5,"{'sigma': 14.762140362224216, 'threshold': 10.0}",0,1.0
70,dbscan,0.01826167106628418,0.04,0.5,[],0,1.0
71,OPTICS,37.946250677108765,0.28,0.5,[],0,0.72
72,CAML_87B144,13.394243955612183,0.0,0.5,[],1,1.0
73,CAML_07VEJJ,8.190948724746704,0.72,0.5,[],1,0.64
74,FINDER_1D,3.70007586479187,0.04,0.5,"{'sigma': 10.850148143536973, 'threshold': 10.0}",1,1.0
75,FINDER_1D_loop,3.727078437805176,0.0,0.5,"{'sigma': 13.782192941991159, 'threshold': 10.0}",1,1.0
76,dbscan,0.014086246490478516,0.0,0.5,[],1,1.0
77,OPTICS,39.77499747276306,0.16,0.5,[],1,0.84
78,CAML_87B144,15.21779465675354,0.12,0.5,[],2,1.0
79,CAML_07VEJJ,8.882064819335938,1.0,0.5,[],2,0.6
80,FINDER_1D,4.8640217781066895,0.08,0.5,"{'sigma': 8.830175572497014, 'threshold': 10.0}",2,1.0
81,FINDER_1D_loop,4.579876184463501,0.0,0.5,"{'sigma': 12.672936857322247, 'threshold': 10.0}",2,1.0
82,dbscan,0.019209623336791992,0.08,0.5,[],2,1.0
83,OPTICS,42.79299712181091,0.28,0.5,[],2,0.76
84,CAML_87B144,17.015317916870117,0.08,0.5,[],3,1.0
85,CAML_07VEJJ,9.025217533111572,1.24,0.5,[],3,0.44
86,FINDER_1D,5.047727108001709,0.0,0.5,"{'sigma': 10.547989017589195, 'threshold': 10.0}",3,1.0
87,FINDER_1D_loop,5.116647005081177,0.0,0.5,"{'sigma': 13.15504175938046, 'threshold': 10.0}",3,1.0
88,dbscan,0.019646167755126953,0.0,0.5,[],3,1.0
89,OPTICS,46.02546453475952,0.12,0.5,[],3,0.84
90,CAML_87B144,16.007086277008057,0.2,0.5,[],4,0.96
91,CAML_07VEJJ,9.455617189407349,0.72,0.5,[],4,0.68
92,FINDER_1D,4.739419460296631,0.12,0.5,"{'sigma': 8.73519067355674, 'threshold': 10.0}",4,1.0
93,FINDER_1D_loop,5.063772201538086,0.0,0.5,"{'sigma': 12.61977045587986, 'threshold': 10.0}",4,1.0
94,dbscan,0.01959061622619629,0.0,0.5,[],4,1.0
95,OPTICS,44.41837430000305,0.16,0.5,[],4,0.84
96,CAML_87B144,15.141940355300903,0.08,0.5,[],5,1.0
97,CAML_07VEJJ,9.261586666107178,0.6,0.5,[],5,0.72
98,FINDER_1D,3.922207832336426,0.0,0.5,"{'sigma': 10.088444142489132, 'threshold': 10.0}",5,1.0
99,FINDER_1D_loop,3.9855992794036865,0.0,0.5,"{'sigma': 14.68258001936492, 'threshold': 10.0}",5,1.0
100,dbscan,0.01779627799987793,0.0,0.5,[],5,1.0
101,OPTICS,35.453197956085205,0.24,0.5,[],5,0.8
102,CAML_87B144,18.24940538406372,0.2,0.5,[],6,0.96
103,CAML_07VEJJ,10.007382869720459,1.16,0.5,[],6,0.44
104,FINDER_1D,5.417782306671143,0.04,0.5,"{'sigma': 9.310406219851254, 'threshold': 10.0}",6,1.0
105,FINDER_1D_loop,5.327799081802368,0.0,0.5,"{'sigma': 13.472405065494424, 'threshold': 10.0}",6,1.0
106,dbscan,0.021209001541137695,0.0,0.5,[],6,1.0
107,OPTICS,51.73014450073242,0.2,0.5,[],6,0.8
108,CAML_87B144,16.084312677383423,0.0,0.5,[],7,1.0
109,CAML_07VEJJ,10.187716960906982,0.88,0.5,[],7,0.68
110,FINDER_1D,4.571314811706543,0.0,0.5,"{'sigma': 9.285122088171105, 'threshold': 10.0}",7,1.0
111,FINDER_1D_loop,4.320732831954956,0.0,0.5,"{'sigma': 14.922923029215452, 'threshold': 10.0}",7,1.0
112,dbscan,0.017796993255615234,0.0,0.5,[],7,1.0
113,OPTICS,38.03011083602905,0.2,0.5,[],7,0.84
114,CAML_87B144,17.088499546051025,0.04,0.5,[],8,1.0
115,CAML_07VEJJ,10.87178373336792,1.0,0.5,[],8,0.56
116,FINDER_1D,5.011894941329956,0.04,0.5,"{'sigma': 9.226569411792894, 'threshold': 10.0}",8,1.0
117,FINDER_1D_loop,4.795765399932861,0.08,0.5,"{'sigma': 11.599899650362433, 'threshold': 10.0}",8,0.92
118,dbscan,0.01968073844909668,0.0,0.5,[],8,1.0
119,OPTICS,44.99822425842285,0.16,0.5,[],8,0.84
120,CAML_87B144,18.943435430526733,0.04,0.5,[],9,1.0
121,CAML_07VEJJ,10.76742434501648,1.28,0.5,[],9,0.36
122,FINDER_1D,5.24642014503479,0.0,0.5,"{'sigma': 8.124830459960394, 'threshold': 10.0}",9,1.0
123,FINDER_1D_loop,5.862401247024536,0.0,0.5,"{'sigma': 10.37483638102888, 'threshold': 10.0}",9,1.0
124,dbscan,0.0252077579498291,0.0,0.5,[],9,1.0
125,OPTICS,57.9644079208374,0.4,0.5,[],9,0.68
126,CAML_87B144,18.757556915283203,0.16,0.5,[],10,1.0
127,CAML_07VEJJ,11.097164630889893,1.4,0.5,[],10,0.4
128,FINDER_1D,6.09608006477356,0.08,0.5,"{'sigma': 8.962684969436248, 'threshold': 10.0}",10,1.0
129,FINDER_1D_loop,5.516684055328369,0.0,0.5,"{'sigma': 11.237677226494336, 'threshold': 10.0}",10,1.0
130,dbscan,0.02198338508605957,0.08,0.5,[],10,1.0
131,OPTICS,58.71905016899109,0.48,0.5,[],10,0.6
132,CAML_87B144,21.154004096984863,0.12,1.0,[],0,0.96
133,CAML_07VEJJ,11.474438905715942,0.8,1.0,[],0,0.6
134,FINDER_1D,7.192641973495483,0.52,1.0,"{'sigma': 7.7729241605510815, 'threshold': 10.0}",0,0.92
135,FINDER_1D_loop,6.4923036098480225,0.04,1.0,"{'sigma': 11.61201297817051, 'threshold': 10.0}",0,0.92
136,dbscan,0.023088693618774414,0.28,1.0,[],0,1.0
137,OPTICS,63.689109802246094,0.2,1.0,[],0,0.56
138,CAML_87B144,20.531505346298218,0.08,1.0,[],1,0.96
139,CAML_07VEJJ,11.920900583267212,0.76,1.0,[],1,0.6
140,FINDER_1D,6.412299871444702,0.92,1.0,"{'sigma': 13.514696925614743, 'threshold': 10.0}",1,1.0
141,FINDER_1D_loop,5.656550884246826,0.0,1.0,"{'sigma': 13.514696925614743, 'threshold': 10.0}",1,1.0
142,dbscan,0.02055072784423828,0.08,1.0,[],1,1.0
143,OPTICS,52.808258056640625,0.12,1.0,[],1,0.72
144,CAML_87B144,22.576231718063354,0.08,1.0,[],2,0.96
145,CAML_07VEJJ,12.351435422897339,1.52,1.0,[],2,0.44
146,FINDER_1D,8.595309257507324,0.6,1.0,"{'sigma': 11.263635799653608, 'threshold': 10.0}",2,1.0
147,FINDER_1D_loop,6.585760831832886,0.0,1.0,"{'sigma': 12.457073604963169, 'threshold': 10.0}",2,1.0
148,dbscan,0.02463364601135254,0.48,1.0,[],2,1.0
149,OPTICS,72.51762652397156,0.28,1.0,[],2,0.64
150,CAML_87B144,22.1747145652771,0.04,1.0,[],3,1.0
151,CAML_07VEJJ,12.886228799819946,1.04,1.0,[],3,0.44
152,FINDER_1D,8.417400598526001,0.48,1.0,"{'sigma': 7.319259372745535, 'threshold': 10.0}",3,0.96
153,FINDER_1D_loop,7.403512477874756,0.0,1.0,"{'sigma': 10.558994964598703, 'threshold': 10.0}",3,0.96
154,dbscan,0.0253298282623291,0.2,1.0,[],3,1.0
155,OPTICS,75.73458480834961,0.12,1.0,[],3,0.44
156,CAML_87B144,22.183059453964233,0.16,1.0,[],4,0.96
157,CAML_07VEJJ,13.268158912658691,1.0,1.0,[],4,0.56
158,FINDER_1D,7.590800046920776,0.48,1.0,"{'sigma': 11.09590092639636, 'threshold': 10.0}",4,1.0
159,FINDER_1D_loop,6.9857683181762695,0.0,1.0,"{'sigma': 10.010665887400272, 'threshold': 10.0}",4,0.96
160,dbscan,0.025075674057006836,0.16,1.0,[],4,1.0
161,OPTICS,75.36739611625671,0.24,1.0,[],4,0.64
162,CAML_87B144,21.12952184677124,0.12,1.0,[],5,1.0
163,CAML_07VEJJ,13.22816514968872,0.68,1.0,[],5,0.68
164,FINDER_1D,6.44233775138855,0.76,1.0,"{'sigma': 13.00731110911934, 'threshold': 10.0}",5,1.0
165,FINDER_1D_loop,5.682528257369995,0.0,1.0,"{'sigma': 10.56449796094618, 'threshold': 10.0}",5,0.92
166,dbscan,0.022136211395263672,0.08,1.0,[],5,1.0
167,OPTICS,59.13610649108887,0.24,1.0,[],5,0.76
168,CAML_87B144,23.826802730560303,0.2,1.0,[],6,0.92
169,CAML_07VEJJ,13.759290218353271,1.4,1.0,[],6,0.36
170,FINDER_1D,10.566423416137695,0.96,1.0,"{'sigma': 11.734757846824982, 'threshold': 10.0}",6,1.0
171,FINDER_1D_loop,8.294665813446045,0.0,1.0,"{'sigma': 12.982829791631776, 'threshold': 10.0}",6,1.0
172,dbscan,0.027256250381469727,0.68,1.0,[],6,1.0
173,OPTICS,85.8516914844513,0.36,1.0,[],6,0.44
174,CAML_87B144,23.49923586845398,0.2,1.0,[],7,1.0
175,CAML_07VEJJ,13.634239196777344,1.04,1.0,[],7,0.52
176,FINDER_1D,7.04682993888855,0.12,1.0,"{'sigma': 8.841978819700518, 'threshold': 10.0}",7,1.0
177,FINDER_1D_loop,6.659679174423218,0.0,1.0,"{'sigma': 11.865136462383978, 'threshold': 10.0}",7,1.0
178,dbscan,0.023076534271240234,0.24,1.0,[],7,1.0
179,OPTICS,63.45101976394653,0.08,1.0,[],7,0.8
180,CAML_87B144,24.220903873443604,0.2,1.0,[],8,0.96
181,CAML_07VEJJ,14.225801944732666,1.24,1.0,[],8,0.44
182,FINDER_1D,8.20053243637085,1.24,1.0,"{'sigma': 12.558749617914112, 'threshold': 10.0}",8,1.0
183,FINDER_1D_loop,7.008601188659668,0.0,1.0,"{'sigma': 11.41173134731085, 'threshold': 10.0}",8,0.92
184,dbscan,0.02482151985168457,0.28,1.0,[],8,1.0
185,OPTICS,74.68464779853821,0.28,1.0,[],8,0.56
186,CAML_87B144,25.588610410690308,0.12,1.0,[],9,1.0
187,CAML_07VEJJ,15.376417875289917,1.4,1.0,[],9,0.32
188,FINDER_1D,10.303673505783081,0.92,1.0,"{'sigma': 11.436521768093534, 'threshold': 10.0}",9,1.0
189,FINDER_1D_loop,8.22804880142212,0.04,1.0,"{'sigma': 9.347714474935705, 'threshold': 10.0}",9,0.96
190,dbscan,0.030375957489013672,0.44,1.0,[],9,1.0
191,OPTICS,97.89605379104614,0.48,1.0,[],9,0.52
192,CAML_87B144,25.499671459197998,0.16,1.0,[],10,1.0
193,CAML_07VEJJ,15.306192398071289,1.6,1.0,[],10,0.28
194,FINDER_1D,12.327077627182007,1.2,1.0,"{'sigma': 12.066337634024352, 'threshold': 10.0}",10,1.0
195,FINDER_1D_loop,8.733603239059448,0.0,1.0,"{'sigma': 10.987835947236801, 'threshold': 10.0}",10,1.0
196,dbscan,0.02811574935913086,0.4,1.0,[],10,1.0
197,OPTICS,87.29372572898865,0.36,1.0,[],10,0.44
198,CAML_87B144,28.1756112575531,0.36,1.5,[],0,0.92
199,CAML_07VEJJ,16.076974153518677,1.16,1.5,[],0,0.44
200,FINDER_1D,13.999752283096313,1.2,1.5,"{'sigma': 9.668405970480858, 'threshold': 10.0}",0,1.0
201,FINDER_1D_loop,9.061038970947266,0.08,1.5,"{'sigma': 11.490088148322418, 'threshold': 10.0}",0,1.0
202,dbscan,0.029005765914916992,1.12,1.5,[],0,1.0
203,OPTICS,96.013925075531,0.24,1.5,[],0,0.36
204,CAML_87B144,25.52583622932434,0.4,1.5,[],1,0.96
205,CAML_07VEJJ,15.722900629043579,1.24,1.5,[],1,0.56
206,FINDER_1D,12.405308246612549,1.16,1.5,"{'sigma': 11.090311505099079, 'threshold': 10.0}",1,1.0
207,FINDER_1D_loop,7.677314043045044,0.04,1.5,"{'sigma': 11.090311505099079, 'threshold': 10.0}",1,0.96
208,dbscan,0.02550482749938965,0.52,1.5,[],1,1.0
209,OPTICS,78.98718571662903,0.4,1.5,[],1,0.44
210,CAML_87B144,28.440404891967773,0.2,1.5,[],2,1.0
211,CAML_07VEJJ,16.6712863445282,1.48,1.5,[],2,0.44
212,FINDER_1D,15.186469793319702,1.92,1.5,"{'sigma': 10.222052735551987, 'threshold': 10.0}",2,1.0
213,FINDER_1D_loop,9.445194959640503,0.0,1.5,"{'sigma': 11.145659347563873, 'threshold': 10.0}",2,1.0
214,dbscan,0.032729148864746094,1.56,1.5,[],2,1.0
215,OPTICS,107.90908694267273,0.28,1.5,[],2,0.4
216,CAML_87B144,28.60725712776184,0.32,1.5,[],3,0.96
217,CAML_07VEJJ,16.35518217086792,1.32,1.5,[],3,0.28
218,FINDER_1D,19.10651159286499,2.4,1.5,"{'sigma': 10.480807170153692, 'threshold': 10.0}",3,1.0
219,FINDER_1D_loop,10.38249921798706,0.04,1.5,"{'sigma': 10.480807170153692, 'threshold': 10.0}",3,0.96
220,dbscan,0.03192019462585449,1.84,1.5,[],3,1.0
221,OPTICS,114.08838200569153,0.44,1.5,[],3,0.08
222,CAML_87B144,30.470662355422974,0.4,1.5,[],4,0.92
223,CAML_07VEJJ,17.512896060943604,1.28,1.5,[],4,0.44
224,FINDER_1D,18.732471466064453,1.96,1.5,"{'sigma': 10.189586977116946, 'threshold': 10.0}",4,1.0
225,FINDER_1D_loop,9.118645906448364,0.04,1.5,"{'sigma': 10.189586977116946, 'threshold': 10.0}",4,0.96
226,dbscan,0.03159046173095703,1.8,1.5,[],4,1.0
227,OPTICS,112.36688089370728,0.32,1.5,[],4,0.32
228,CAML_87B144,27.699196100234985,0.28,1.5,[],5,1.0
229,CAML_07VEJJ,17.370879411697388,0.92,1.5,[],5,0.52
230,FINDER_1D,12.065746545791626,1.6,1.5,"{'sigma': 10.729815391887083, 'threshold': 10.0}",5,1.0
231,FINDER_1D_loop,7.852795124053955,0.0,1.5,"{'sigma': 10.729815391887083, 'threshold': 10.0}",5,1.0
232,dbscan,0.027805328369140625,1.28,1.5,[],5,1.0
233,OPTICS,90.26263761520386,0.2,1.5,[],5,0.52
234,CAML_87B144,32.7708523273468,0.48,1.5,[],6,0.92
235,CAML_07VEJJ,18.043358325958252,1.8,1.5,[],6,0.16
236,FINDER_1D,22.881741046905518,1.96,1.5,"{'sigma': 9.70639002812464, 'threshold': 10.0}",6,1.0
237,FINDER_1D_loop,10.51711130142212,0.2,1.5,"{'sigma': 12.601925833601475, 'threshold': 10.0}",6,1.0
238,dbscan,0.038370370864868164,1.92,1.5,[],6,1.0
239,OPTICS,102.84016537666321,0.32,1.5,[],6,0.36
240,CAML_87B144,30.529313325881958,0.2,1.5,[],7,1.0
241,CAML_07VEJJ,18.07583451271057,1.4,1.5,[],7,0.36
242,FINDER_1D,16.199385166168213,1.4,1.5,"{'sigma': 10.745993293180957, 'threshold': 10.0}",7,1.0
243,FINDER_1D_loop,9.060509443283081,0.04,1.5,"{'sigma': 10.745993293180957, 'threshold': 10.0}",7,0.96
244,dbscan,0.0317997932434082,0.96,1.5,[],7,1.0
245,OPTICS,98.36271572113037,0.24,1.5,[],7,0.32
246,CAML_87B144,30.165127515792847,0.44,1.5,[],8,0.88
247,CAML_07VEJJ,18.32300639152527,1.28,1.5,[],8,0.28
248,FINDER_1D,14.473691463470459,1.84,1.5,"{'sigma': 11.30426947984072, 'threshold': 10.0}",8,1.0
249,FINDER_1D_loop,9.888941049575806,0.08,1.5,"{'sigma': 11.30426947984072, 'threshold': 10.0}",8,1.0
250,dbscan,0.031032562255859375,1.32,1.5,[],8,1.0
251,OPTICS,111.25404119491577,0.28,1.5,[],8,0.48
252,CAML_87B144,32.31044363975525,0.28,1.5,[],9,1.0
253,CAML_07VEJJ,19.774210214614868,1.4,1.5,[],9,0.28
254,FINDER_1D,21.55917263031006,1.96,1.5,"{'sigma': 9.484017000707926, 'threshold': 10.0}",9,1.0
255,FINDER_1D_loop,12.07149362564087,0.04,1.5,"{'sigma': 8.695292247528613, 'threshold': 10.0}",9,0.96
256,dbscan,0.042198896408081055,2.12,1.5,[],9,1.0
257,OPTICS,115.00655579566956,0.32,1.5,[],9,0.32
258,CAML_87B144,32.76772999763489,0.28,1.5,[],10,1.0
259,CAML_07VEJJ,19.626396656036377,1.64,1.5,[],10,0.16
260,FINDER_1D,27.414976596832275,2.64,1.5,"{'sigma': 9.982709505855725, 'threshold': 10.0}",10,1.0
261,FINDER_1D_loop,11.66327452659607,0.0,1.5,"{'sigma': 9.982709505855725, 'threshold': 10.0}",10,1.0
262,dbscan,0.0396580696105957,2.64,1.5,[],10,1.0
263,OPTICS,107.09183049201965,0.4,1.5,[],10,0.44
264,CAML_87B144,35.141300439834595,0.68,2.0,[],0,0.96
265,CAML_07VEJJ,19.874021768569946,1.72,2.0,[],0,0.28
266,FINDER_1D,25.083689212799072,2.88,2.0,"{'sigma': 9.864405571248826, 'threshold': 10.0}",0,1.0
267,FINDER_1D_loop,12.238675355911255,0.08,2.0,"{'sigma': 9.864405571248826, 'threshold': 10.0}",0,0.96
268,dbscan,0.03884696960449219,3.08,2.0,[],0,0.96
269,OPTICS,107.12720036506653,0.44,2.0,[],0,0.2
270,CAML_87B144,31.61493158340454,0.24,2.0,[],1,0.96
271,CAML_07VEJJ,19.791454792022705,1.6,2.0,[],1,0.28
272,FINDER_1D,18.18463373184204,2.48,2.0,"{'sigma': 10.346927050097422, 'threshold': 10.0}",1,1.0
273,FINDER_1D_loop,9.357159614562988,0.0,2.0,"{'sigma': 10.346927050097422, 'threshold': 10.0}",1,0.92
274,dbscan,0.031116485595703125,2.32,2.0,[],1,1.0
275,OPTICS,111.44941067695618,0.36,2.0,[],1,0.28
276,CAML_87B144,34.35921096801758,0.6,2.0,[],2,1.0
277,CAML_07VEJJ,20.73093557357788,1.84,2.0,[],2,0.24
278,FINDER_1D,30.18559455871582,2.76,2.0,"{'sigma': 8.88995506554716, 'threshold': 10.0}",2,1.0
279,FINDER_1D_loop,12.372363567352295,0.0,2.0,"{'sigma': 8.88995506554716, 'threshold': 10.0}",2,0.96
280,dbscan,0.042906999588012695,3.0,2.0,[],2,1.0
281,OPTICS,120.79876136779785,0.44,2.0,[],2,0.28
282,CAML_87B144,38.110228538513184,0.4,2.0,[],3,1.0
283,CAML_07VEJJ,21.252131700515747,1.8,2.0,[],3,0.2
284,FINDER_1D,40.065078258514404,2.8,2.0,"{'sigma': 9.099447998638148, 'threshold': 10.0}",3,1.0
285,FINDER_1D_loop,13.31380295753479,0.16,2.0,"{'sigma': 8.492987692002226, 'threshold': 10.0}",3,0.84
286,dbscan,0.043457984924316406,2.8,2.0,[],3,1.0
287,OPTICS,127.1899983882904,0.36,2.0,[],3,0.16
288,CAML_87B144,35.705729961395264,0.28,2.0,[],4,1.0
289,CAML_07VEJJ,21.562098264694214,1.28,2.0,[],4,0.36
290,FINDER_1D,28.90503454208374,3.24,2.0,"{'sigma': 9.478565956221802, 'threshold': 10.0}",4,1.0
291,FINDER_1D_loop,12.431612491607666,0.04,2.0,"{'sigma': 8.78553216163962, 'threshold': 10.0}",4,0.92
292,dbscan,0.04375314712524414,2.92,2.0,[],4,0.96
293,OPTICS,124.10426068305969,0.44,2.0,[],4,0.2
294,CAML_87B144,33.906978368759155,0.6,2.0,[],5,0.96
295,CAML_07VEJJ,21.445603132247925,1.48,2.0,[],5,0.32
296,FINDER_1D,25.755478858947754,3.12,2.0,"{'sigma': 9.956715063805374, 'threshold': 10.0}",5,1.0
297,FINDER_1D_loop,10.0867760181427,0.16,2.0,"{'sigma': 9.956715063805374, 'threshold': 10.0}",5,0.92
298,dbscan,0.03777909278869629,3.16,2.0,[],5,1.0
299,OPTICS,100.62660264968872,0.44,2.0,[],5,0.28
300,CAML_87B144,37.873056411743164,1.0,2.0,[],6,1.0
301,CAML_07VEJJ,22.16316294670105,1.72,2.0,[],6,0.16
302,FINDER_1D,43.82359075546265,3.84,2.0,"{'sigma': 9.028871305421717, 'threshold': 10.0}",6,1.0
303,FINDER_1D_loop,14.056299686431885,0.12,2.0,"{'sigma': 9.73937679353084, 'threshold': 10.0}",6,0.96
304,dbscan,0.048900604248046875,2.92,2.0,[],6,0.96
305,OPTICS,143.1786425113678,0.6,2.0,[],6,0.16
306,CAML_87B144,37.40341854095459,0.44,2.0,[],7,1.0
307,CAML_07VEJJ,22.874552488327026,1.16,2.0,[],7,0.36
308,FINDER_1D,26.45340895652771,2.32,2.0,"{'sigma': 9.317601304722585, 'threshold': 10.0}",7,1.0
309,FINDER_1D_loop,10.864783763885498,0.04,2.0,"{'sigma': 10.029684106606059, 'threshold': 10.0}",7,0.96
310,dbscan,0.03845334053039551,2.6,2.0,[],7,1.0
311,OPTICS,105.90185070037842,0.48,2.0,[],7,0.28
312,CAML_87B144,39.472466468811035,0.52,2.0,[],8,0.92
313,CAML_07VEJJ,22.9960515499115,1.92,2.0,[],8,0.12
314,FINDER_1D,28.4418842792511,3.28,2.0,"{'sigma': 8.959695795380792, 'threshold': 10.0}",8,1.0
315,FINDER_1D_loop,12.100913047790527,0.12,2.0,"{'sigma': 10.406101429952436, 'threshold': 10.0}",8,1.0
316,dbscan,0.04401564598083496,3.04,2.0,[],8,1.0
317,OPTICS,126.01194047927856,0.32,2.0,[],8,0.36
318,CAML_87B144,39.58981800079346,0.56,2.0,[],9,1.0
319,CAML_07VEJJ,23.67066502571106,1.64,2.0,[],9,0.12
320,FINDER_1D,46.422348976135254,3.76,2.0,"{'sigma': 8.20368937767992, 'threshold': 10.0}",9,1.0
321,FINDER_1D_loop,16.532392740249634,0.08,2.0,"{'sigma': 8.846068723786274, 'threshold': 10.0}",9,1.0
322,dbscan,0.051491498947143555,1.88,2.0,[],9,0.8
323,OPTICS,161.66903352737427,0.44,2.0,[],9,0.12
324,CAML_87B144,39.73693513870239,0.48,2.0,[],10,1.0
325,CAML_07VEJJ,23.673900842666626,2.32,2.0,[],10,0.08
326,FINDER_1D,50.46047234535217,3.48,2.0,"{'sigma': 8.612812391321505, 'threshold': 10.0}",10,1.0
327,FINDER_1D_loop,15.499059677124023,0.04,2.0,"{'sigma': 9.2429180899419, 'threshold': 10.0}",10,1.0
328,dbscan,0.048731088638305664,2.36,2.0,[],10,0.84
329,OPTICS,149.88294458389282,0.4,2.0,[],10,0.2
