,N_clusters,algo,compute_time,false_positives_ratio,results,seed,true_positives_ratio
0,10,CAML_87B144,6.404296398162842,0.0,[],0,0.0
1,10,CAML_07VEJJ,2.0092358589172363,0.1,[],0,0.8
2,10,FINDER_1D,0.13810992240905762,0.0,"{'sigma': 57.687745425363005, 'threshold': 10.0}",0,0.9
3,10,FINDER_1D_loop,0.18578600883483887,0.0,"{'sigma': 65.25760001633486, 'threshold': 10.0}",0,0.7
4,10,dbscan,0.0015163421630859375,0.0,[],0,0.0
5,10,OPTICS,1.002678394317627,0.0,[],0,0.6
6,10,CAML_87B144,2.84599232673645,0.1,[],1,0.1
7,10,CAML_07VEJJ,2.3361072540283203,0.2,[],1,0.9
8,10,FINDER_1D,0.14916443824768066,0.0,"{'sigma': 75.81174093214396, 'threshold': 10.0}",1,0.8
9,10,FINDER_1D_loop,0.19666743278503418,0.0,"{'sigma': 85.28767331569308, 'threshold': 10.0}",1,0.8
10,10,dbscan,0.001354217529296875,0.0,[],1,0.0
11,10,OPTICS,0.8654546737670898,0.0,[],1,0.6
12,10,CAML_87B144,2.5991897583007812,0.0,[],2,0.0
13,10,CAML_07VEJJ,2.4947097301483154,0.3,[],2,0.9
14,10,FINDER_1D,0.11328291893005371,0.0,"{'sigma': 46.63699517977789, 'threshold': 10.0}",2,0.8
15,10,FINDER_1D_loop,0.1803760528564453,0.0,"{'sigma': 79.88948722512382, 'threshold': 10.0}",2,0.7
16,10,dbscan,0.001528024673461914,0.0,[],2,0.0
17,10,OPTICS,0.9451947212219238,0.0,[],2,0.4
18,10,CAML_87B144,2.889139175415039,0.0,[],3,0.0
19,10,CAML_07VEJJ,2.8283820152282715,0.0,[],3,0.9
20,10,FINDER_1D,0.13367056846618652,0.1,"{'sigma': 72.12718892606983, 'threshold': 10.0}",3,0.9
21,10,FINDER_1D_loop,0.1911144256591797,0.0,"{'sigma': 81.04631503273424, 'threshold': 10.0}",3,0.8
22,10,dbscan,0.0014264583587646484,0.0,[],3,0.0
23,10,OPTICS,0.7404897212982178,0.0,[],3,0.6
24,10,CAML_87B144,3.5957067012786865,0.0,[],4,0.1
25,10,CAML_07VEJJ,3.070488214492798,0.0,[],4,0.7
26,10,FINDER_1D,0.14278697967529297,0.1,"{'sigma': 57.32435102874131, 'threshold': 10.0}",4,0.8
27,10,FINDER_1D_loop,0.21097660064697266,0.0,"{'sigma': 82.4233642283786, 'threshold': 10.0}",4,0.7
28,10,dbscan,0.0014958381652832031,0.0,[],4,0.0
29,10,OPTICS,0.845482587814331,0.0,[],4,0.5
30,10,CAML_87B144,3.9597015380859375,0.1,[],5,0.2
31,10,CAML_07VEJJ,3.247952699661255,0.3,[],5,0.9
32,10,FINDER_1D,0.15327763557434082,0.0,"{'sigma': 50.81356598592789, 'threshold': 10.0}",5,0.9
33,10,FINDER_1D_loop,0.17973113059997559,0.0,"{'sigma': 64.32181710738729, 'threshold': 10.0}",5,0.7
34,10,dbscan,0.0015323162078857422,0.0,[],5,0.0
35,10,OPTICS,0.8134102821350098,0.0,[],5,0.6
36,10,CAML_87B144,4.290360450744629,0.0,[],6,0.1
37,10,CAML_07VEJJ,3.8842923641204834,0.1,[],6,0.8
38,10,FINDER_1D,0.1636354923248291,0.1,"{'sigma': 61.71588715177385, 'threshold': 10.0}",6,0.9
39,10,FINDER_1D_loop,0.18978428840637207,0.0,"{'sigma': 76.48668268678058, 'threshold': 10.0}",6,0.8
40,10,dbscan,0.0013654232025146484,0.0,[],6,0.0
41,10,OPTICS,0.724644660949707,0.0,[],6,0.7
42,10,CAML_87B144,4.68363356590271,0.0,[],7,0.1
43,10,CAML_07VEJJ,4.238799095153809,0.4,[],7,0.8
44,10,FINDER_1D,0.12314534187316895,0.0,"{'sigma': 60.42136006652082, 'threshold': 10.0}",7,0.8
45,10,FINDER_1D_loop,0.17390751838684082,0.0,"{'sigma': 88.400855688698, 'threshold': 10.0}",7,0.6
46,10,dbscan,0.0016090869903564453,0.0,[],7,0.0
47,10,OPTICS,1.0967786312103271,0.0,[],7,0.3
48,10,CAML_87B144,4.4842588901519775,0.0,[],8,0.0
49,10,CAML_07VEJJ,4.3601484298706055,0.2,[],8,0.9
50,10,FINDER_1D,0.13300371170043945,0.1,"{'sigma': 72.33103073495914, 'threshold': 10.0}",8,0.7
51,10,FINDER_1D_loop,0.15343785285949707,0.1,"{'sigma': 115.4283543075885, 'threshold': 10.0}",8,0.5
52,10,dbscan,0.0015053749084472656,0.0,[],8,0.0
53,10,OPTICS,0.4948728084564209,0.0,[],8,0.4
54,10,CAML_87B144,5.079335927963257,0.0,[],9,0.0
55,10,CAML_07VEJJ,4.796591520309448,0.1,[],9,1.0
56,10,FINDER_1D,0.17293548583984375,0.1,"{'sigma': 72.38113243938494, 'threshold': 10.0}",9,1.0
57,10,FINDER_1D_loop,0.1959235668182373,0.0,"{'sigma': 72.38113243938494, 'threshold': 10.0}",9,1.0
58,10,dbscan,0.0014064311981201172,0.0,[],9,0.0
59,10,OPTICS,1.1078150272369385,0.0,[],9,0.7
60,10,CAML_87B144,5.666419982910156,0.0,[],10,0.1
61,10,CAML_07VEJJ,5.095919609069824,0.2,[],10,0.7
62,10,FINDER_1D,0.13170313835144043,0.0,"{'sigma': 52.308823390841006, 'threshold': 10.0}",10,0.9
63,10,FINDER_1D_loop,0.18174338340759277,0.0,"{'sigma': 94.91888428356832, 'threshold': 10.0}",10,0.7
64,10,dbscan,0.0013475418090820312,0.0,[],10,0.0
65,10,OPTICS,0.9159972667694092,0.0,[],10,0.5
66,15,CAML_87B144,6.24139404296875,0.0,[],0,0.0
67,15,CAML_07VEJJ,5.568862199783325,0.0,[],0,0.7333333333333333
68,15,FINDER_1D,0.3230147361755371,0.0,"{'sigma': 47.20170660580061, 'threshold': 10.0}",0,0.8666666666666667
69,15,FINDER_1D_loop,0.38041019439697266,0.0,"{'sigma': 87.70297404207463, 'threshold': 10.0}",0,0.5333333333333333
70,15,dbscan,0.0019683837890625,0.0,[],0,0.0
71,15,OPTICS,1.7229337692260742,0.0,[],0,0.4666666666666667
72,15,CAML_87B144,6.794234752655029,0.06666666666666667,[],1,0.06666666666666667
73,15,CAML_07VEJJ,5.910883188247681,0.2,[],1,0.8
74,15,FINDER_1D,0.21067190170288086,0.0,"{'sigma': 63.141428730686556, 'threshold': 10.0}",1,0.7333333333333333
75,15,FINDER_1D_loop,0.24135327339172363,0.0,"{'sigma': 78.66812873748033, 'threshold': 10.0}",1,0.4666666666666667
76,15,dbscan,0.00199127197265625,0.0,[],1,0.0
77,15,OPTICS,1.230133295059204,0.0,[],1,0.4666666666666667
78,15,CAML_87B144,7.432084560394287,0.4666666666666667,[],2,0.26666666666666666
79,15,CAML_07VEJJ,6.43519926071167,0.06666666666666667,[],2,0.6666666666666666
80,15,FINDER_1D,0.2304067611694336,0.0,"{'sigma': 59.573876404619064, 'threshold': 10.0}",2,0.6666666666666666
81,15,FINDER_1D_loop,0.30299997329711914,0.0,"{'sigma': 66.69170853785303, 'threshold': 10.0}",2,0.5333333333333333
82,15,dbscan,0.002273082733154297,0.0,[],2,0.0
83,15,OPTICS,1.7883155345916748,0.0,[],2,0.4666666666666667
84,15,CAML_87B144,7.524397134780884,0.13333333333333333,[],3,0.2
85,15,CAML_07VEJJ,6.583516836166382,0.06666666666666667,[],3,0.7333333333333333
86,15,FINDER_1D,0.3131294250488281,0.06666666666666667,"{'sigma': 52.2339164479674, 'threshold': 10.0}",3,0.9333333333333333
87,15,FINDER_1D_loop,0.35669755935668945,0.0,"{'sigma': 58.12097460047462, 'threshold': 10.0}",3,0.6666666666666666
88,15,dbscan,0.002109527587890625,0.0,[],3,0.0
89,15,OPTICS,1.6173083782196045,0.0,[],3,0.6666666666666666
90,15,CAML_87B144,7.495495557785034,0.0,[],4,0.0
91,15,CAML_07VEJJ,6.8851728439331055,0.13333333333333333,[],4,0.8
92,15,FINDER_1D,0.2258152961730957,0.0,"{'sigma': 57.472805907473436, 'threshold': 10.0}",4,0.6
93,15,FINDER_1D_loop,0.27018022537231445,0.0,"{'sigma': 77.71150540859634, 'threshold': 10.0}",4,0.5333333333333333
94,15,dbscan,0.0017910003662109375,0.0,[],4,0.0
95,15,OPTICS,1.1642777919769287,0.0,[],4,0.4666666666666667
96,15,CAML_87B144,7.759640216827393,0.0,[],5,0.0
97,15,CAML_07VEJJ,7.420426607131958,0.0,[],5,0.8
98,15,FINDER_1D,0.23610782623291016,0.06666666666666667,"{'sigma': 68.58524527835282, 'threshold': 10.0}",5,0.6666666666666666
99,15,FINDER_1D_loop,0.3215029239654541,0.0,"{'sigma': 68.58524527835282, 'threshold': 10.0}",5,0.6
100,15,dbscan,0.0019867420196533203,0.0,[],5,0.0
101,15,OPTICS,1.4122624397277832,0.0,[],5,0.4
102,15,CAML_87B144,8.704919338226318,0.0,[],6,0.06666666666666667
103,15,CAML_07VEJJ,7.706985712051392,0.13333333333333333,[],6,0.7333333333333333
104,15,FINDER_1D,0.25104856491088867,0.0,"{'sigma': 50.03534373072981, 'threshold': 10.0}",6,0.8
105,15,FINDER_1D_loop,0.2857210636138916,0.0,"{'sigma': 55.384819513062546, 'threshold': 10.0}",6,0.6666666666666666
106,15,dbscan,0.0020966529846191406,0.0,[],6,0.0
107,15,OPTICS,1.3984270095825195,0.0,[],6,0.4666666666666667
108,15,CAML_87B144,9.154965877532959,0.4,[],7,0.4666666666666667
109,15,CAML_07VEJJ,8.236073970794678,0.06666666666666667,[],7,0.7333333333333333
110,15,FINDER_1D,0.21508455276489258,0.0,"{'sigma': 55.43141991076534, 'threshold': 10.0}",7,0.8
111,15,FINDER_1D_loop,0.2573699951171875,0.0,"{'sigma': 68.7907354726082, 'threshold': 10.0}",7,0.6
112,15,dbscan,0.0019466876983642578,0.0,[],7,0.0
113,15,OPTICS,1.4960062503814697,0.0,[],7,0.6
114,15,CAML_87B144,8.730759143829346,0.0,[],8,0.0
115,15,CAML_07VEJJ,8.508562088012695,0.06666666666666667,[],8,0.8666666666666667
116,15,FINDER_1D,0.25748252868652344,0.0,"{'sigma': 47.50659426427903, 'threshold': 10.0}",8,0.8666666666666667
117,15,FINDER_1D_loop,0.30984067916870117,0.0,"{'sigma': 66.07801103771449, 'threshold': 10.0}",8,0.6
118,15,dbscan,0.002071857452392578,0.0,[],8,0.0
119,15,OPTICS,1.9518840312957764,0.0,[],8,0.5333333333333333
120,15,CAML_87B144,9.90105652809143,0.26666666666666666,[],9,0.13333333333333333
121,15,CAML_07VEJJ,8.741148710250854,0.06666666666666667,[],9,0.8666666666666667
122,15,FINDER_1D,0.28534746170043945,0.0,"{'sigma': 50.53284574408438, 'threshold': 10.0}",9,0.8666666666666667
123,15,FINDER_1D_loop,0.3278036117553711,0.0,"{'sigma': 56.23774136563587, 'threshold': 10.0}",9,0.8666666666666667
124,15,dbscan,0.002071857452392578,0.0,[],9,0.0
125,15,OPTICS,1.651066780090332,0.0,[],9,0.5333333333333333
126,15,CAML_87B144,9.363066673278809,0.0,[],10,0.0
127,15,CAML_07VEJJ,9.070345163345337,0.0,[],10,0.8
128,15,FINDER_1D,0.26848316192626953,0.06666666666666667,"{'sigma': 55.22134339715847, 'threshold': 10.0}",10,0.7333333333333333
129,15,FINDER_1D_loop,0.30477237701416016,0.0,"{'sigma': 67.74955229428437, 'threshold': 10.0}",10,0.6666666666666666
130,15,dbscan,0.002010822296142578,0.0,[],10,0.0
131,15,OPTICS,1.2108197212219238,0.0,[],10,0.26666666666666666
132,20,CAML_87B144,10.004968404769897,0.0,[],0,0.0
133,20,CAML_07VEJJ,9.931373119354248,0.1,[],0,0.75
134,20,FINDER_1D,0.41610026359558105,0.0,"{'sigma': 44.44170348994897, 'threshold': 10.0}",0,0.75
135,20,FINDER_1D_loop,0.45316052436828613,0.0,"{'sigma': 59.83080375593177, 'threshold': 10.0}",0,0.55
136,20,dbscan,0.002623319625854492,0.0,[],0,0.0
137,20,OPTICS,2.9385390281677246,0.05,[],0,0.55
138,20,CAML_87B144,10.27931809425354,0.0,[],1,0.0
139,20,CAML_07VEJJ,10.261518716812134,0.1,[],1,0.7
140,20,FINDER_1D,0.270474910736084,0.05,"{'sigma': 45.59055023381299, 'threshold': 10.0}",1,0.75
141,20,FINDER_1D_loop,0.36069369316101074,0.05,"{'sigma': 60.923974031165066, 'threshold': 10.0}",1,0.55
142,20,dbscan,0.0023245811462402344,0.0,[],1,0.0
143,20,OPTICS,2.3365416526794434,0.0,[],1,0.5
144,20,CAML_87B144,12.35111951828003,1.55,[],2,0.45
145,20,CAML_07VEJJ,10.079068422317505,0.1,[],2,0.6
146,20,FINDER_1D,0.3473787307739258,0.0,"{'sigma': 44.46662769432293, 'threshold': 10.0}",2,0.8
147,20,FINDER_1D_loop,0.4060077667236328,0.0,"{'sigma': 67.79601737728372, 'threshold': 10.0}",2,0.65
148,20,dbscan,0.0023920536041259766,0.0,[],2,0.0
149,20,OPTICS,3.0412473678588867,0.0,[],2,0.5
150,20,CAML_87B144,12.556493282318115,0.9,[],3,0.4
151,20,CAML_07VEJJ,10.523976802825928,0.05,[],3,0.75
152,20,FINDER_1D,0.3942868709564209,0.0,"{'sigma': 46.815453222854444, 'threshold': 10.0}",3,0.8
153,20,FINDER_1D_loop,0.4480574131011963,0.0,"{'sigma': 51.87794228586371, 'threshold': 10.0}",3,0.55
154,20,dbscan,0.002343893051147461,0.0,[],3,0.0
155,20,OPTICS,2.5927419662475586,0.0,[],3,0.55
156,20,CAML_87B144,11.622838973999023,0.0,[],4,0.0
157,20,CAML_07VEJJ,10.784090280532837,0.05,[],4,0.65
158,20,FINDER_1D,0.33513355255126953,0.0,"{'sigma': 53.96043364614325, 'threshold': 10.0}",4,0.65
159,20,FINDER_1D_loop,0.35726261138916016,0.0,"{'sigma': 70.67255994640477, 'threshold': 10.0}",4,0.45
160,20,dbscan,0.0023086071014404297,0.0,[],4,0.0
161,20,OPTICS,2.025135040283203,0.0,[],4,0.45
162,20,CAML_87B144,13.018338441848755,0.6,[],5,0.45
163,20,CAML_07VEJJ,11.628157615661621,0.05,[],5,0.5
164,20,FINDER_1D,0.3322744369506836,0.0,"{'sigma': 41.54037062456087, 'threshold': 10.0}",5,0.65
165,20,FINDER_1D_loop,0.39558935165405273,0.0,"{'sigma': 51.01730039732503, 'threshold': 10.0}",5,0.5
166,20,dbscan,0.0024149417877197266,0.0,[],5,0.0
167,20,OPTICS,3.1754913330078125,0.0,[],5,0.65
168,20,CAML_87B144,12.964267015457153,0.7,[],6,0.5
169,20,CAML_07VEJJ,11.229752779006958,0.0,[],6,0.85
170,20,FINDER_1D,0.31751394271850586,0.05,"{'sigma': 57.937127871814184, 'threshold': 10.0}",6,0.7
171,20,FINDER_1D_loop,0.35625624656677246,0.0,"{'sigma': 63.89535974455728, 'threshold': 10.0}",6,0.55
172,20,dbscan,0.0023124217987060547,0.0,[],6,0.0
173,20,OPTICS,2.3819849491119385,0.0,[],6,0.5
174,20,CAML_87B144,13.736693859100342,2.35,[],7,0.7
175,20,CAML_07VEJJ,12.856449127197266,0.0,[],7,0.75
176,20,FINDER_1D,0.44234466552734375,0.05,"{'sigma': 57.587699994006535, 'threshold': 10.0}",7,0.85
177,20,FINDER_1D_loop,0.44193363189697266,0.0,"{'sigma': 70.20345111141924, 'threshold': 10.0}",7,0.65
178,20,dbscan,0.002472400665283203,0.0,[],7,0.0
179,20,OPTICS,2.917876720428467,0.0,[],7,0.55
180,20,CAML_87B144,14.057992935180664,1.4,[],8,0.3
181,20,CAML_07VEJJ,12.670467615127563,0.05,[],8,0.7
182,20,FINDER_1D,0.3839757442474365,0.0,"{'sigma': 49.949391534663114, 'threshold': 10.0}",8,0.7
183,20,FINDER_1D_loop,0.4643235206604004,0.0,"{'sigma': 68.41516493536142, 'threshold': 10.0}",8,0.5
184,20,dbscan,0.0027036666870117188,0.0,[],8,0.0
185,20,OPTICS,3.680554151535034,0.0,[],8,0.55
186,20,CAML_87B144,14.27624225616455,0.0,[],9,0.0
187,20,CAML_07VEJJ,13.048033952713013,0.05,[],9,0.75
188,20,FINDER_1D,0.4615051746368408,0.0,"{'sigma': 34.84922654550637, 'threshold': 10.0}",9,0.8
189,20,FINDER_1D_loop,0.5413477420806885,0.0,"{'sigma': 47.86519825162476, 'threshold': 10.0}",9,0.7
190,20,dbscan,0.002521514892578125,0.0,[],9,0.0
191,20,OPTICS,3.576910972595215,0.0,[],9,0.7
192,20,CAML_87B144,14.161751985549927,0.25,[],10,0.3
193,20,CAML_07VEJJ,13.666586875915527,0.15,[],10,0.75
194,20,FINDER_1D,0.4679265022277832,0.0,"{'sigma': 46.295007559272456, 'threshold': 10.0}",10,0.85
195,20,FINDER_1D_loop,0.473954439163208,0.0,"{'sigma': 66.60814040861918, 'threshold': 10.0}",10,0.7
196,20,dbscan,0.002340078353881836,0.0,[],10,0.0
197,20,OPTICS,2.5534040927886963,0.0,[],10,0.55
198,25,CAML_87B144,14.912265539169312,0.2,[],0,0.36
199,25,CAML_07VEJJ,13.624191522598267,0.04,[],0,0.76
200,25,FINDER_1D,0.6110961437225342,0.0,"{'sigma': 39.961611139346054, 'threshold': 10.0}",0,0.8
201,25,FINDER_1D_loop,0.563133716583252,0.0,"{'sigma': 52.260407923979336, 'threshold': 10.0}",0,0.64
202,25,dbscan,0.0031309127807617188,0.0,[],0,0.0
203,25,OPTICS,3.717285394668579,0.0,[],0,0.6
204,25,CAML_87B144,15.058674335479736,0.28,[],1,0.56
205,25,CAML_07VEJJ,14.342685222625732,0.08,[],1,0.64
206,25,FINDER_1D,0.4588150978088379,0.16,"{'sigma': 50.05290041083365, 'threshold': 10.0}",1,0.68
207,25,FINDER_1D_loop,0.5412063598632812,0.0,"{'sigma': 66.32294817604294, 'threshold': 10.0}",1,0.52
208,25,dbscan,0.0031239986419677734,0.0,[],1,0.0
209,25,OPTICS,3.173988103866577,0.0,[],1,0.6
210,25,CAML_87B144,16.152525663375854,0.28,[],2,0.56
211,25,CAML_07VEJJ,14.452504873275757,0.16,[],2,0.76
212,25,FINDER_1D,0.6607301235198975,0.0,"{'sigma': 42.23433913658278, 'threshold': 10.0}",2,0.64
213,25,FINDER_1D_loop,0.6271421909332275,0.0,"{'sigma': 50.95034232654764, 'threshold': 10.0}",2,0.52
214,25,dbscan,0.0031549930572509766,0.0,[],2,0.0
215,25,OPTICS,3.2710793018341064,0.04,[],2,0.48
216,25,CAML_87B144,15.638010501861572,0.08,[],3,0.64
217,25,CAML_07VEJJ,15.037406206130981,0.04,[],3,0.76
218,25,FINDER_1D,0.6121644973754883,0.0,"{'sigma': 42.5951237476231, 'threshold': 10.0}",3,0.8
219,25,FINDER_1D_loop,0.579359769821167,0.0,"{'sigma': 56.49766279041833, 'threshold': 10.0}",3,0.56
220,25,dbscan,0.0029549598693847656,0.0,[],3,0.0
221,25,OPTICS,3.29837965965271,0.0,[],3,0.6
222,25,CAML_87B144,16.176097631454468,0.12,[],4,0.56
223,25,CAML_07VEJJ,14.633193016052246,0.08,[],4,0.76
224,25,FINDER_1D,0.8396334648132324,0.04,"{'sigma': 50.4630329855501, 'threshold': 10.0}",4,0.8
225,25,FINDER_1D_loop,0.6739335060119629,0.0,"{'sigma': 65.34080480466484, 'threshold': 10.0}",4,0.6
226,25,dbscan,0.00301361083984375,0.0,[],4,0.0
227,25,OPTICS,2.8133931159973145,0.0,[],4,0.6
228,25,CAML_87B144,16.73533582687378,0.24,[],5,0.48
229,25,CAML_07VEJJ,15.411878824234009,0.16,[],5,0.48
230,25,FINDER_1D,0.4425630569458008,0.08,"{'sigma': 37.53274992920507, 'threshold': 10.0}",5,0.64
231,25,FINDER_1D_loop,0.5414557456970215,0.0,"{'sigma': 50.77117508047442, 'threshold': 10.0}",5,0.4
232,25,dbscan,0.0030753612518310547,0.0,[],5,0.0
233,25,OPTICS,4.027470350265503,0.04,[],5,0.36
234,25,CAML_87B144,17.030911207199097,0.24,[],6,0.4
235,25,CAML_07VEJJ,15.456636905670166,0.16,[],6,0.64
236,25,FINDER_1D,0.43858838081359863,0.0,"{'sigma': 39.139545169015626, 'threshold': 10.0}",6,0.76
237,25,FINDER_1D_loop,0.5226657390594482,0.0,"{'sigma': 57.388536551246, 'threshold': 10.0}",6,0.48
238,25,dbscan,0.002993345260620117,0.0,[],6,0.0
239,25,OPTICS,3.2445428371429443,0.0,[],6,0.44
240,25,CAML_87B144,17.574305534362793,0.16,[],7,0.8
241,25,CAML_07VEJJ,16.32392168045044,0.04,[],7,0.88
242,25,FINDER_1D,0.686805009841919,0.04,"{'sigma': 47.42221739148739, 'threshold': 10.0}",7,0.88
243,25,FINDER_1D_loop,0.6524450778961182,0.0,"{'sigma': 61.73735069371652, 'threshold': 10.0}",7,0.72
244,25,dbscan,0.0030846595764160156,0.0,[],7,0.0
245,25,OPTICS,2.8793468475341797,0.0,[],7,0.68
246,25,CAML_87B144,18.024683713912964,0.2,[],8,0.56
247,25,CAML_07VEJJ,16.491055011749268,0.0,[],8,0.68
248,25,FINDER_1D,0.6263492107391357,0.12,"{'sigma': 45.468365480563214, 'threshold': 10.0}",8,0.72
249,25,FINDER_1D_loop,0.6279723644256592,0.0,"{'sigma': 54.502699415756204, 'threshold': 10.0}",8,0.56
250,25,dbscan,0.0033822059631347656,0.0,[],8,0.0
251,25,OPTICS,4.053734302520752,0.0,[],8,0.6
252,25,CAML_87B144,17.707710027694702,0.04,[],9,0.36
253,25,CAML_07VEJJ,16.966180562973022,0.08,[],9,0.88
254,25,FINDER_1D,0.656625509262085,0.08,"{'sigma': 48.78959171200839, 'threshold': 10.0}",9,0.72
255,25,FINDER_1D_loop,0.5901432037353516,0.0,"{'sigma': 53.33937586915895, 'threshold': 10.0}",9,0.56
256,25,dbscan,0.0032379627227783203,0.0,[],9,0.0
257,25,OPTICS,3.3419244289398193,0.0,[],9,0.56
258,25,CAML_87B144,18.4312584400177,0.12,[],10,0.56
259,25,CAML_07VEJJ,16.92529559135437,0.0,[],10,0.76
260,25,FINDER_1D,0.5659599304199219,0.0,"{'sigma': 51.24692764082286, 'threshold': 10.0}",10,0.76
261,25,FINDER_1D_loop,0.5860311985015869,0.0,"{'sigma': 56.27935170569392, 'threshold': 10.0}",10,0.6
262,25,dbscan,0.0032129287719726562,0.0,[],10,0.0
263,25,OPTICS,3.8477659225463867,0.0,[],10,0.64
264,30,CAML_87B144,19.40301275253296,0.06666666666666667,[],0,0.4666666666666667
265,30,CAML_07VEJJ,17.740682125091553,0.1,[],0,0.6666666666666666
266,30,FINDER_1D,0.8482754230499268,0.06666666666666667,"{'sigma': 41.54704933830577, 'threshold': 10.0}",0,0.7
267,30,FINDER_1D_loop,0.8628625869750977,0.0,"{'sigma': 58.0371599413803, 'threshold': 10.0}",0,0.5333333333333333
268,30,dbscan,0.0036857128143310547,0.0,[],0,0.0
269,30,OPTICS,5.127828121185303,0.03333333333333333,[],0,0.5333333333333333
270,30,CAML_87B144,19.26568865776062,0.1,[],1,0.3333333333333333
271,30,CAML_07VEJJ,18.125518798828125,0.13333333333333333,[],1,0.5666666666666667
272,30,FINDER_1D,0.5860135555267334,0.03333333333333333,"{'sigma': 42.80370702246263, 'threshold': 10.0}",1,0.5333333333333333
273,30,FINDER_1D_loop,0.6247138977050781,0.0,"{'sigma': 55.48580472462711, 'threshold': 10.0}",1,0.43333333333333335
274,30,dbscan,0.0033881664276123047,0.0,[],1,0.0
275,30,OPTICS,4.506794452667236,0.0,[],1,0.4
276,30,CAML_87B144,19.99834132194519,0.16666666666666666,[],2,0.4
277,30,CAML_07VEJJ,19.206550121307373,0.06666666666666667,[],2,0.6333333333333333
278,30,FINDER_1D,0.6590898036956787,0.03333333333333333,"{'sigma': 46.18303314289488, 'threshold': 10.0}",2,0.6
279,30,FINDER_1D_loop,0.7394795417785645,0.0,"{'sigma': 59.55117382641012, 'threshold': 10.0}",2,0.4666666666666667
280,30,dbscan,0.0037152767181396484,0.0,[],2,0.0
281,30,OPTICS,4.881211042404175,0.03333333333333333,[],2,0.43333333333333335
282,30,CAML_87B144,20.602432250976562,0.16666666666666666,[],3,0.6666666666666666
283,30,CAML_07VEJJ,19.444018363952637,0.13333333333333333,[],3,0.6
284,30,FINDER_1D,0.7664780616760254,0.06666666666666667,"{'sigma': 42.551463515268004, 'threshold': 10.0}",3,0.6666666666666666
285,30,FINDER_1D_loop,0.7219009399414062,0.0,"{'sigma': 55.82640253659687, 'threshold': 10.0}",3,0.5
286,30,dbscan,0.0037229061126708984,0.0,[],3,0.0
287,30,OPTICS,5.059328317642212,0.06666666666666667,[],3,0.4
288,30,CAML_87B144,20.48439073562622,0.1,[],4,0.43333333333333335
289,30,CAML_07VEJJ,19.258507251739502,0.0,[],4,0.7
290,30,FINDER_1D,0.7825133800506592,0.03333333333333333,"{'sigma': 43.88261356898869, 'threshold': 10.0}",4,0.6
291,30,FINDER_1D_loop,0.7171871662139893,0.03333333333333333,"{'sigma': 57.50163192467434, 'threshold': 10.0}",4,0.5333333333333333
292,30,dbscan,0.0036742687225341797,0.0,[],4,0.0
293,30,OPTICS,4.855414867401123,0.0,[],4,0.4666666666666667
294,30,CAML_87B144,20.334008932113647,0.1,[],5,0.13333333333333333
295,30,CAML_07VEJJ,19.07248830795288,0.03333333333333333,[],5,0.6
296,30,FINDER_1D,0.5406298637390137,0.0,"{'sigma': 37.95815244954308, 'threshold': 10.0}",5,0.6666666666666666
297,30,FINDER_1D_loop,0.6039643287658691,0.0,"{'sigma': 49.98757572471411, 'threshold': 10.0}",5,0.36666666666666664
298,30,dbscan,0.003731250762939453,0.0,[],5,0.0
299,30,OPTICS,5.662539720535278,0.0,[],5,0.4
300,30,CAML_87B144,21.033071994781494,0.06666666666666667,[],6,0.5
301,30,CAML_07VEJJ,19.57191491127014,0.06666666666666667,[],6,0.5333333333333333
302,30,FINDER_1D,0.6021366119384766,0.06666666666666667,"{'sigma': 46.3808370197317, 'threshold': 10.0}",6,0.5666666666666667
303,30,FINDER_1D_loop,0.6949923038482666,0.0,"{'sigma': 55.22661457495367, 'threshold': 10.0}",6,0.4
304,30,dbscan,0.0036482810974121094,0.0,[],6,0.0
305,30,OPTICS,5.081487417221069,0.0,[],6,0.36666666666666664
306,30,CAML_87B144,21.595458984375,0.2,[],7,0.5333333333333333
307,30,CAML_07VEJJ,20.045114517211914,0.03333333333333333,[],7,0.7
308,30,FINDER_1D,0.822930097579956,0.13333333333333333,"{'sigma': 48.48002452146656, 'threshold': 10.0}",7,0.7333333333333333
309,30,FINDER_1D_loop,0.8283908367156982,0.0,"{'sigma': 52.820282694214065, 'threshold': 10.0}",7,0.6
310,30,dbscan,0.0036687850952148438,0.0,[],7,0.0
311,30,OPTICS,4.502643346786499,0.0,[],7,0.5
312,30,CAML_87B144,22.08282971382141,0.1,[],8,0.5
313,30,CAML_07VEJJ,20.79416847229004,0.0,[],8,0.6333333333333333
314,30,FINDER_1D,0.6501445770263672,0.0,"{'sigma': 41.982439134470276, 'threshold': 10.0}",8,0.6666666666666666
315,30,FINDER_1D_loop,0.7264363765716553,0.0,"{'sigma': 50.77758543206271, 'threshold': 10.0}",8,0.4666666666666667
316,30,dbscan,0.0036323070526123047,0.0,[],8,0.0
317,30,OPTICS,5.599363565444946,0.0,[],8,0.43333333333333335
318,30,CAML_87B144,22.377374410629272,0.13333333333333333,[],9,0.6
319,30,CAML_07VEJJ,20.82882070541382,0.06666666666666667,[],9,0.7
320,30,FINDER_1D,0.8349936008453369,0.0,"{'sigma': 41.19664996333687, 'threshold': 10.0}",9,0.8
321,30,FINDER_1D_loop,0.7580978870391846,0.0,"{'sigma': 54.04630246059743, 'threshold': 10.0}",9,0.5666666666666667
322,30,dbscan,0.003567934036254883,0.0,[],9,0.0
323,30,OPTICS,4.86528754234314,0.0,[],9,0.4666666666666667
324,30,CAML_87B144,22.777002573013306,0.06666666666666667,[],10,0.4666666666666667
325,30,CAML_07VEJJ,21.284510850906372,0.13333333333333333,[],10,0.5666666666666667
326,30,FINDER_1D,0.7387106418609619,0.0,"{'sigma': 35.74624491910464, 'threshold': 10.0}",10,0.6666666666666666
327,30,FINDER_1D_loop,0.6976814270019531,0.0,"{'sigma': 51.118270697001314, 'threshold': 10.0}",10,0.5
328,30,dbscan,0.003745555877685547,0.0,[],10,0.0
329,30,OPTICS,6.17286229133606,0.0,[],10,0.4666666666666667
