145.1100 32.7136
145.1225 32.4338
145.1310 32.7773
145.1448 32.5339
145.1535 32.5262
145.1670 32.5370
145.1760 32.5550
145.1796 32.4878
145.1796 32.6593
145.1815 32.6285
145.1885 32.6959
145.1905 32.6498
145.1913 32.8408
145.1915 32.5096
145.1920 32.3910
145.1943 32.6854
145.2002 32.7585
145.2075 32.7601
145.2101 32.6191
145.2121 32.6153
145.2160 32.7095
145.2221 32.6551
145.2226 32.6287
145.2232 32.6142
145.2236 32.4794
145.2236 32.7923
145.2301 32.3881
145.2328 32.7151
145.2352 32.8070
145.2356 32.6498
145.2376 32.5764
145.2379 32.6566
145.2422 32.2964
145.2440 32.8246
145.2451 32.9007
145.2460 32.6652
145.2492 32.9114
145.2493 32.5159
145.2502 32.6161
145.2507 32.8248
145.2520 32.5955
145.2521 32.5910
145.2521 32.6228
145.2525 32.5547
145.2527 32.6060
145.2527 32.7091
145.2529 32.6880
145.2539 32.4032
145.2543 32.5021
145.2564 32.6947
145.2575 32.7573
145.2593 32.5667
145.2616 32.4613
145.2623 32.6711
145.2639 32.5678
145.2641 32.5466
145.2641 32.6030
145.2641 32.7001
145.2647 32.6610
145.2658 32.6756
145.2661 32.6014
145.2663 32.4444
145.2678 32.7969
145.2686 32.8049
145.2708 32.8510
145.2711 32.7470
145.2720 32.4691
145.2721 32.4818
145.2722 32.5661
145.2727 32.8026
145.2733 32.5979
145.2735 32.4496
145.2736 32.7390
145.2745 32.6050
145.2746 32.6290
145.2748 32.6680
145.2757 32.8160
145.2759 32.8164
145.2762 32.6470
145.2762 32.7913
145.2765 32.7926
145.2768 32.6514
145.2768 32.6728
145.2773 32.6103
145.2774 32.7627
145.2776 32.5563
145.2792 32.6104
145.2809 32.5544
145.2818 32.6909
145.2820 32.7042
145.2821 32.7259
145.2823 32.5778
145.2826 32.5409
145.2840 32.8047
145.2841 32.7109
145.2842 32.5730
145.2844 32.5716
145.2850 32.8366
145.2853 32.7206
145.2857 32.6026
145.2873 32.5732
145.2878 32.5760
145.2883 32.8380
145.2890 32.6233
145.2890 32.7604
145.2891 32.6573
145.2892 32.7091
145.2895 32.8225
145.2903 32.5258
145.2907 32.8453
145.2934 32.5997
145.2934 32.6074
145.2947 32.8084
145.2948 32.7091
145.2948 32.7154
145.2953 32.7833
145.2958 32.6970
145.2965 32.5908
145.2966 32.7896
145.2968 32.7539
145.2981 32.6688
145.2982 32.7922
145.2987 32.4666
145.2987 32.5204
145.2990 32.6673
145.2990 32.7129
145.2993 32.7294
145.2993 32.7760
145.2995 32.5001
145.2998 32.6382
145.2999 32.5612
145.2999 32.7677
145.3000 32.5145
145.3001 32.6222
145.3003 32.6952
145.3005 32.6271
145.3010 32.8957
145.3016 32.7697
145.3020 32.4867
145.3032 32.5613
145.3034 32.4006
145.3039 32.7464
145.3049 32.6558
145.3053 32.5228
145.3053 32.6537
145.3053 32.7987
145.3054 32.7687
145.3056 32.7273
145.3061 32.4418
145.3063 32.7618
145.3071 32.8024
145.3072 32.7796
145.3074 32.5155
145.3086 32.7783
145.3090 32.5609
145.3092 32.6506
145.3096 32.9102
145.3101 32.6439
145.3102 32.5575
145.3102 32.5732
145.3105 32.6976
145.3105 32.7567
145.3109 32.6080
145.3110 32.4965
145.3112 32.4900
145.3118 32.5431
145.3122 32.3897
145.3123 32.8141
145.3125 32.6846
145.3131 32.7592
145.3136 32.8796
145.3156 32.7561
145.3162 32.7250
145.3165 32.6230
145.3166 32.5179
145.3166 32.5453
145.3175 32.5995
145.3176 32.7299
145.3178 32.6061
145.3184 32.7116
145.3185 32.6069
145.3186 32.5500
145.3188 32.7006
145.3192 32.5825
145.3192 32.7440
145.3194 32.8274
145.3195 32.5202
145.3195 32.8772
145.3196 32.5629
145.3197 32.6394
145.3202 32.6343
145.3206 32.5563
145.3208 32.5788
145.3210 32.6720
145.3215 32.7844
145.3217 32.9249
145.3219 32.4933
145.3220 32.6874
145.3227 32.6421
145.3230 32.5755
145.3244 32.6633
145.3247 32.4997
145.3250 32.7316
145.3251 32.5999
145.3256 32.6595
145.3257 32.7355
145.3257 32.7416
145.3267 32.7430
145.3269 32.8394
145.3270 32.6022
145.3271 32.8656
145.3275 32.7147
145.3280 32.5112
145.3281 32.5605
145.3291 32.5664
145.3292 32.6187
145.3292 32.6615
145.3293 32.7671
145.3294 32.5836
145.3297 32.8035
145.3300 32.8188
145.3305 32.4741
145.3305 32.8096
145.3306 32.5469
145.3309 32.7960
145.3312 32.8494
145.3313 32.5507
145.3317 32.6241
145.3322 32.5695
145.3328 32.4235
145.3329 32.6089
145.3332 32.5640
145.3335 32.6213
145.3335 32.7819
145.3336 32.7121
145.3338 32.7509
145.3344 32.6255
145.3348 32.6296
145.3349 32.7903
145.3354 32.6359
145.3355 32.7980
145.3355 32.8594
145.3358 32.4765
145.3358 32.7466
145.3359 32.5848
145.3363 32.6341
145.3364 32.5594
145.3372 32.5759
145.3385 32.7289
145.3389 32.5198
145.3389 32.7301
145.3391 32.6561
145.3392 32.6986
145.3392 32.7605
145.3395 32.8208
145.3396 32.8680
145.3399 32.6422
145.3401 32.7415
145.3405 32.8155
145.3407 32.7524
145.3409 32.6560
145.3409 32.7258
145.3410 32.6945
145.3411 32.6081
145.3412 32.5782
145.3414 32.6638
145.3418 32.8655
145.3419 32.7537
145.3420 32.6176
145.3425 32.7196
145.3425 32.7380
145.3431 32.5315
145.3437 32.3892
145.3437 32.7423
145.3438 32.6426
145.3443 32.7113
145.3444 32.5560
145.3445 32.7072
145.3448 32.6979
145.3450 32.5982
145.3451 32.5604
145.3451 32.5943
145.3454 32.7132
145.3467 32.5209
145.3468 32.6854
145.3472 32.5820
145.3478 32.5409
145.3481 32.7027
145.3485 32.5831
145.3486 32.7944
145.3490 32.9263
145.3496 32.5693
145.3498 32.5394
145.3498 32.5437
145.3498 32.7783
145.3503 32.8289
145.3505 32.6734
145.3507 32.7057
145.3511 32.7341
145.3512 32.4868
145.3513 32.5834
145.3518 32.7024
145.3521 32.5504
145.3528 32.7471
145.3529 32.6976
145.3536 32.4744
145.3536 32.5815
145.3538 32.7136
145.3539 32.5305
145.3540 32.8255
145.3547 32.7058
145.3553 32.7580
145.3554 32.5574
145.3555 32.6212
145.3556 32.8448
145.3557 32.7008
145.3557 32.8048
145.3562 32.6182
145.3569 32.4862
145.3569 32.4912
145.3569 32.5136
145.3572 32.4588
145.3573 32.5395
145.3576 32.9324
145.3579 32.5605
145.3580 32.6958
145.3582 32.7435
145.3582 32.7543
145.3585 32.7128
145.3592 32.8834
145.3593 32.5948
145.3596 32.7165
145.3597 32.3241
145.3598 32.6551
145.3598 32.6883
145.3599 32.6689
145.3600 32.7409
145.3601 32.7278
145.3603 32.6193
145.3607 32.5746
145.3609 32.6168
145.3609 32.7494
145.3610 32.5241
145.3612 32.7087
145.3616 32.3666
145.3624 32.6748
145.3626 32.9794
145.3627 32.7689
145.3630 32.6493
145.3630 32.7801
145.3633 32.6714
145.3634 32.8066
145.3638 32.8144
145.3641 32.8476
145.3643 32.4760
145.3645 32.5788
145.3649 32.5862
145.3649 32.7065
145.3659 32.5937
145.3660 32.2671
145.3660 32.3564
145.3666 32.5978
145.3674 32.8184
145.3676 32.6118
145.3678 32.6642
145.3678 32.8082
145.3684 32.8097
145.3685 32.5472
145.3686 32.7957
145.3686 32.8156
145.3687 32.7293
145.3694 32.5457
145.3699 32.8486
145.3701 32.6625
145.3703 32.7032
145.3707 32.8023
145.3709 32.7477
145.3711 32.7310
145.3712 32.4975
145.3712 32.7696
145.3719 32.5822
145.3719 32.7545
145.3727 32.8165
145.3735 32.5781
145.3739 32.6020
145.3742 32.5897
145.3747 32.4461
145.3752 32.7688
145.3755 32.8099
145.3759 32.6035
145.3761 32.5991
145.3762 32.3931
145.3766 32.5894
145.3768 32.7208
145.3773 32.5768
145.3773 32.6840
145.3775 32.6730
145.3786 32.7532
145.3787 32.4815
145.3794 32.5274
145.3798 32.7169
145.3799 32.8184
145.3803 32.5769
145.3803 32.7803
145.3809 32.7798
145.3812 32.3308
145.3814 32.6070
145.3815 32.6281
145.3816 32.5537
145.3819 32.7412
145.3820 32.4871
145.3827 32.7709
145.3828 32.5733
145.3829 32.4882
145.3835 32.5606
145.3855 32.5460
145.3857 32.5467
145.3858 32.6420
145.3860 32.7193
145.3862 32.7235
145.3869 32.7404
145.3882 32.6714
145.3889 32.3660
145.3889 32.5901
145.3895 32.7865
145.3903 32.4561
145.3903 32.5406
145.3908 32.6369
145.3910 32.7746
145.3911 32.5855
145.3913 32.5955
145.3915 32.4897
145.3915 32.5127
145.3918 32.6622
145.3918 32.8101
145.3926 32.7525
145.3927 32.4171
145.3930 32.5259
145.3933 32.7495
145.3936 32.8711
145.3937 32.7938
145.3947 32.7013
145.3955 32.5771
145.3958 32.6182
145.3960 32.7958
145.3961 32.5697
145.3968 32.5132
145.3970 32.6457
145.3971 32.7471
145.3973 32.8447
145.3974 32.5283
145.3976 32.6866
145.3986 32.7079
145.3986 32.8129
145.3990 32.4993
145.3990 32.6540
145.3992 32.7103
145.3993 32.6387
145.3994 32.5750
145.3995 32.7921
145.3997 32.7140
145.3999 32.6026
145.4009 32.6623
145.4028 32.6591
145.4028 32.8493
145.4034 32.6597
145.4035 32.7335
145.4040 32.6923
145.4043 32.7349
145.4046 32.7843
145.4048 32.7121
145.4049 32.6554
145.4051 32.5598
145.4053 32.6789
145.4062 32.5340
145.4065 32.6882
145.4073 32.6378
145.4078 32.5878
145.4082 32.6232
145.4084 32.3927
145.4084 32.6598
145.4084 32.7361
145.4086 32.5714
145.4089 32.5788
145.4091 32.4924
145.4097 32.5898
145.4106 32.5016
145.4106 32.7196
145.4113 32.5277
145.4120 32.4367
145.4126 32.5002
145.4127 32.4110
145.4130 32.4484
145.4140 32.6694
145.4156 32.6493
145.4156 32.7813
145.4156 32.8589
145.4158 32.4585
145.4161 32.6617
145.4167 32.9661
145.4168 32.7674
145.4175 32.7825
145.4178 32.7762
145.4180 32.6098
145.4185 32.7079
145.4187 32.4907
145.4188 32.5095
145.4192 32.6427
145.4200 32.4956
145.4201 32.4826
145.4203 32.6151
145.4205 32.6807
145.4213 32.4866
145.4216 32.5556
145.4216 32.7685
145.4225 32.4555
145.4225 32.5212
145.4234 32.5695
145.4245 32.5215
145.4248 32.6570
145.4249 32.7827
145.4252 32.4289
145.4260 32.4946
145.4260 32.5869
145.4261 32.7549
145.4265 32.5551
145.4265 32.6148
145.4268 32.8754
145.4271 32.5028
145.4272 32.6794
145.4276 32.3548
145.4278 32.6528
145.4280 32.6636
145.4283 32.5019
145.4284 32.7207
145.4291 32.7081
145.4292 32.6572
145.4296 32.7932
145.4306 32.6767
145.4310 32.4753
145.4316 32.4569
145.4328 32.5690
145.4330 32.5975
145.4333 32.8257
145.4334 32.7879
145.4355 32.7331
145.4362 32.7101
145.4368 32.7377
145.4369 32.7036
145.4374 32.7691
145.4375 32.5680
145.4386 32.3363
145.4386 32.4588
145.4386 32.5969
145.4386 32.7541
145.4387 32.6501
145.4398 32.8137
145.4402 32.5793
145.4409 32.6977
145.4414 32.7698
145.4414 32.7842
145.4429 32.4192
145.4429 32.5250
145.4430 32.5082
145.4440 32.5545
145.4448 32.6387
145.4449 32.4010
145.4458 32.7869
145.4460 32.6861
145.4469 32.6524
145.4472 32.6314
145.4473 32.5889
145.4491 32.9094
145.4520 32.4385
145.4522 32.6182
145.4533 32.6674
145.4536 32.4080
145.4536 32.8799
145.4538 32.4959
145.4542 32.5007
145.4544 32.6805
145.4548 32.6178
145.4550 32.7717
145.4559 32.4978
145.4560 32.9703
145.4562 32.5830
145.4580 32.6440
145.4580 32.7304
145.4585 32.8731
145.4598 32.6992
145.4606 32.7205
145.4610 32.7110
145.4616 32.8462
145.4627 32.2532
145.4628 32.4010
145.4638 32.5961
145.4641 32.3606
145.4647 32.7042
145.4674 32.6333
145.4684 32.4830
145.4692 32.7821
145.4704 32.8157
145.4709 32.6921
145.4722 32.4783
145.4732 32.6662
145.4744 32.5571
145.4745 32.3874
145.4751 32.6265
145.4755 32.4870
145.4761 32.4706
145.4764 32.3877
145.4766 32.4787
145.4771 32.4784
145.4773 32.6944
145.4782 32.6658
145.4783 32.7073
145.4785 32.6605
145.4789 32.8732
145.4792 32.5746
145.4795 32.4528
145.4810 32.8635
145.4816 32.3913
145.4822 32.4694
145.4827 32.4973
145.4834 32.3631
145.4846 32.4178
145.4848 32.4718
145.4848 32.7949
145.4863 32.6012
145.4864 32.3791
145.4866 32.6742
145.4870 32.4021
145.4872 32.8372
145.4875 32.8049
145.4881 32.3912
145.4882 32.3415
145.4884 32.7728
145.4891 32.5076
145.4892 32.4617
145.4897 32.6808
145.4904 32.5123
145.4906 32.4649
145.4906 32.6965
145.4906 32.6988
145.4908 32.5428
145.4915 32.6546
145.4927 32.6406
145.4931 32.7255
145.4940 32.7418
145.4946 32.5611
145.4947 32.6147
145.4949 32.8838
145.4955 32.7163
145.4958 32.4758
145.4962 32.3387
145.4962 32.7666
145.4967 32.7331
145.4971 32.4711
145.4973 32.4671
145.4987 32.4724
145.4999 32.4812
145.5004 32.4332
145.5009 32.7664
145.5013 32.7328
145.5017 32.6411
145.5018 32.4277
145.5030 32.6506
145.5033 32.8577
145.5035 32.3861
145.5043 32.6793
145.5044 32.7715
145.5045 32.4559
145.5047 32.7416
145.5051 32.5355
145.5052 32.6902
145.5054 32.7869
145.5056 32.6489
145.5061 32.8254
145.5072 32.6803
145.5075 32.7381
145.5075 32.9024
145.5089 32.6422
145.5090 32.5039
145.5091 32.5912
145.5095 32.4443
145.5099 32.4626
145.5100 32.6688
145.5100 32.6843
145.5100 32.7627
145.5109 32.4574
145.5109 32.5091
145.5111 32.6271
145.5114 32.4419
145.5118 32.6665
145.5121 32.4821
145.5127 32.8019
145.5130 32.4689
145.5130 32.5160
145.5130 32.6589
145.5130 32.8275
145.5133 32.3512
145.5134 32.4772
145.5147 32.3628
145.5149 32.4888
145.5158 32.5418
145.5159 32.4769
145.5160 32.3903
145.5160 32.4991
145.5161 32.4990
145.5165 32.4692
145.5168 32.6859
145.5169 32.4216
145.5170 32.7865
145.5180 32.4977
145.5189 32.7289
145.5195 32.4977
145.5196 32.4453
145.5201 32.6444
145.5205 32.4939
145.5208 32.5364
145.5209 32.5869
145.5209 32.9444
145.5211 32.4801
145.5215 32.4881
145.5220 32.5517
145.5221 32.4709
145.5223 32.7640
145.5227 32.4569
145.5231 32.4890
145.5233 32.6530
145.5233 32.7719
145.5237 32.5461
145.5240 32.5279
145.5242 32.4072
145.5242 32.5258
145.5248 32.4420
145.5249 32.4961
145.5254 32.4212
145.5254 32.4306
145.5256 32.5392
145.5256 32.6175
145.5258 32.5217
145.5262 32.8760
145.5263 32.6243
145.5263 32.6606
145.5267 32.7352
145.5270 32.6991
145.5275 32.7120
145.5277 32.5665
145.5279 32.4425
145.5280 32.3782
145.5281 32.3436
145.5286 32.3885
145.5290 32.8439
145.5299 32.7215
145.5304 32.6740
145.5305 32.4457
145.5308 32.6711
145.5310 32.7831
145.5311 32.8123
145.5315 32.7352
145.5320 32.4300
145.5321 32.7416
145.5322 32.5331
145.5323 32.7189
145.5326 32.6776
145.5326 32.7690
145.5332 32.6566
145.5332 32.7513
145.5337 32.4706
145.5340 32.5114
145.5341 32.5224
145.5342 32.6146
145.5349 32.6879
145.5349 32.9549
145.5350 32.7868
145.5352 32.4297
145.5357 32.6757
145.5362 32.6568
145.5367 32.4107
145.5367 32.5003
145.5369 32.6941
145.5369 32.7184
145.5371 32.2929
145.5372 32.7981
145.5378 32.5146
145.5383 32.5334
145.5390 32.4428
145.5390 32.7526
145.5391 32.3815
145.5392 32.4608
145.5392 32.5606
145.5393 32.4618
145.5394 32.5262
145.5394 32.6393
145.5403 32.8079
145.5407 32.4981
145.5411 32.4560
145.5412 32.4837
145.5414 32.4281
145.5415 32.7104
145.5418 32.8374
145.5419 32.7616
145.5420 32.6703
145.5421 32.7466
145.5422 32.9407
145.5423 32.5065
145.5431 32.4742
145.5432 32.4200
145.5432 32.4595
145.5433 32.4613
145.5434 32.7205
145.5435 32.4007
145.5436 32.4625
145.5436 32.6032
145.5437 32.4741
145.5439 32.5586
145.5444 32.7212
145.5448 32.3915
145.5448 32.3999
145.5448 32.4592
145.5448 32.6337
145.5449 32.4441
145.5449 32.7495
145.5450 32.4397
145.5452 32.4637
145.5453 32.6637
145.5458 32.5538
145.5459 32.5379
145.5460 32.5901
145.5464 32.4190
145.5467 32.4315
145.5470 32.4537
145.5471 32.4074
145.5473 32.3284
145.5475 32.7021
145.5477 32.5663
145.5479 32.5558
145.5485 32.4634
145.5507 32.4021
145.5508 32.4324
145.5513 32.7224
145.5514 32.5102
145.5514 32.5619
145.5514 32.5964
145.5515 32.4574
145.5516 32.4219
145.5522 32.7968
145.5524 32.4441
145.5525 32.3371
145.5527 32.7661
145.5528 32.7503
145.5529 32.8776
145.5530 32.4272
145.5532 32.5083
145.5533 32.4905
145.5535 32.4680
145.5536 32.4155
145.5536 32.7110
145.5543 32.6411
145.5543 32.7481
145.5546 32.4848
145.5548 32.4299
145.5553 32.4217
145.5557 32.4960
145.5557 32.5078
145.5559 32.4472
145.5563 32.6162
145.5565 32.3900
145.5567 32.9160
145.5568 32.6020
145.5572 32.3776
145.5574 32.4361
145.5575 32.6023
145.5576 32.7519
145.5577 32.5623
145.5579 32.6955
145.5581 32.4563
145.5583 32.6724
145.5584 32.4437
145.5584 32.7772
145.5588 33.0024
145.5589 32.6244
145.5593 32.8134
145.5594 32.4449
145.5594 32.4648
145.5598 32.4291
145.5598 32.6677
145.5600 32.3989
145.5602 32.4169
145.5604 32.4699
145.5605 32.6468
145.5611 32.5551
145.5616 32.4035
145.5617 32.6682
145.5617 32.7965
145.5618 32.4717
145.5619 32.4772
145.5619 32.7348
145.5625 32.4110
145.5625 32.7605
145.5626 32.7833
145.5628 32.6830
145.5629 32.7327
145.5635 32.4680
145.5636 32.3693
145.5640 32.5652
145.5644 32.4953
145.5644 32.7459
145.5650 32.4149
145.5656 32.7301
145.5656 32.7372
145.5658 32.7031
145.5660 32.4832
145.5661 32.4763
145.5661 32.7919
145.5663 32.5072
145.5667 32.3688
145.5668 32.7650
145.5669 32.4435
145.5672 32.4951
145.5673 32.7511
145.5678 32.4675
145.5681 32.4871
145.5684 32.5754
145.5685 32.4709
145.5689 32.8617
145.5691 32.6854
145.5694 32.4104
145.5695 32.4261
145.5695 32.7486
145.5698 32.5124
145.5702 32.5708
145.5703 32.7032
145.5705 32.4503
145.5705 32.6792
145.5710 32.6956
145.5714 32.4736
145.5715 32.4081
145.5715 32.5867
145.5716 32.7381
145.5717 32.5457
145.5721 32.7193
145.5721 32.9900
145.5722 32.4827
145.5724 32.6882
145.5725 32.4954
145.5725 32.6951
145.5733 32.5123
145.5734 32.4095
145.5736 32.6835
145.5738 32.3513
145.5739 32.7601
145.5740 32.4626
145.5740 32.6384
145.5743 32.7638
145.5745 32.6848
145.5746 32.4921
145.5746 32.4961
145.5747 32.3906
145.5748 32.4915
145.5748 32.5088
145.5748 32.6856
145.5750 32.7637
145.5757 32.5434
145.5758 32.6820
145.5760 32.5081
145.5765 32.4219
145.5765 32.5161
145.5775 32.3754
145.5778 32.4523
145.5779 32.6853
145.5782 32.7874
145.5784 32.4864
145.5791 32.6353
145.5791 32.7520
145.5792 32.7620
145.5792 32.7924
145.5793 32.6046
145.5799 32.7322
145.5800 32.4951
145.5805 32.6803
145.5805 32.7693
145.5808 32.5288
145.5812 32.4830
145.5821 32.4738
145.5824 32.7656
145.5829 32.4926
145.5830 32.6134
145.5839 32.6880
145.5840 32.4803
145.5840 32.5929
145.5840 32.7120
145.5844 32.4542
145.5847 32.5855
145.5851 32.4444
145.5851 32.4891
145.5852 32.6934
145.5853 32.5971
145.5854 32.4989
145.5856 32.7315
145.5858 32.4532
145.5858 32.7403
145.5859 32.4362
145.5861 32.5447
145.5862 32.5574
145.5862 32.6205
145.5863 32.6776
145.5866 32.7171
145.5870 32.5018
145.5870 32.7023
145.5879 32.5869
145.5880 32.4119
145.5880 32.4170
145.5888 32.7229
145.5889 32.6567
145.5892 32.6395
145.5893 32.4319
145.5893 32.7031
145.5894 32.4869
145.5894 32.4877
145.5896 32.4786
145.5899 32.6266
145.5904 32.4066
145.5904 32.6442
145.5909 32.5024
145.5915 32.6129
145.5917 32.6937
145.5925 32.7221
145.5927 32.7123
145.5928 32.4678
145.5936 32.7550
145.5938 32.7767
145.5945 32.6526
145.5954 32.8254
145.5961 32.6142
145.5962 32.4956
145.5964 32.7267
145.5965 32.7742
145.5965 32.7848
145.5966 32.7649
145.5972 32.5061
145.5973 32.7029
145.5974 32.8294
145.5977 32.5987
145.5977 32.7698
145.5979 32.7169
145.5980 32.4465
145.5982 32.4186
145.5986 32.4758
145.5992 32.7416
145.5994 32.5909
145.5997 32.7504
145.5997 32.8668
145.5998 32.4105
145.5998 32.4479
145.5998 32.4591
145.6000 32.5328
145.6010 32.5549
145.6016 32.7141
145.6024 32.7245
145.6036 32.5035
145.6036 32.7326
145.6037 32.4533
145.6043 32.7836
145.6045 32.8509
145.6046 32.7774
145.6057 32.7596
145.6059 32.4900
145.6060 32.7709
145.6063 32.7359
145.6073 32.4665
145.6077 32.4286
145.6077 32.7548
145.6078 32.7998
145.6082 32.6112
145.6082 32.7603
145.6091 32.5017
145.6092 32.7571
145.6098 32.7163
145.6099 32.8199
145.6104 32.4776
145.6107 32.4647
145.6108 32.6666
145.6113 32.6571
145.6115 32.7588
145.6116 32.6503
145.6117 32.6717
145.6118 32.8034
145.6123 32.4364
145.6125 32.7031
145.6128 32.5058
145.6129 32.7951
145.6132 32.4825
145.6133 32.7599
145.6141 32.7458
145.6143 32.7894
145.6146 32.7430
145.6147 32.6752
145.6154 32.4984
145.6155 32.6430
145.6158 32.7526
145.6161 32.4709
145.6162 32.7265
145.6179 32.6056
145.6181 32.6793
145.6182 32.7207
145.6184 32.4167
145.6191 32.3604
145.6192 32.6807
145.6193 32.4902
145.6194 32.5559
145.6196 32.7971
145.6197 32.7029
145.6197 32.7498
145.6207 32.5445
145.6207 32.6557
145.6210 32.4559
145.6219 32.7801
145.6220 32.4693
145.6225 32.5040
145.6232 32.5805
145.6234 32.7660
145.6237 32.6927
145.6237 32.7525
145.6240 32.4803
145.6244 32.6654
145.6251 32.7346
145.6252 32.5017
145.6252 32.7479
145.6254 32.5179
145.6255 32.5940
145.6259 32.5849
145.6261 32.3220
145.6261 32.7560
145.6263 32.4472
145.6263 32.7703
145.6264 32.6887
145.6269 32.4630
145.6273 32.6786
145.6274 32.4107
145.6279 32.6638
145.6287 32.7688
145.6287 32.7783
145.6288 32.6872
145.6301 32.5022
145.6302 32.4039
145.6302 32.4909
145.6313 32.6591
145.6321 32.7550
145.6325 32.5256
145.6335 32.6599
145.6336 32.5871
145.6346 32.7525
145.6349 32.7191
145.6373 32.3757
145.6375 32.5404
145.6385 32.4497
145.6387 32.6005
145.6389 32.6762
145.6391 32.6688
145.6391 32.7032
145.6395 32.7773
145.6408 32.7045
145.6414 32.7169
145.6418 32.4377
145.6431 32.6731
145.6431 32.8453
145.6433 32.7093
145.6436 32.7429
145.6445 32.5061
145.6445 32.7724
145.6455 32.5190
145.6464 32.4305
145.6467 32.8190
145.6498 32.8972
145.6500 32.6167
145.6501 32.6197
145.6503 32.6296
145.6504 32.6941
145.6512 32.4021
145.6516 32.6214
145.6517 32.6367
145.6519 32.8178
145.6520 32.6465
145.6527 32.6917
145.6527 32.7479
145.6534 32.4560
145.6534 32.7656
145.6543 32.7355
145.6549 32.7827
145.6576 32.8599
145.6583 32.6141
145.6585 32.3988
145.6586 32.4604
145.6586 32.6779
145.6608 32.6644
145.6613 32.7810
145.6614 32.7254
145.6617 32.5078
145.6617 32.5906
145.6621 32.7441
145.6625 32.6730
145.6631 32.5865
145.6633 32.7099
145.6634 32.4700
145.6646 32.6850
145.6657 32.7275
145.6660 32.4374
145.6662 32.6453
145.6668 32.7137
145.6675 32.7282
145.6677 32.7867
145.6678 32.4785
145.6679 32.8158
145.6685 32.5009
145.6698 32.6942
145.6710 32.3638
145.6732 32.7125
145.6752 32.6885
145.6759 32.7482
145.6784 32.6493
145.6803 32.6688
145.6804 32.6535
145.6805 32.7838
145.6806 32.6865
145.6813 32.7531
145.6821 32.6464
145.6837 32.7358
145.6853 32.7889
145.6865 32.6531
145.6884 32.7209
145.6887 32.7119
145.6907 32.6629
145.6920 32.6171
145.6936 32.6915
145.6975 32.5441
145.6980 32.8607
145.6982 32.4148
145.7000 32.7684
145.7016 32.7720
145.7021 32.7325
145.7023 32.7478
145.7044 32.6075
145.7050 32.6306
145.7077 32.7652
145.7164 32.4962
145.7172 32.7827
145.7198 32.6991
145.7234 32.5392
145.7237 32.7802
145.7289 32.7683
145.7322 32.7216
145.7337 32.6654
145.7370 32.3813
145.7378 32.5374
145.7381 32.3719
145.7386 32.7098
145.7408 32.8075
145.7467 32.5156
145.7571 32.6050
145.7874 32.5050
145.7942 32.5716
145.8160 32.6036
145.8352 32.7005
145.8388 32.6255
145.8588 32.6136
