134.5546 79.8358
134.5552 79.8013
134.5679 79.7676
134.5720 79.7348
134.5743 79.7252
134.5746 79.8569
134.5784 79.8173
134.5867 79.9090
134.6046 79.9982
134.6053 79.8338
134.6084 79.8111
134.6109 79.7530
134.6158 79.9945
134.6172 79.7644
134.6308 79.9682
134.6368 79.6970
134.6370 79.8957
134.6385 79.7626
134.6399 79.9723
134.6421 80.0328
134.6426 79.6437
134.6436 79.6276
134.6438 79.9719
134.6468 79.8039
134.6499 79.9892
134.6519 79.7155
134.6554 79.8998
134.6565 79.7221
134.6569 79.8286
134.6579 79.6511
134.6585 79.9798
134.6590 79.6685
134.6591 79.7218
134.6599 79.6871
134.6607 79.7007
134.6610 79.7020
134.6617 80.1069
134.6618 80.0648
134.6624 79.9111
134.6631 79.5814
134.6637 79.6932
134.6637 79.8498
134.6639 79.7531
134.6645 79.7582
134.6652 79.7090
134.6658 79.8258
134.6670 80.1016
134.6674 79.7538
134.6678 79.7215
134.6680 80.0767
134.6688 79.7213
134.6688 80.0591
134.6693 80.0684
134.6697 80.0065
134.6703 79.7277
134.6703 80.0034
134.6706 79.7328
134.6706 79.8643
134.6708 80.0702
134.6717 79.7913
134.6726 80.0282
134.6728 79.8174
134.6729 79.7463
134.6740 79.9816
134.6750 79.8098
134.6753 79.7777
134.6756 79.5963
134.6758 79.6965
134.6762 79.7095
134.6766 79.6059
134.6767 79.8130
134.6779 80.0698
134.6802 79.8122
134.6803 79.7987
134.6812 79.7656
134.6813 79.5926
134.6837 79.6853
134.6840 79.8184
134.6845 79.6843
134.6852 79.7143
134.6862 79.8702
134.6864 79.7326
134.6873 80.0478
134.6881 79.7567
134.6898 79.7209
134.6904 79.9876
134.6926 79.5740
134.6928 79.6765
134.6936 80.0576
134.6941 79.6580
134.6955 80.0414
134.6960 79.9380
134.6964 79.8594
134.6977 79.7632
134.6979 79.7513
134.6981 79.7190
134.6985 79.7504
134.6998 79.7770
134.7002 79.7704
134.7008 79.7443
134.7012 79.8206
134.7012 79.8364
134.7014 79.9581
134.7016 80.0021
134.7021 80.0812
134.7024 80.0535
134.7026 79.6356
134.7026 79.7976
134.7027 79.7312
134.7031 80.0482
134.7034 79.6546
134.7045 80.0176
134.7049 79.8648
134.7051 80.0423
134.7056 79.7778
134.7065 79.7510
134.7066 79.5540
134.7070 79.7526
134.7076 79.7713
134.7077 79.7768
134.7085 79.7184
134.7093 79.7090
134.7095 79.7099
134.7095 79.8072
134.7096 79.9566
134.7098 79.7871
134.7100 79.9788
134.7100 80.0431
134.7108 79.9914
134.7111 79.7119
134.7117 79.7865
134.7119 79.9690
134.7121 79.8129
134.7124 79.7680
134.7126 79.6906
134.7127 79.7052
134.7130 80.0010
134.7132 79.7840
134.7135 79.7484
134.7140 79.7565
134.7142 79.7298
134.7143 79.7815
134.7147 79.8243
134.7151 80.1006
134.7153 79.8556
134.7155 79.7112
134.7155 80.1151
134.7157 80.0920
134.7165 80.0350
134.7174 79.7036
134.7179 79.6009
134.7186 79.9662
134.7188 79.8991
134.7190 79.9973
134.7192 80.0179
134.7198 79.7410
134.7198 79.8630
134.7198 80.0022
134.7200 79.6788
134.7200 79.7629
134.7203 80.0156
134.7210 79.7683
134.7211 80.1212
134.7215 79.7554
134.7215 79.8464
134.7217 79.8592
134.7218 79.9599
134.7220 80.0078
134.7238 80.0670
134.7241 80.1165
134.7243 79.8188
134.7245 79.7053
134.7247 79.6417
134.7247 80.0317
134.7250 80.1052
134.7252 79.6723
134.7253 79.8137
134.7254 79.6666
134.7262 79.6760
134.7262 79.7648
134.7263 79.9622
134.7265 80.0447
134.7276 79.5922
134.7278 79.8566
134.7280 79.8500
134.7286 80.0006
134.7288 79.7744
134.7298 79.6933
134.7300 79.8276
134.7306 79.7034
134.7307 80.0090
134.7312 79.8019
134.7318 79.7243
134.7321 79.9939
134.7328 79.7088
134.7329 79.8453
134.7330 79.8673
134.7332 79.6906
134.7332 80.0629
134.7334 79.9103
134.7335 79.8782
134.7336 79.7061
134.7339 79.7401
134.7343 79.7758
134.7345 79.7544
134.7346 79.7659
134.7351 79.7705
134.7354 79.6936
134.7362 79.7452
134.7363 79.9989
134.7364 79.8188
134.7369 79.8003
134.7374 79.7852
134.7375 79.5619
134.7389 80.0741
134.7394 79.9830
134.7405 80.0504
134.7407 79.7395
134.7409 79.7650
134.7416 79.9726
134.7419 79.7600
134.7419 79.7664
134.7425 79.7141
134.7430 79.9372
134.7432 79.6395
134.7433 79.7677
134.7436 79.8798
134.7437 79.9053
134.7437 80.0443
134.7439 79.7013
134.7440 79.8153
134.7441 80.0661
134.7442 79.7252
134.7442 80.0227
134.7443 79.7846
134.7449 79.7832
134.7452 80.0267
134.7458 79.7206
134.7461 80.0078
134.7463 79.9705
134.7465 79.8228
134.7472 80.0583
134.7474 79.7968
134.7475 79.8341
134.7479 79.9724
134.7483 79.7849
134.7488 80.0407
134.7490 79.8766
134.7492 79.5533
134.7494 79.9441
134.7495 79.7726
134.7498 79.7810
134.7500 79.7975
134.7502 79.7670
134.7503 79.7274
134.7505 80.0178
134.7506 80.1104
134.7508 79.9964
134.7514 80.0210
134.7518 79.7747
134.7518 79.9918
134.7521 80.0304
134.7522 79.6864
134.7523 79.9778
134.7525 79.8142
134.7526 79.7149
134.7529 79.7504
134.7532 79.9869
134.7535 79.7391
134.7542 80.0085
134.7547 79.5887
134.7547 79.9487
134.7547 80.0635
134.7549 79.8423
134.7550 80.0165
134.7554 79.7602
134.7554 79.7885
134.7555 79.7961
134.7561 80.0637
134.7563 79.9817
134.7564 79.9266
134.7565 80.0656
134.7566 79.6919
134.7577 79.8114
134.7582 79.6787
134.7592 79.7625
134.7592 79.7964
134.7593 79.7371
134.7594 79.7747
134.7595 79.7449
134.7596 80.0493
134.7598 79.8739
134.7600 80.0126
134.7601 80.0064
134.7607 79.7212
134.7609 80.0213
134.7614 79.9800
134.7615 79.9006
134.7616 79.7184
134.7621 80.0233
134.7624 79.7393
134.7626 79.7608
134.7628 79.8067
134.7629 80.0435
134.7630 79.7469
134.7630 80.1265
134.7634 80.0858
134.7636 80.0370
134.7639 80.0869
134.7640 79.6946
134.7640 79.7096
134.7640 79.9260
134.7646 79.7126
134.7646 79.7260
134.7651 80.0040
134.7653 79.8814
134.7659 79.6799
134.7659 79.9996
134.7666 79.6768
134.7671 80.0615
134.7672 79.8530
134.7674 79.9313
134.7675 80.0879
134.7677 80.0009
134.7680 80.0032
134.7693 79.8625
134.7694 79.9431
134.7695 79.6754
134.7699 80.0245
134.7701 79.8354
134.7704 79.9530
134.7710 80.0537
134.7712 79.6657
134.7715 79.7629
134.7719 79.9983
134.7720 79.8532
134.7720 80.0103
134.7725 79.8753
134.7729 79.5514
134.7735 79.9961
134.7736 80.0118
134.7737 79.5639
134.7747 79.8851
134.7749 79.6542
134.7749 80.0676
134.7751 79.6819
134.7752 79.6471
134.7755 79.7822
134.7756 80.0683
134.7757 79.6708
134.7762 79.7459
134.7763 79.6935
134.7770 79.8160
134.7771 79.7542
134.7778 79.7232
134.7781 79.9760
134.7782 80.0357
134.7784 79.6244
134.7784 79.6878
134.7784 79.8373
134.7791 79.7515
134.7791 79.8449
134.7791 79.9735
134.7797 79.9626
134.7798 79.7534
134.7799 79.9140
134.7812 80.0373
134.7813 80.0699
134.7816 79.7572
134.7816 80.0350
134.7818 79.7224
134.7822 79.8183
134.7822 80.0479
134.7825 80.0965
134.7831 79.9967
134.7836 79.8229
134.7838 80.0931
134.7839 79.7512
134.7839 80.0079
134.7849 79.8527
134.7850 79.7293
134.7852 79.8923
134.7854 79.7318
134.7856 79.9881
134.7862 79.8291
134.7862 80.0051
134.7863 79.7203
134.7869 79.7585
134.7872 80.1553
134.7875 80.0426
134.7889 79.7722
134.7890 80.0372
134.7891 80.0619
134.7896 79.7303
134.7896 79.7863
134.7906 79.6784
134.7907 79.8263
134.7908 80.0070
134.7909 79.6711
134.7909 79.7808
134.7910 79.8180
134.7921 79.8566
134.7924 79.7706
134.7924 79.8081
134.7928 80.0134
134.7934 79.8370
134.7936 79.7158
134.7937 79.9588
134.7938 79.7660
134.7939 79.7891
134.7944 79.8025
134.7948 79.7121
134.7949 79.9971
134.7950 79.7369
134.7951 80.0556
134.7952 79.8426
134.7959 79.9607
134.7961 80.0470
134.7962 80.0767
134.7979 80.0357
134.7981 79.7995
134.7989 79.7455
134.7990 79.7384
134.7995 79.6937
134.8002 80.0055
134.8003 80.0235
134.8009 80.0285
134.8010 79.7085
134.8012 80.0864
134.8022 80.0023
134.8023 79.7620
134.8024 79.6515
134.8027 80.0107
134.8028 80.0397
134.8030 79.7659
134.8035 79.6927
134.8038 79.7027
134.8038 79.8910
134.8039 80.0147
134.8041 79.9663
134.8056 80.0300
134.8062 79.7522
134.8066 79.8459
134.8068 80.0373
134.8072 79.7710
134.8076 80.0325
134.8077 79.7467
134.8080 79.6807
134.8080 79.8724
134.8080 80.0174
134.8086 79.6988
134.8086 79.7598
134.8086 80.0463
134.8087 79.7402
134.8088 80.0010
134.8091 80.0257
134.8091 80.0557
134.8092 80.0449
134.8100 80.0192
134.8104 80.0545
134.8106 79.7602
134.8108 79.8991
134.8108 79.9895
134.8111 80.0365
134.8113 80.0156
134.8118 80.0223
134.8124 79.7509
134.8124 80.0998
134.8136 79.7616
134.8148 79.5826
134.8154 79.8079
134.8164 79.7203
134.8165 79.9003
134.8169 79.9430
134.8172 80.0906
134.8174 79.6618
134.8180 80.0225
134.8183 79.7202
134.8201 79.7716
134.8210 79.8232
134.8221 80.0529
134.8242 79.6614
134.8244 79.7068
134.8250 79.7549
134.8251 79.6544
134.8253 79.8001
134.8254 79.9474
134.8268 80.0007
134.8274 79.8984
134.8275 79.7597
134.8276 79.8008
134.8286 79.7658
134.8298 79.7839
134.8298 79.9491
134.8298 80.0408
134.8301 80.0679
134.8301 80.0716
134.8307 79.7702
134.8310 79.7437
134.8323 79.9492
134.8333 79.9797
134.8351 79.9773
134.8352 79.6497
134.8352 80.0484
134.8359 80.0604
134.8363 80.0067
134.8371 79.8356
134.8384 79.6946
134.8389 79.8005
134.8389 79.8732
134.8416 79.9906
134.8418 80.0466
134.8433 80.0206
134.8441 79.8120
134.8443 80.0249
134.8453 79.7577
134.8489 79.8102
134.8501 80.0486
134.8503 80.0300
134.8512 79.9733
134.8518 79.8750
134.8540 79.6892
134.8579 80.0676
134.8583 79.7278
134.8589 79.7937
134.8596 79.7248
134.8620 79.8828
134.8632 79.9693
134.8638 79.8662
134.8644 79.7517
134.8645 79.6240
134.8661 79.9643
134.8681 79.9019
134.8698 79.9745
134.8701 79.7506
134.8701 79.8510
134.8705 79.6738
134.8721 79.7347
134.8773 80.0180
134.8777 79.9340
134.8782 79.8076
134.8784 80.0197
134.8803 80.0341
134.8816 80.0530
134.8829 79.8138
134.8833 79.6788
134.8842 79.8867
134.8894 79.7050
134.8902 79.7772
134.8949 79.6438
134.8965 80.0034
134.8973 79.7259
134.8978 79.7224
134.8978 79.9323
134.8997 79.7021
134.8997 79.8680
134.9063 79.6923
134.9080 79.7098
134.9098 79.7619
134.9100 80.0242
134.9104 79.9377
134.9134 79.7418
134.9150 79.7307
134.9152 79.7574
134.9156 79.8908
134.9170 79.7595
134.9179 79.7559
134.9196 79.7620
134.9210 79.7703
134.9221 79.6450
134.9222 79.7375
134.9248 79.6732
134.9267 79.9046
134.9270 79.8842
134.9318 79.6896
134.9332 79.8449
134.9346 79.6891
134.9355 80.2412
134.9358 80.1804
134.9385 79.7909
134.9417 79.6611
134.9419 79.7320
134.9422 79.7938
134.9424 79.9805
134.9425 79.7812
134.9495 79.7034
134.9498 79.7908
134.9499 79.7719
134.9520 79.5577
134.9542 79.8073
134.9557 79.8766
134.9561 79.6995
134.9581 79.6884
134.9617 79.7399
134.9633 79.9872
134.9640 79.6993
134.9640 79.8248
134.9647 79.7050
134.9651 79.6470
134.9653 79.8484
134.9665 79.9959
134.9670 79.7400
134.9683 79.6861
134.9685 79.7406
134.9696 79.5528
134.9722 79.7023
134.9729 79.6978
134.9737 79.6049
134.9738 80.0046
134.9743 79.7384
134.9765 79.7107
134.9769 79.6960
134.9796 79.7052
134.9796 79.7627
134.9799 79.7332
134.9801 79.7324
134.9802 79.5364
134.9803 79.7888
134.9821 79.7188
134.9827 79.7369
134.9829 79.6850
134.9830 79.7371
134.9832 79.6906
134.9844 79.8509
134.9848 79.9908
134.9850 79.4845
134.9864 79.5636
134.9877 79.9936
134.9893 79.7002
134.9903 79.6507
134.9904 79.6959
134.9910 79.7359
134.9925 79.6648
134.9932 79.6605
134.9934 79.6393
134.9936 79.7122
134.9941 79.6676
134.9946 79.7695
134.9948 79.7452
134.9949 79.7588
134.9955 79.6499
134.9970 79.7607
134.9977 79.7760
134.9977 79.8111
134.9980 79.6646
134.9982 79.7168
134.9987 79.6595
135.0014 79.9854
135.0018 79.6209
135.0020 79.7013
135.0022 79.7220
135.0023 79.6754
135.0036 79.7110
135.0036 79.7983
135.0047 79.6653
135.0065 79.6116
135.0066 79.7037
135.0073 79.7472
135.0079 79.7472
135.0083 79.7045
135.0087 79.7430
135.0088 79.7996
135.0095 79.6519
135.0107 79.7025
135.0108 79.7064
135.0112 79.7237
135.0114 79.7823
135.0116 79.5110
135.0119 79.7146
135.0124 79.7152
135.0131 79.7246
135.0139 79.7393
135.0148 79.7713
135.0150 79.9520
135.0152 79.6623
135.0163 79.6960
135.0163 79.9553
135.0168 79.7296
135.0169 79.6898
135.0180 79.6216
135.0181 79.7835
135.0190 79.6951
135.0191 79.8471
135.0193 79.7985
135.0202 79.7026
135.0208 80.0576
135.0209 79.6572
135.0211 79.7172
135.0212 79.7240
135.0212 79.8420
135.0215 79.6980
135.0222 79.7087
135.0223 79.6148
135.0230 79.6898
135.0234 79.7328
135.0236 79.6301
135.0237 79.9685
135.0239 79.6890
135.0239 79.8239
135.0240 79.6817
135.0245 79.6317
135.0246 79.6906
135.0247 79.7135
135.0269 79.9828
135.0270 79.6267
135.0271 79.7071
135.0274 79.6501
135.0274 79.7084
135.0285 79.7542
135.0288 80.0248
135.0290 79.7604
135.0293 79.9686
135.0296 79.7551
135.0304 79.6399
135.0311 79.6556
135.0311 79.7641
135.0315 79.6738
135.0319 79.6883
135.0319 79.9827
135.0322 79.8276
135.0327 79.9963
135.0328 79.7606
135.0329 79.7024
135.0330 79.7941
135.0330 79.8224
135.0333 79.9004
135.0334 79.9619
135.0341 79.7830
135.0345 79.8442
135.0347 79.6302
135.0353 79.7293
135.0356 79.9798
135.0360 79.7454
135.0364 79.6700
135.0371 79.6872
135.0372 79.7474
135.0373 79.7042
135.0374 79.6289
135.0381 79.7231
135.0381 79.7944
135.0382 79.6824
135.0383 79.9991
135.0386 79.6949
135.0389 79.7346
135.0389 79.9394
135.0390 79.9286
135.0397 79.7339
135.0399 79.9360
135.0409 79.5689
135.0411 79.6929
135.0413 79.7630
135.0420 79.9464
135.0421 79.7514
135.0426 79.5628
135.0429 79.6601
135.0429 79.6656
135.0440 79.9938
135.0446 79.9408
135.0449 79.9621
135.0450 79.7139
135.0453 79.6634
135.0458 79.6972
135.0459 79.7629
135.0460 79.6103
135.0460 80.0246
135.0461 79.6939
135.0469 79.6537
135.0473 79.9697
135.0475 79.6783
135.0475 79.7202
135.0485 79.7006
135.0488 79.7431
135.0492 79.8200
135.0513 79.9853
135.0515 79.8266
135.0522 79.6923
135.0524 79.9694
135.0527 79.9680
135.0528 79.6644
135.0541 79.8278
135.0549 80.0275
135.0550 79.6049
135.0553 79.6865
135.0553 79.9865
135.0558 79.7046
135.0562 79.5961
135.0563 79.7540
135.0566 79.7069
135.0568 79.7660
135.0572 79.9238
135.0580 79.7341
135.0586 79.5881
135.0590 79.9668
135.0595 79.9873
135.0596 79.7733
135.0601 79.6797
135.0606 79.9701
135.0614 79.9856
135.0616 79.7027
135.0621 79.9958
135.0634 79.9986
135.0639 79.6489
135.0650 79.6690
135.0651 79.6171
135.0651 79.6988
135.0660 79.7347
135.0682 79.9791
135.0692 79.6229
135.0694 79.7228
135.0694 79.9731
135.0695 79.9917
135.0699 79.9264
135.0700 80.0168
135.0708 79.9892
135.0717 79.7981
135.0720 79.8172
135.0738 79.7295
135.0739 79.9165
135.0745 79.6705
135.0749 79.6725
135.0750 79.9091
135.0752 79.6302
135.0759 79.7476
135.0768 79.7032
135.0769 79.6881
135.0774 79.7276
135.0778 79.6275
135.0786 79.9170
135.0787 79.9926
135.0793 79.5637
135.0793 79.7743
135.0795 79.9857
135.0802 79.5780
135.0804 79.9744
135.0805 80.0193
135.0812 79.7265
135.0824 79.6741
135.0828 79.7071
135.0828 79.9695
135.0833 79.9627
135.0834 79.9328
135.0835 79.7426
135.0840 79.6910
135.0840 79.7851
135.0843 79.6757
135.0844 80.0163
135.0847 79.7134
135.0848 79.8965
135.0849 79.9844
135.0854 79.9868
135.0860 79.7294
135.0860 79.9559
135.0874 79.8037
135.0874 79.8093
135.0880 79.9719
135.0881 79.9312
135.0885 79.8616
135.0895 79.6986
135.0895 80.0121
135.0905 80.0197
135.0906 79.9629
135.0907 79.9674
135.0919 79.9266
135.0921 79.9692
135.0922 79.9464
135.0927 79.7329
135.0928 79.7674
135.0930 79.6901
135.0931 79.7319
135.0943 79.8166
135.0945 79.6800
135.0951 79.8413
135.0953 79.9616
135.0961 79.7135
135.1008 79.9150
135.1009 80.0238
135.1050 80.0063
135.1051 79.8063
135.1061 80.0773
135.1067 79.9976
135.1072 79.9567
135.1085 79.7176
135.1104 79.9007
135.1117 79.9544
135.1122 79.6676
135.1129 80.0212
135.1140 79.9532
135.1144 79.7022
135.1157 79.9792
135.1168 79.7756
135.1180 80.0147
135.1186 80.1612
135.1189 79.9683
135.1196 79.9843
135.1200 79.7413
135.1212 79.9712
135.1233 80.0347
135.1240 80.0855
135.1250 79.9851
135.1261 79.6880
135.1275 80.0168
135.1289 79.9337
135.1296 79.9791
135.1319 79.9939
135.1330 80.0660
135.1336 80.0267
135.1338 79.9386
135.1366 79.8800
135.1381 79.4985
135.1381 79.9725
135.1382 79.6746
135.1385 79.9888
135.1387 79.9597
135.1391 80.0510
135.1412 80.0233
135.1417 79.9834
135.1425 79.9766
135.1435 79.8407
135.1444 79.6442
135.1445 79.9307
135.1462 79.9396
135.1466 79.8591
135.1477 79.7656
135.1480 79.9819
135.1489 79.9005
135.1501 79.9561
135.1507 79.5683
135.1510 79.9455
135.1555 79.9976
135.1593 79.9652
135.1593 80.0141
135.1599 79.7171
135.1640 79.9561
135.1644 79.9772
135.1661 79.9869
135.1664 79.8736
135.1721 79.5215
135.1769 79.8949
135.1769 79.9602
135.1819 79.9472
135.1829 79.6645
135.1861 79.9830
135.1881 79.8083
135.1951 79.9547
135.1966 79.8159
135.1966 80.0247
135.2082 79.8057
135.2283 79.8408
135.2325 79.8592
135.2438 79.6247
135.2726 79.7055
135.2733 79.7259
135.3218 79.9678
