37.0101 137.7439
37.0802 137.9036
37.0807 137.7872
37.1043 137.8347
37.1068 137.9862
37.1094 137.8179
37.1166 137.4328
37.1234 137.7636
37.1239 137.8913
37.1256 137.7837
37.1261 137.7978
37.1266 137.8838
37.1355 137.8872
37.1400 137.9594
37.1444 137.9204
37.1448 137.9076
37.1494 137.9425
37.1524 137.8620
37.1527 137.9135
37.1569 137.9654
37.1573 137.8251
37.1575 137.9214
37.1594 137.8252
37.1613 137.9400
37.1620 137.9037
37.1663 137.8880
37.1674 137.8304
37.1718 137.9158
37.1745 137.9378
37.1752 137.9881
37.1753 137.8634
37.1754 137.9391
37.1769 137.8746
37.1771 137.7426
37.1776 137.8569
37.1861 137.6673
37.1871 137.9798
37.1885 137.9079
37.1925 137.9139
37.1931 137.9715
37.1933 137.8806
37.1950 137.9022
37.1955 137.8331
37.1967 137.8504
37.2007 137.7983
37.2014 137.6074
37.2014 137.9232
37.2026 138.0055
37.2037 137.7945
37.2042 137.9745
37.2053 137.9896
37.2057 137.8474
37.2061 137.8297
37.2062 137.8903
37.2072 137.8995
37.2089 137.9137
37.2097 137.5469
37.2102 137.7857
37.2112 137.7544
37.2124 137.9658
37.2131 137.8787
37.2147 137.5866
37.2151 138.0436
37.2152 137.8885
37.2170 137.9003
37.2182 137.9287
37.2185 137.8652
37.2185 137.9455
37.2186 137.6181
37.2188 137.8135
37.2205 137.9427
37.2209 137.8854
37.2217 137.5635
37.2235 137.9358
37.2244 137.8201
37.2257 137.8249
37.2259 137.5254
37.2260 137.8794
37.2266 137.9580
37.2267 137.4203
37.2271 137.9124
37.2273 137.8330
37.2276 137.8007
37.2286 137.8918
37.2289 137.8847
37.2292 137.5897
37.2297 137.4591
37.2308 137.8909
37.2314 137.8880
37.2315 137.9733
37.2328 137.7343
37.2329 137.4853
37.2331 137.7815
37.2332 137.6146
37.2333 137.8075
37.2340 137.8738
37.2351 137.7308
37.2353 137.8853
37.2354 137.7354
37.2357 137.8371
37.2369 137.8565
37.2369 137.8632
37.2369 137.9104
37.2370 137.5559
37.2370 137.8463
37.2380 138.0130
37.2387 137.8941
37.2392 137.4699
37.2398 137.9179
37.2405 137.8738
37.2408 137.8367
37.2408 137.9544
37.2411 137.8070
37.2416 137.8312
37.2417 137.9694
37.2421 137.8846
37.2423 137.8659
37.2424 137.8099
37.2428 137.8022
37.2430 137.8178
37.2431 138.0027
37.2433 137.8107
37.2441 137.7767
37.2443 137.5787
37.2450 137.9063
37.2456 137.8851
37.2465 137.7860
37.2472 137.8765
37.2473 137.9145
37.2475 137.6005
37.2475 137.8361
37.2476 137.8948
37.2490 137.8230
37.2496 137.8989
37.2503 137.8885
37.2504 137.9036
37.2509 137.7424
37.2509 137.7961
37.2514 137.6948
37.2526 137.9291
37.2527 137.9117
37.2528 137.6992
37.2530 137.4670
37.2530 137.9464
37.2536 137.8973
37.2538 137.4882
37.2540 137.8797
37.2541 137.5326
37.2542 137.9328
37.2544 137.7820
37.2544 137.9679
37.2556 137.9056
37.2557 137.8430
37.2563 137.8368
37.2565 137.8533
37.2568 137.9005
37.2570 137.9434
37.2572 137.8446
37.2576 137.7581
37.2577 137.9211
37.2578 137.5694
37.2585 137.6414
37.2585 137.7986
37.2586 137.8641
37.2587 137.8640
37.2588 137.9134
37.2597 137.8791
37.2598 137.8260
37.2600 137.8711
37.2607 137.7701
37.2607 137.9394
37.2612 137.8179
37.2612 137.8661
37.2618 137.4866
37.2622 137.6107
37.2624 137.7933
37.2625 137.9187
37.2626 137.5112
37.2629 137.7643
37.2632 137.7798
37.2641 137.8054
37.2642 137.8425
37.2647 137.8152
37.2653 137.8564
37.2656 137.8109
37.2661 137.9095
37.2664 137.8938
37.2667 137.8998
37.2667 137.9710
37.2668 137.8168
37.2670 137.8850
37.2671 137.7665
37.2674 137.4789
37.2677 137.4890
37.2679 137.8811
37.2681 137.8427
37.2681 137.9118
37.2684 137.8685
37.2690 137.8458
37.2692 137.8338
37.2693 137.9650
37.2694 137.7896
37.2694 137.8930
37.2696 137.8944
37.2700 137.5355
37.2704 137.5107
37.2704 137.9305
37.2708 137.3899
37.2708 137.7747
37.2708 137.8175
37.2709 137.5875
37.2710 137.4859
37.2712 137.6918
37.2712 137.8297
37.2712 137.9081
37.2715 137.5085
37.2715 137.8333
37.2716 137.8751
37.2720 137.5518
37.2722 137.8630
37.2724 137.4435
37.2725 137.4897
37.2728 137.4990
37.2728 137.9807
37.2730 137.4468
37.2732 137.8333
37.2734 137.8089
37.2735 137.5944
37.2737 137.7817
37.2744 137.6124
37.2746 137.8103
37.2749 137.8875
37.2753 137.8060
37.2754 137.7465
37.2754 137.8248
37.2754 137.8483
37.2757 137.4927
37.2758 137.8799
37.2760 137.8317
37.2764 137.5257
37.2766 137.8259
37.2767 137.8585
37.2768 137.4000
37.2769 137.9278
37.2775 137.7817
37.2776 137.8988
37.2776 137.9735
37.2777 137.8477
37.2778 137.7971
37.2779 137.4366
37.2780 137.7785
37.2783 137.5398
37.2783 137.8319
37.2784 137.4771
37.2784 137.8433
37.2786 137.7749
37.2789 137.8627
37.2793 137.3730
37.2794 137.8911
37.2795 137.9225
37.2797 137.8333
37.2799 137.8736
37.2804 137.7724
37.2804 137.7762
37.2804 137.8525
37.2806 137.5615
37.2808 137.8941
37.2811 137.8620
37.2816 137.5546
37.2820 137.8494
37.2822 137.5655
37.2822 137.7314
37.2823 137.5903
37.2823 137.7784
37.2832 137.8260
37.2834 137.8512
37.2840 137.7569
37.2841 137.8655
37.2844 137.4397
37.2851 137.5574
37.2851 137.7854
37.2859 137.8510
37.2859 137.9320
37.2860 137.5930
37.2860 137.7410
37.2860 137.8779
37.2863 137.6990
37.2863 137.7482
37.2870 137.8484
37.2871 137.8616
37.2872 137.8391
37.2873 137.7472
37.2873 137.8338
37.2876 137.9053
37.2878 137.9016
37.2880 137.5679
37.2880 137.8396
37.2880 137.9152
37.2884 137.5927
37.2884 137.8716
37.2887 137.4836
37.2890 137.5410
37.2892 137.9376
37.2893 137.6169
37.2894 137.8562
37.2895 137.8630
37.2896 137.7892
37.2896 137.8555
37.2897 137.9072
37.2898 137.6144
37.2899 137.8136
37.2900 137.3941
37.2902 137.9754
37.2903 137.8617
37.2905 137.4945
37.2906 137.8790
37.2907 137.8219
37.2908 137.8112
37.2908 137.8626
37.2910 137.8640
37.2912 137.7136
37.2913 137.4912
37.2914 137.5346
37.2917 137.9485
37.2921 137.5639
37.2921 137.5640
37.2921 137.8828
37.2922 137.7565
37.2923 137.8988
37.2926 137.9678
37.2927 137.7992
37.2930 137.8989
37.2932 137.6557
37.2933 137.9653
37.2934 137.5798
37.2934 137.5981
37.2935 137.9366
37.2936 137.4549
37.2938 137.5091
37.2938 137.5768
37.2940 137.5530
37.2941 137.8802
37.2943 137.6471
37.2945 137.5234
37.2946 137.8012
37.2947 137.6889
37.2947 137.8303
37.2951 137.6129
37.2952 137.4668
37.2952 137.6977
37.2953 137.9004
37.2956 137.9317
37.2958 137.8715
37.2963 137.8734
37.2963 137.8876
37.2964 137.9767
37.2966 137.7181
37.2967 137.8438
37.2969 137.5756
37.2969 137.8724
37.2970 137.4562
37.2971 137.4990
37.2973 137.4868
37.2973 137.8276
37.2982 137.8073
37.2983 137.5850
37.2986 137.8946
37.2989 137.7732
37.2991 137.5712
37.2992 137.8175
37.2993 137.9081
37.2994 137.8954
37.2995 137.5546
37.2996 137.5015
37.2998 138.0093
37.2999 137.4295
37.2999 137.8915
37.3003 137.8651
37.3004 137.8416
37.3004 137.9656
37.3005 137.7816
37.3005 137.9551
37.3010 137.6341
37.3010 137.8876
37.3012 137.9254
37.3015 137.9406
37.3016 137.8522
37.3017 137.7390
37.3019 137.4495
37.3019 137.8200
37.3020 137.5189
37.3020 137.8667
37.3021 137.6982
37.3021 137.8347
37.3026 137.7940
37.3026 137.8261
37.3033 137.5432
37.3033 137.8155
37.3035 137.4004
37.3035 137.7023
37.3036 137.6249
37.3036 137.8735
37.3038 137.6036
37.3040 137.8282
37.3040 137.8400
37.3041 137.8939
37.3042 137.7887
37.3045 137.7230
37.3047 137.7829
37.3047 137.8158
37.3050 137.9742
37.3051 137.4486
37.3051 137.7704
37.3052 137.4981
37.3056 137.5181
37.3057 137.8720
37.3058 137.7370
37.3059 137.8677
37.3060 137.5310
37.3062 137.4057
37.3062 137.4348
37.3062 137.5216
37.3062 137.5466
37.3064 137.6115
37.3065 137.8705
37.3066 137.8172
37.3069 137.8152
37.3069 137.8292
37.3070 137.7308
37.3072 137.4940
37.3072 137.5665
37.3073 137.5376
37.3073 137.5681
37.3074 137.7050
37.3074 137.8021
37.3077 137.7126
37.3080 137.7444
37.3081 137.4989
37.3081 137.8139
37.3083 137.7514
37.3084 137.5222
37.3084 137.8736
37.3087 137.8869
37.3088 137.8896
37.3089 137.6133
37.3092 137.8461
37.3093 137.8983
37.3094 137.5315
37.3094 137.5796
37.3095 137.7356
37.3095 137.8645
37.3100 137.7090
37.3102 137.8037
37.3103 137.6518
37.3103 137.6786
37.3103 137.7345
37.3106 137.8112
37.3106 137.8369
37.3106 137.8731
37.3107 137.4827
37.3107 137.7762
37.3109 137.5761
37.3113 137.5269
37.3115 137.7335
37.3117 137.5613
37.3117 137.8162
37.3121 137.8865
37.3123 137.7834
37.3123 137.7869
37.3123 137.9027
37.3123 138.0013
37.3124 137.5485
37.3125 137.8108
37.3128 137.8904
37.3131 137.4873
37.3132 137.5397
37.3134 137.9082
37.3135 137.9236
37.3135 137.9239
37.3138 137.8893
37.3141 137.5360
37.3141 137.6032
37.3141 137.7658
37.3144 137.4541
37.3144 137.5872
37.3144 137.9353
37.3146 137.5563
37.3146 137.7998
37.3147 137.5189
37.3147 137.9418
37.3155 137.8552
37.3166 137.8692
37.3171 137.8272
37.3172 137.5562
37.3175 137.5693
37.3175 137.8185
37.3176 137.5639
37.3176 137.7613
37.3176 137.8491
37.3177 137.5129
37.3177 137.5439
37.3178 137.5106
37.3181 137.5180
37.3181 137.8568
37.3182 137.9146
37.3185 137.8471
37.3186 137.5475
37.3186 137.5684
37.3186 137.8707
37.3190 137.4696
37.3190 137.5226
37.3190 137.8397
37.3190 137.8960
37.3191 137.8862
37.3193 137.8647
37.3194 137.5057
37.3194 137.8499
37.3195 137.6472
37.3195 137.8310
37.3196 137.7604
37.3198 137.4860
37.3199 137.5023
37.3199 137.5967
37.3200 137.8980
37.3201 137.7850
37.3201 137.8069
37.3202 137.7750
37.3205 137.8391
37.3207 137.4395
37.3210 137.5676
37.3211 137.8156
37.3212 137.5508
37.3214 137.8300
37.3216 137.7515
37.3217 137.7142
37.3218 137.4958
37.3218 137.5378
37.3220 137.7491
37.3220 137.7887
37.3221 137.9270
37.3224 137.8131
37.3226 137.5028
37.3226 137.9114
37.3227 137.8455
37.3228 137.6113
37.3228 137.7738
37.3228 137.8138
37.3229 137.8020
37.3229 137.9085
37.3230 137.8416
37.3230 137.8740
37.3235 137.5473
37.3236 137.7740
37.3237 137.8485
37.3237 137.8824
37.3241 137.5281
37.3241 137.6974
37.3242 137.4811
37.3242 137.5886
37.3242 137.8697
37.3243 137.4852
37.3243 137.8496
37.3244 137.5561
37.3244 137.9121
37.3245 137.7985
37.3246 137.5531
37.3247 137.5270
37.3247 137.7597
37.3247 137.8193
37.3248 137.7323
37.3248 137.7852
37.3249 137.9366
37.3251 137.5683
37.3252 137.8390
37.3253 137.8460
37.3254 137.6056
37.3257 137.7870
37.3258 137.5156
37.3259 137.5343
37.3259 137.5733
37.3259 137.8060
37.3260 137.7239
37.3260 137.7939
37.3260 137.8251
37.3262 137.8469
37.3263 137.5362
37.3264 137.5362
37.3264 137.8048
37.3267 137.8063
37.3271 137.4983
37.3271 137.5880
37.3273 137.7637
37.3275 137.5672
37.3277 137.4636
37.3278 137.5821
37.3278 137.8598
37.3279 138.0178
37.3280 137.5011
37.3282 137.5898
37.3284 137.7422
37.3286 137.5190
37.3288 137.4934
37.3288 137.8255
37.3292 137.8012
37.3293 137.7956
37.3297 137.5687
37.3298 137.8725
37.3298 137.8856
37.3299 137.6664
37.3300 137.5460
37.3301 137.8234
37.3302 137.6295
37.3310 137.4967
37.3311 137.8123
37.3313 137.8522
37.3314 137.4046
37.3314 137.4890
37.3315 137.7928
37.3316 137.6894
37.3318 137.8334
37.3318 137.8565
37.3320 137.8507
37.3322 137.8313
37.3323 137.5288
37.3325 137.5145
37.3326 137.4503
37.3326 137.5514
37.3327 137.5296
37.3328 137.5454
37.3328 137.8412
37.3330 137.8429
37.3331 137.7213
37.3332 137.5669
37.3334 137.5251
37.3334 137.5644
37.3335 137.8801
37.3337 137.6702
37.3338 137.5202
37.3339 137.5565
37.3339 137.8581
37.3340 137.6155
37.3341 137.7928
37.3341 137.8239
37.3342 137.9599
37.3343 137.7581
37.3343 137.8667
37.3343 137.9805
37.3344 137.5949
37.3345 137.5268
37.3348 137.7891
37.3349 137.8329
37.3351 137.5445
37.3354 137.8337
37.3355 137.5143
37.3355 137.5263
37.3355 137.5594
37.3358 137.8156
37.3362 137.4225
37.3362 137.4710
37.3362 137.7605
37.3362 137.8330
37.3365 137.5377
37.3368 137.5920
37.3369 137.8981
37.3371 137.5786
37.3371 137.5847
37.3372 137.4623
37.3372 137.5904
37.3372 137.8350
37.3377 137.8336
37.3378 137.8059
37.3381 137.4462
37.3384 137.9448
37.3389 137.5006
37.3390 137.8891
37.3392 137.4775
37.3393 137.8850
37.3394 137.7998
37.3400 137.7719
37.3400 137.9456
37.3401 137.5428
37.3401 137.7603
37.3402 137.8325
37.3402 137.8859
37.3402 137.9160
37.3404 137.8604
37.3404 137.9664
37.3406 137.5301
37.3406 137.8026
37.3412 137.4775
37.3413 137.8374
37.3415 137.5841
37.3418 137.5246
37.3419 137.7782
37.3422 137.4309
37.3424 137.4704
37.3425 137.5458
37.3426 137.8171
37.3427 137.8300
37.3433 137.8835
37.3435 137.4701
37.3435 137.7954
37.3440 137.8926
37.3442 137.5284
37.3445 137.7794
37.3447 137.5812
37.3447 137.8189
37.3448 137.5068
37.3451 137.5411
37.3453 137.8463
37.3454 137.8279
37.3454 137.8580
37.3455 137.4911
37.3457 137.5716
37.3459 137.4894
37.3460 137.4989
37.3461 137.4253
37.3462 137.4894
37.3464 137.4925
37.3469 137.5340
37.3471 137.8823
37.3474 137.4646
37.3476 137.4897
37.3478 137.7228
37.3481 137.5223
37.3481 137.5377
37.3481 137.5403
37.3481 137.5668
37.3483 137.8597
37.3485 137.4269
37.3485 137.4879
37.3485 137.5730
37.3486 137.5523
37.3488 137.5185
37.3489 137.4634
37.3489 137.5533
37.3494 137.6039
37.3496 137.5065
37.3497 137.8718
37.3499 137.5248
37.3499 137.8338
37.3499 137.8749
37.3500 137.5559
37.3500 137.8511
37.3501 137.5693
37.3502 137.8099
37.3504 137.7932
37.3505 137.5469
37.3505 137.5697
37.3505 137.8905
37.3506 137.8254
37.3507 137.7621
37.3510 137.3945
37.3510 137.5028
37.3510 137.5600
37.3511 137.5701
37.3512 137.5676
37.3512 137.5879
37.3513 137.8745
37.3518 137.4322
37.3518 137.4943
37.3520 137.5147
37.3526 137.5121
37.3533 137.5880
37.3535 137.4634
37.3535 137.5970
37.3535 137.9012
37.3537 137.7908
37.3538 137.7329
37.3539 137.4780
37.3544 137.5578
37.3547 137.4877
37.3547 137.8485
37.3547 137.8623
37.3549 137.7638
37.3550 137.4740
37.3551 137.7371
37.3553 137.5024
37.3555 137.8481
37.3556 137.9038
37.3557 137.9511
37.3558 137.4793
37.3560 137.4915
37.3563 137.5419
37.3564 137.8451
37.3567 137.4463
37.3567 137.5596
37.3570 137.7719
37.3570 137.7897
37.3572 137.6324
37.3574 137.4978
37.3577 137.8422
37.3578 137.8488
37.3580 137.8486
37.3580 137.8904
37.3583 137.5614
37.3585 137.5305
37.3586 137.8405
37.3588 137.8247
37.3589 137.3928
37.3589 137.5703
37.3590 137.6500
37.3593 137.5125
37.3601 137.4424
37.3601 137.4838
37.3601 137.7966
37.3605 137.5150
37.3608 137.4953
37.3609 137.7424
37.3611 137.7789
37.3614 137.5549
37.3615 137.7712
37.3617 137.5469
37.3619 137.8367
37.3621 137.7891
37.3628 137.7990
37.3630 137.4715
37.3631 137.5398
37.3631 137.8538
37.3633 137.3732
37.3634 137.6914
37.3638 137.8423
37.3639 137.8328
37.3639 137.8620
37.3641 137.5095
37.3642 137.5569
37.3643 137.4480
37.3646 137.7666
37.3649 137.4738
37.3651 137.4673
37.3653 137.5285
37.3654 137.5383
37.3658 137.5560
37.3658 137.7829
37.3659 137.5024
37.3659 137.5552
37.3660 137.5930
37.3664 137.4675
37.3665 137.5036
37.3667 137.7930
37.3668 137.8464
37.3669 137.7845
37.3670 137.5085
37.3670 137.5923
37.3671 137.5709
37.3672 137.8172
37.3674 137.5797
37.3675 137.5102
37.3676 137.5139
37.3678 137.8071
37.3682 137.3999
37.3686 137.8569
37.3687 137.4769
37.3690 137.7415
37.3690 137.7463
37.3695 137.7938
37.3697 137.4146
37.3702 137.8087
37.3703 137.8130
37.3704 137.4562
37.3704 137.5224
37.3706 137.5301
37.3717 137.5388
37.3718 137.6116
37.3719 137.5054
37.3721 137.5175
37.3723 137.7967
37.3726 137.8279
37.3732 137.4857
37.3735 137.5513
37.3736 137.8024
37.3738 137.8722
37.3740 137.8327
37.3741 137.4809
37.3742 137.3653
37.3743 137.5688
37.3743 137.6067
37.3744 137.5788
37.3748 137.8088
37.3750 137.5169
37.3752 137.8161
37.3754 137.5336
37.3756 137.8206
37.3759 137.8010
37.3760 137.8054
37.3761 137.5108
37.3763 137.4228
37.3763 137.5070
37.3763 137.5124
37.3765 137.8075
37.3771 137.5824
37.3772 137.5507
37.3774 137.4695
37.3774 137.8447
37.3782 137.8316
37.3786 137.6034
37.3792 137.7862
37.3793 137.5408
37.3794 137.4793
37.3797 137.5577
37.3801 137.4540
37.3802 137.8155
37.3805 137.5707
37.3807 137.5079
37.3808 137.4408
37.3810 137.4835
37.3813 137.7991
37.3819 137.4530
37.3825 137.8704
37.3830 137.8361
37.3834 137.7578
37.3834 137.8600
37.3835 137.5759
37.3870 137.8792
37.3872 137.8692
37.3873 137.6813
37.3875 137.5163
37.3882 137.7839
37.3883 137.4996
37.3884 137.8803
37.3886 137.4976
37.3886 137.8262
37.3894 137.5828
37.3895 137.5065
37.3895 137.7852
37.3903 137.8381
37.3904 137.5052
37.3911 137.6368
37.3913 137.5256
37.3915 137.5401
37.3926 137.4745
37.3927 137.5705
37.3928 137.5417
37.3930 137.4835
37.3934 137.3646
37.3940 137.4606
37.3941 137.5428
37.3946 137.8072
37.3959 137.8174
37.3964 137.4616
37.3971 137.5275
37.3975 137.8808
37.3982 137.5222
37.3984 137.5797
37.3990 137.8247
37.3990 137.8391
37.3992 137.8821
37.4001 137.5556
37.4002 137.8919
37.4016 137.8407
37.4017 137.4682
37.4019 137.5458
37.4026 137.4701
37.4030 137.5422
37.4043 137.8173
37.4043 137.8653
37.4044 137.7254
37.4061 137.8467
37.4062 137.4667
37.4065 137.4941
37.4065 137.8351
37.4070 137.5508
37.4074 137.4714
37.4085 137.7220
37.4091 137.7387
37.4092 137.5229
37.4109 137.8314
37.4113 137.7550
37.4114 137.4908
37.4115 137.5416
37.4115 137.7284
37.4125 137.8636
37.4126 137.5498
37.4127 137.5437
37.4135 137.4957
37.4136 137.4526
37.4144 137.6668
37.4150 137.7205
37.4151 137.7677
37.4152 137.5454
37.4152 137.5996
37.4157 137.7680
37.4158 137.5943
37.4170 137.5092
37.4175 137.5491
37.4197 137.6019
37.4205 137.5261
37.4206 137.8667
37.4208 137.6902
37.4239 137.6502
37.4241 137.5333
37.4244 137.9018
37.4247 137.7460
37.4247 137.7488
37.4253 137.5587
37.4259 137.6059
37.4285 137.5557
37.4290 137.8004
37.4291 137.8897
37.4301 137.5879
37.4309 137.8155
37.4320 137.4921
37.4326 137.6349
37.4329 137.8288
37.4331 137.6474
37.4332 137.8097
37.4334 137.6844
37.4343 137.5428
37.4348 137.7012
37.4349 137.4930
37.4352 137.7324
37.4354 137.8234
37.4365 137.6665
37.4367 137.5084
37.4369 137.4684
37.4375 137.9212
37.4382 137.6156
37.4383 137.6909
37.4385 137.7149
37.4385 137.8481
37.4387 137.4975
37.4402 137.5260
37.4409 137.6021
37.4415 137.6765
37.4415 137.9608
37.4417 137.8368
37.4424 137.8810
37.4439 137.8642
37.4441 137.6317
37.4442 137.8688
37.4447 137.8018
37.4449 137.6357
37.4453 137.5547
37.4462 137.8195
37.4470 137.6863
37.4478 137.8556
37.4509 137.8428
37.4514 137.8762
37.4523 137.6917
37.4543 137.8659
37.4548 137.6767
37.4551 137.8506
37.4553 137.4915
37.4553 137.7975
37.4569 137.6192
37.4569 137.9296
37.4571 137.4944
37.4588 137.5968
37.4595 137.4801
37.4595 137.6384
37.4601 137.8310
37.4610 137.9096
37.4620 137.6834
37.4621 137.8428
37.4625 137.6931
37.4650 137.8606
37.4665 137.7335
37.4671 137.7660
37.4677 137.8083
37.4690 137.7059
37.4690 137.8814
37.4696 137.5954
37.4703 137.8409
37.4707 137.8513
37.4714 137.8577
37.4736 137.5910
37.4742 137.6537
37.4756 137.8374
37.4757 137.6790
37.4761 137.7743
37.4762 137.7031
37.4778 137.8792
37.4783 137.8820
37.4784 137.5984
37.4792 137.6531
37.4793 137.7514
37.4804 137.8155
37.4809 137.5899
37.4818 137.9138
37.4833 137.8255
37.4840 137.8405
37.4844 137.8113
37.4850 137.7862
37.4854 137.6155
37.4857 137.8315
37.4858 137.7228
37.4859 137.8409
37.4869 137.5845
37.4870 137.9198
37.4874 137.8292
37.4877 137.6564
37.4883 137.9069
37.4891 137.7625
37.4892 137.9128
37.4894 137.9043
37.4895 137.8849
37.4898 137.6501
37.4898 137.8372
37.4898 137.8549
37.4900 137.8317
37.4912 137.6323
37.4918 137.6158
37.4918 137.7433
37.4921 137.7266
37.4927 137.9375
37.4940 137.7132
37.4955 137.9256
37.4959 137.8629
37.4963 137.7294
37.4964 137.8762
37.4967 137.8206
37.4967 137.8626
37.4973 137.5732
37.4979 137.8329
37.4994 137.8237
37.5001 137.7429
37.5002 137.8465
37.5012 137.6226
37.5015 137.6202
37.5016 137.8650
37.5021 137.6710
37.5021 137.8132
37.5032 137.5293
37.5033 137.8451
37.5034 137.8253
37.5037 137.6959
37.5040 137.7797
37.5055 137.8377
37.5061 137.8464
37.5063 137.7530
37.5065 137.9515
37.5066 137.5636
37.5067 137.8369
37.5077 137.8516
37.5078 137.7462
37.5079 137.7715
37.5084 137.5777
37.5088 137.8453
37.5093 137.8641
37.5094 137.8788
37.5098 137.6704
37.5098 137.8006
37.5113 137.8854
37.5116 137.9320
37.5122 137.8620
37.5127 137.8880
37.5133 137.8433
37.5139 137.8312
37.5143 137.8477
37.5145 137.7206
37.5147 137.8502
37.5152 137.8310
37.5157 137.8856
37.5162 137.8309
37.5171 137.8244
37.5184 137.7657
37.5186 137.8170
37.5186 137.8654
37.5192 137.5819
37.5195 137.8324
37.5198 137.8330
37.5201 137.5561
37.5208 137.8203
37.5208 137.8621
37.5211 137.5304
37.5212 137.9291
37.5223 137.7915
37.5223 137.8826
37.5228 137.8015
37.5229 137.5897
37.5236 137.8432
37.5237 137.8708
37.5237 137.8939
37.5242 137.8519
37.5243 137.7906
37.5247 137.8452
37.5253 137.8651
37.5254 137.8304
37.5258 137.5841
37.5260 137.9019
37.5266 137.6696
37.5266 137.8553
37.5271 137.9396
37.5273 137.8297
37.5282 137.6155
37.5288 137.7919
37.5291 137.6472
37.5291 137.7513
37.5291 137.8077
37.5296 137.8059
37.5296 137.9025
37.5297 137.7754
37.5300 137.8548
37.5303 137.9322
37.5306 137.6474
37.5309 137.8167
37.5313 137.6128
37.5313 137.9212
37.5318 137.8662
37.5323 137.8958
37.5323 137.8970
37.5323 137.9261
37.5327 137.5545
37.5330 137.5839
37.5331 137.8940
37.5335 137.8987
37.5336 137.8795
37.5339 137.6492
37.5340 137.5325
37.5340 137.5685
37.5342 137.6889
37.5343 137.7768
37.5348 137.8711
37.5351 137.9103
37.5354 137.5671
37.5361 137.8400
37.5367 137.5331
37.5368 137.7484
37.5370 137.6987
37.5371 137.8646
37.5377 137.6026
37.5377 137.8358
37.5379 137.5660
37.5380 137.6047
37.5380 137.7994
37.5381 137.6178
37.5383 137.8380
37.5390 137.6617
37.5393 137.8032
37.5396 137.8414
37.5398 137.7720
37.5398 137.7989
37.5399 137.5621
37.5402 137.6034
37.5405 137.8733
37.5410 137.8364
37.5412 137.6072
37.5417 137.8707
37.5422 137.8985
37.5423 137.8346
37.5427 137.8328
37.5430 137.8117
37.5436 137.7626
37.5437 137.5358
37.5437 137.8321
37.5439 137.5927
37.5439 137.8810
37.5441 137.9028
37.5444 137.6482
37.5448 137.8347
37.5449 137.8869
37.5459 137.8171
37.5459 137.8489
37.5460 137.6098
37.5460 137.8922
37.5461 137.8822
37.5463 137.7090
37.5468 137.5492
37.5475 137.7663
37.5475 137.8885
37.5479 137.6781
37.5481 137.6449
37.5485 137.5387
37.5485 137.6943
37.5487 137.7861
37.5488 137.5267
37.5489 137.6391
37.5491 137.7729
37.5491 137.8214
37.5491 137.8817
37.5492 137.6070
37.5494 137.5994
37.5495 137.5805
37.5497 137.6590
37.5502 137.7960
37.5508 137.8326
37.5511 137.6407
37.5511 137.8386
37.5511 137.8594
37.5516 137.6459
37.5517 137.6374
37.5517 137.9368
37.5520 137.6383
37.5529 137.8038
37.5530 137.8936
37.5533 137.7852
37.5535 137.8522
37.5539 137.9242
37.5541 137.7658
37.5547 137.6404
37.5551 137.9024
37.5562 137.8477
37.5568 137.7929
37.5568 137.8225
37.5569 137.5772
37.5571 137.5993
37.5571 137.6171
37.5572 137.6692
37.5573 137.7480
37.5574 137.7860
37.5580 137.5835
37.5584 137.8440
37.5588 137.7627
37.5589 137.6081
37.5589 137.7490
37.5590 137.6076
37.5591 137.5143
37.5591 137.6651
37.5599 137.7094
37.5601 137.5774
37.5602 137.8722
37.5607 137.6655
37.5609 137.8263
37.5612 137.8498
37.5624 137.8877
37.5625 137.7067
37.5628 137.7656
37.5632 137.8849
37.5633 137.6387
37.5634 137.7543
37.5641 137.8530
37.5643 137.5769
37.5644 137.6253
37.5647 137.6016
37.5653 137.7965
37.5655 137.6720
37.5657 137.6500
37.5664 137.8202
37.5666 137.8592
37.5667 137.6273
37.5670 137.9129
37.5675 137.6793
37.5676 137.6764
37.5678 137.6240
37.5680 137.5401
37.5680 137.6682
37.5681 137.8250
37.5681 137.8849
37.5683 137.9215
37.5684 137.7842
37.5689 137.6218
37.5689 137.8470
37.5690 137.7661
37.5692 137.7424
37.5692 137.9619
37.5694 137.6509
37.5698 137.5973
37.5699 137.6009
37.5702 137.6498
37.5703 137.6680
37.5703 137.8839
37.5704 137.6590
37.5710 137.8241
37.5716 137.7314
37.5716 137.8136
37.5717 137.6147
37.5720 137.6653
37.5721 137.8517
37.5722 137.5897
37.5722 137.6757
37.5724 137.4186
37.5724 137.6628
37.5728 137.6410
37.5738 137.6145
37.5750 137.6677
37.5753 137.8151
37.5754 137.6214
37.5754 137.7109
37.5755 137.6579
37.5757 137.6272
37.5757 137.6616
37.5760 137.8106
37.5762 137.9128
37.5764 137.6137
37.5767 137.6590
37.5772 137.7992
37.5782 137.6906
37.5784 137.8579
37.5797 137.6339
37.5800 137.5674
37.5800 137.6400
37.5801 137.8624
37.5804 137.8456
37.5808 137.6081
37.5810 137.7479
37.5819 137.5418
37.5820 137.6239
37.5827 137.8290
37.5830 137.6320
37.5830 137.8845
37.5841 137.6237
37.5841 137.9075
37.5847 137.9513
37.5849 137.6544
37.5852 137.9263
37.5854 137.7327
37.5857 137.5281
37.5857 137.6408
37.5862 137.7198
37.5862 137.9243
37.5866 137.4406
37.5874 137.6114
37.5875 137.5663
37.5875 137.6802
37.5875 137.6957
37.5876 137.5220
37.5880 137.6385
37.5883 137.8724
37.5889 137.8113
37.5891 137.5780
37.5897 137.6841
37.5897 137.6955
37.5897 137.7259
37.5897 137.7790
37.5899 137.6923
37.5901 137.5314
37.5902 137.6613
37.5903 137.6665
37.5906 137.6720
37.5907 137.8512
37.5914 137.6078
37.5916 137.6251
37.5919 137.6485
37.5920 137.5358
37.5921 137.6845
37.5930 137.5092
37.5931 137.6757
37.5935 137.5551
37.5935 137.6480
37.5935 137.7181
37.5935 137.7261
37.5937 137.5928
37.5939 137.5490
37.5939 137.6824
37.5940 137.4337
37.5953 137.8421
37.5955 137.6087
37.5962 137.6034
37.5963 137.5891
37.5964 137.6149
37.5965 137.8015
37.5967 137.5854
37.5968 137.6084
37.5968 137.6224
37.5969 137.6831
37.5973 137.6902
37.5980 137.6219
37.5983 137.6309
37.5985 137.6155
37.5990 137.6729
37.5992 137.6256
37.5998 137.6936
37.6002 137.5608
37.6003 137.6260
37.6009 137.6824
37.6014 137.6502
37.6017 137.5682
37.6022 137.8066
37.6024 137.6600
37.6028 137.5048
37.6031 137.6162
37.6040 137.6118
37.6040 137.6485
37.6041 137.6318
37.6042 137.5701
37.6048 137.6262
37.6048 137.8657
37.6052 137.6686
37.6060 137.5400
37.6060 137.8839
37.6061 137.7250
37.6063 137.5921
37.6063 137.6223
37.6064 137.8592
37.6066 137.5770
37.6067 137.6175
37.6071 137.9185
37.6075 137.6208
37.6076 137.6500
37.6079 137.6003
37.6093 137.6028
37.6100 137.7128
37.6101 137.5968
37.6103 137.6027
37.6109 137.7395
37.6110 137.6101
37.6111 137.6049
37.6113 137.6310
37.6120 137.8304
37.6125 137.6022
37.6126 137.6302
37.6133 137.5388
37.6134 137.5744
37.6135 137.6490
37.6142 137.6645
37.6144 137.5041
37.6147 137.6395
37.6148 137.6348
37.6155 137.6159
37.6159 137.6750
37.6163 137.6704
37.6173 137.8388
37.6176 137.5861
37.6180 137.6427
37.6181 137.6451
37.6184 137.5617
37.6185 137.6102
37.6187 137.6887
37.6192 137.6670
37.6193 137.5233
37.6195 137.5946
37.6198 137.6298
37.6200 137.8734
37.6203 137.5786
37.6206 137.5852
37.6207 137.7269
37.6210 137.6440
37.6212 137.6737
37.6215 137.6451
37.6216 137.6792
37.6217 137.8246
37.6223 137.6251
37.6233 137.7687
37.6246 137.8644
37.6250 137.5121
37.6252 137.8981
37.6261 137.6079
37.6261 137.6347
37.6262 137.5900
37.6264 137.6474
37.6270 137.6072
37.6270 137.6451
37.6273 137.5950
37.6277 137.4972
37.6279 137.7890
37.6314 137.5959
37.6332 137.6693
37.6334 137.5142
37.6336 137.6315
37.6338 137.6125
37.6347 137.6614
37.6358 137.6629
37.6359 137.6556
37.6364 137.4983
37.6373 137.6332
37.6376 137.6566
37.6379 137.8896
37.6382 137.4561
37.6383 137.7884
37.6384 137.6553
37.6389 137.5757
37.6389 137.6507
37.6389 137.7805
37.6398 137.5851
37.6401 137.4783
37.6403 137.6142
37.6406 137.6040
37.6423 137.8539
37.6433 137.5393
37.6448 137.5688
37.6449 137.5252
37.6450 137.5447
37.6478 137.8593
37.6480 137.4983
37.6484 137.6273
37.6487 137.4949
37.6492 137.6153
37.6494 137.5316
37.6495 137.8448
37.6498 137.5356
37.6504 137.7217
37.6525 137.5592
37.6528 137.5746
37.6529 137.6440
37.6541 137.7575
37.6545 137.5601
37.6546 137.6234
37.6552 137.5779
37.6558 137.5934
37.6558 137.6019
37.6560 137.7054
37.6561 137.5051
37.6571 137.5331
37.6573 137.7483
37.6578 137.6033
37.6585 137.6689
37.6609 137.5852
37.6610 137.5648
37.6613 137.9078
37.6614 137.5529
37.6615 137.5785
37.6620 137.5335
37.6624 137.4949
37.6624 137.6218
37.6626 137.7093
37.6630 137.4698
37.6646 137.4930
37.6650 137.5182
37.6650 137.6986
37.6659 137.8078
37.6665 137.5975
37.6696 137.5280
37.6702 137.5874
37.6708 137.5422
37.6729 137.7167
37.6738 137.5632
37.6743 137.5905
37.6763 137.5922
37.6777 137.9140
37.6792 137.6129
37.6798 137.5141
37.6801 137.5346
37.6801 137.6382
37.6806 137.7019
37.6812 137.5955
37.6817 137.4936
37.6825 137.5367
37.6830 137.4761
37.6832 137.5054
37.6839 137.9382
37.6842 137.5071
37.6858 137.5316
37.6866 137.4835
37.6885 137.5909
37.6892 137.5858
37.6902 137.5153
37.6908 137.6077
37.6927 137.5289
37.6927 137.7997
37.6964 137.5593
37.6988 137.5988
37.6995 137.5922
37.7000 137.5500
37.7000 137.5589
37.7002 137.6138
37.7014 137.8154
37.7039 137.5952
37.7046 137.4869
37.7054 137.5596
37.7062 137.6227
37.7072 137.5871
37.7093 137.7550
37.7094 137.9062
37.7105 137.6007
37.7127 137.5691
37.7157 137.5586
37.7181 137.7175
37.7203 137.5573
37.7218 137.5540
37.7269 137.5747
37.7285 137.6513
37.7289 137.6648
37.7306 137.5310
37.7350 137.6441
37.7354 137.7275
37.7361 137.5493
37.7398 137.6143
37.7474 137.7134
37.7523 137.7863
37.7627 137.7053
