186.5664 88.0940
186.5716 88.2813
186.5909 88.1357
186.5995 88.0855
186.5998 87.9625
186.6004 87.9503
186.6009 88.0593
186.6042 88.1491
186.6058 87.9506
186.6073 88.1494
186.6092 87.8035
186.6100 88.0098
186.6105 88.2358
186.6182 88.2029
186.6214 88.1868
186.6225 88.2528
186.6260 88.1717
186.6337 87.9172
186.6345 88.1422
186.6376 88.2347
186.6377 88.1105
186.6396 88.1789
186.6399 88.0848
186.6401 88.1961
186.6433 88.1075
186.6467 88.3086
186.6472 88.1743
186.6475 88.2701
186.6476 88.2243
186.6477 88.1202
186.6524 87.9619
186.6547 88.0554
186.6579 87.9949
186.6589 87.9530
186.6592 88.0615
186.6599 87.8808
186.6601 88.0001
186.6612 88.0666
186.6622 88.1554
186.6623 87.9972
186.6637 88.0416
186.6640 88.0834
186.6646 88.2468
186.6649 88.2019
186.6660 87.9633
186.6661 88.0114
186.6684 88.1963
186.6692 88.2381
186.6696 88.0923
186.6696 88.1333
186.6696 88.1599
186.6698 88.1037
186.6698 88.1200
186.6698 88.1226
186.6704 88.1249
186.6714 87.9915
186.6747 88.1168
186.6747 88.2246
186.6750 88.0429
186.6752 88.1251
186.6759 87.9891
186.6759 88.0459
186.6769 88.3893
186.6788 88.0098
186.6792 88.3267
186.6796 87.9583
186.6797 88.1997
186.6829 88.0508
186.6834 88.1139
186.6840 87.9939
186.6863 88.3134
186.6874 88.1889
186.6878 87.9794
186.6881 88.2357
186.6888 88.0559
186.6892 88.0965
186.6907 88.2995
186.6909 87.9481
186.6913 87.9317
186.6913 88.3165
186.6917 87.9926
186.6926 88.0413
186.6941 88.2395
186.6955 88.1980
186.6956 87.9543
186.6958 88.2699
186.6964 88.1807
186.6966 88.3856
186.6973 88.0275
186.6973 88.1416
186.6979 88.3567
186.6984 88.0064
186.6995 87.9040
186.6999 87.9971
186.6999 88.0746
186.7006 88.3605
186.7007 88.2871
186.7010 88.0390
186.7021 87.9978
186.7054 88.2203
186.7061 88.0182
186.7066 88.0525
186.7074 88.0579
186.7081 88.0671
186.7087 87.9434
186.7089 88.1617
186.7092 88.2540
186.7093 88.2441
186.7101 88.0430
186.7106 88.1204
186.7109 88.2138
186.7114 88.0328
186.7115 87.9405
186.7126 88.2582
186.7130 88.0131
186.7148 87.9908
186.7151 88.2193
186.7154 88.0704
186.7155 88.2770
186.7158 88.3608
186.7163 88.2461
186.7165 88.2454
186.7183 88.2574
186.7186 88.3792
186.7187 88.0392
186.7204 88.1617
186.7218 88.2663
186.7219 88.0346
186.7227 88.0319
186.7249 88.2145
186.7252 88.0777
186.7261 87.9702
186.7262 88.1873
186.7262 88.2647
186.7263 88.0655
186.7267 88.2910
186.7281 88.2141
186.7287 88.0953
186.7289 88.0054
186.7301 87.9427
186.7303 88.2274
186.7311 88.2141
186.7318 88.0204
186.7319 88.0176
186.7325 88.2288
186.7331 88.0039
186.7332 87.9203
186.7332 87.9953
186.7376 88.3858
186.7384 88.2444
186.7393 88.1961
186.7401 88.2390
186.7403 88.2401
186.7413 88.3251
186.7418 87.9430
186.7418 87.9933
186.7424 88.0592
186.7431 88.0223
186.7432 88.3022
186.7439 88.1415
186.7448 88.1036
186.7460 88.2187
186.7464 87.9997
186.7466 87.9310
186.7475 88.2569
186.7482 88.3390
186.7489 88.2787
186.7495 88.2674
186.7515 88.1117
186.7524 87.9733
186.7524 88.1200
186.7531 88.1761
186.7531 88.3298
186.7532 87.9850
186.7536 88.2131
186.7537 87.9863
186.7540 88.1673
186.7540 88.2045
186.7541 88.2346
186.7543 87.9960
186.7562 87.9602
186.7581 87.8609
186.7585 88.2382
186.7586 88.2187
186.7604 88.2436
186.7609 87.9645
186.7614 88.1330
186.7621 88.2124
186.7627 88.0787
186.7630 88.0276
186.7635 88.0568
186.7643 87.8012
186.7646 87.9023
186.7647 88.2166
186.7652 88.2954
186.7654 87.9932
186.7656 88.2690
186.7658 88.1105
186.7671 88.1779
186.7672 88.2237
186.7677 88.0173
186.7683 88.3471
186.7686 88.1918
186.7694 87.8775
186.7694 88.0352
186.7708 88.1777
186.7708 88.2929
186.7720 88.3226
186.7736 88.2935
186.7748 88.0779
186.7766 88.3024
186.7769 88.0223
186.7774 88.1016
186.7779 87.9902
186.7789 88.1828
186.7791 87.9410
186.7801 88.2143
186.7804 88.4019
186.7807 88.2769
186.7812 88.1421
186.7856 88.2810
186.7857 88.2603
186.7859 88.2132
186.7868 87.9926
186.7888 88.0097
186.7891 88.2076
186.7896 88.0229
186.7901 88.3789
186.7903 88.3559
186.7931 88.1806
186.7946 87.8344
186.7948 88.2486
186.7959 88.0156
186.7959 88.3516
186.7961 88.2790
186.7962 87.7357
186.7983 87.9642
186.7997 88.2403
186.8002 88.0670
186.8004 87.9634
186.8010 88.2741
186.8015 88.0878
186.8018 88.2597
186.8025 88.0741
186.8028 88.3241
186.8030 88.1850
186.8034 88.1789
186.8039 88.1996
186.8041 88.3434
186.8058 88.2356
186.8059 88.1915
186.8061 88.1345
186.8073 88.1589
186.8079 88.2628
186.8091 88.1212
186.8104 88.1684
186.8127 88.0609
186.8134 88.1492
186.8142 88.2217
186.8146 88.3307
186.8161 87.9330
186.8161 88.0636
186.8165 88.0327
186.8201 87.9180
186.8211 88.2536
186.8220 88.1615
186.8223 88.0745
186.8236 88.2291
186.8283 87.9843
186.8291 87.8600
186.8292 88.2123
186.8294 87.8719
186.8297 88.0545
186.8298 88.2193
186.8304 88.1347
186.8305 88.2162
186.8312 88.2014
186.8313 88.1374
186.8315 87.8975
186.8357 88.1211
186.8360 87.9599
186.8372 87.9617
186.8374 87.9542
186.8385 88.1523
186.8395 88.1117
186.8397 87.9621
186.8410 87.9229
186.8425 88.0630
186.8430 88.1826
186.8431 88.1149
186.8434 88.0969
186.8437 88.1109
186.8446 88.2998
186.8449 87.9967
186.8476 88.2918
186.8479 88.0942
186.8556 88.0984
186.8564 88.1218
186.8577 87.8605
186.8578 88.1890
186.8579 88.0773
186.8582 87.7784
186.8593 88.0717
186.8605 88.1021
186.8610 88.0408
186.8612 88.2763
186.8619 87.9542
186.8620 87.8800
186.8623 87.8910
186.8632 87.8417
186.8639 88.0057
186.8641 87.8131
186.8644 88.1186
186.8669 88.0371
186.8671 88.1063
186.8683 87.9349
186.8686 87.9849
186.8700 88.0128
186.8705 87.9840
186.8706 88.0467
186.8711 88.0192
186.8711 88.1142
186.8729 87.9034
186.8738 88.2243
186.8757 87.8283
186.8759 87.8901
186.8760 88.0814
186.8796 87.8766
186.8799 87.8930
186.8802 88.1578
186.8852 87.9964
186.8870 88.0824
186.8878 88.2405
186.8879 88.1034
186.8882 87.8777
186.8884 88.1126
186.8887 87.9282
186.8894 88.1494
186.8907 87.8805
186.8909 88.0105
186.8916 88.1895
186.8934 88.0041
186.8945 87.8903
186.8945 88.2384
186.8953 88.1437
186.8961 88.1507
186.8972 88.1579
186.8979 87.9283
186.8984 87.9139
186.9022 87.9605
186.9046 87.9359
186.9093 87.9712
186.9117 87.9676
186.9128 87.9955
186.9135 88.2385
186.9148 87.8550
186.9149 87.8913
186.9158 87.9470
186.9160 87.8935
186.9166 87.9177
186.9168 87.8463
186.9188 87.9113
186.9191 87.9104
186.9193 87.8358
186.9200 87.7286
186.9200 88.0214
186.9216 88.2368
186.9217 88.2050
186.9231 87.9406
186.9250 87.6941
186.9261 88.1581
186.9264 88.1353
186.9268 87.9721
186.9282 87.9737
186.9286 88.0061
186.9292 88.1430
186.9294 87.7251
186.9294 87.9908
186.9297 87.9198
186.9298 87.9059
186.9301 87.8625
186.9301 87.9189
186.9306 88.2706
186.9307 88.0048
186.9335 87.9387
186.9335 88.0229
186.9340 88.0579
186.9356 87.7863
186.9365 87.8155
186.9365 88.0434
186.9371 87.9368
186.9374 87.8905
186.9374 87.9341
186.9383 88.0828
186.9383 88.1937
186.9397 88.0086
186.9398 87.9577
186.9400 88.1226
186.9401 87.9987
186.9407 87.8397
186.9412 87.7827
186.9414 87.8829
186.9432 87.9371
186.9433 88.2082
186.9445 88.1380
186.9448 88.2462
186.9454 88.0625
186.9459 88.0285
186.9472 87.7003
186.9477 87.7002
186.9482 88.0283
186.9486 87.7361
186.9490 88.0437
186.9495 87.9645
186.9496 87.9381
186.9517 87.9765
186.9527 87.8488
186.9540 87.9004
186.9543 88.2788
186.9547 87.9364
186.9550 87.8746
186.9562 88.1487
186.9566 87.9131
186.9571 88.1798
186.9573 88.2263
186.9585 87.7145
186.9594 87.9626
186.9603 87.9021
186.9605 87.7077
186.9607 88.0468
186.9613 87.8836
186.9626 87.9340
186.9628 88.1753
186.9628 88.2072
186.9636 87.9350
186.9639 87.8179
186.9645 88.0261
186.9650 87.9248
186.9658 88.0223
186.9663 87.7526
186.9668 87.9204
186.9669 87.8011
186.9669 88.1603
186.9671 87.9257
186.9674 87.8355
186.9675 87.9477
186.9680 87.8859
186.9682 88.0083
186.9686 87.8950
186.9689 87.8901
186.9693 87.9329
186.9722 87.9358
186.9727 88.1705
186.9734 88.1873
186.9736 88.2089
186.9745 88.2746
186.9746 87.9293
186.9766 88.0323
186.9767 87.6812
186.9767 87.8484
186.9767 87.9077
186.9773 88.2538
186.9797 87.9025
186.9802 87.9289
186.9815 87.8415
186.9825 88.1223
186.9827 87.6974
186.9827 88.1656
186.9828 88.1954
186.9842 88.1067
186.9852 87.9597
186.9856 88.1043
186.9868 87.8909
186.9869 87.9639
186.9875 88.1283
186.9879 87.7943
186.9880 87.9116
186.9888 88.1174
186.9893 87.9494
186.9896 88.1214
186.9897 87.9151
186.9899 88.1675
186.9910 87.9717
186.9911 88.0458
186.9929 88.1659
186.9931 88.1336
186.9940 88.1765
186.9948 87.8059
186.9949 87.6889
186.9962 87.8413
186.9963 88.0895
186.9968 87.6784
186.9969 88.1854
186.9973 87.9519
186.9981 87.7885
186.9983 88.1539
186.9985 87.8630
186.9987 88.0758
186.9997 88.1748
187.0001 88.2722
187.0003 88.2272
187.0007 88.0214
187.0009 87.9407
187.0009 88.1604
187.0012 87.7932
187.0012 87.8925
187.0025 88.1510
187.0032 88.2180
187.0049 88.1787
187.0050 87.8843
187.0050 87.9722
187.0057 88.1159
187.0073 87.8857
187.0074 88.1786
187.0075 88.2061
187.0077 88.2274
187.0079 88.2276
187.0094 88.0908
187.0112 87.8125
187.0134 87.7261
187.0150 87.7843
187.0150 87.9376
187.0152 87.7687
187.0156 88.3321
187.0164 87.9708
187.0169 87.7622
187.0172 87.9459
187.0175 88.1549
187.0177 88.0344
187.0182 88.1407
187.0187 87.8919
187.0189 87.9595
187.0189 88.1310
187.0193 87.9296
187.0197 88.0836
187.0203 88.0370
187.0204 87.8303
187.0209 88.1644
187.0214 88.1456
187.0219 87.9702
187.0229 88.0825
187.0235 88.1124
187.0238 87.6855
187.0242 88.1401
187.0247 88.0041
187.0252 88.1319
187.0262 88.1652
187.0265 87.6977
187.0270 87.9418
187.0271 87.6938
187.0282 88.0714
187.0283 87.7088
187.0287 88.1883
187.0289 88.1895
187.0299 88.0053
187.0305 88.1274
187.0320 88.2674
187.0337 88.1510
187.0338 87.8433
187.0344 87.6994
187.0346 88.0693
187.0346 88.2469
187.0351 88.0265
187.0360 87.9789
187.0365 88.0591
187.0367 88.1488
187.0371 87.7106
187.0416 88.1867
187.0426 88.1622
187.0427 87.9361
187.0436 88.0425
187.0440 88.0820
187.0442 87.8149
187.0446 88.2158
187.0450 87.8317
187.0459 88.0823
187.0463 87.9055
187.0478 88.1519
187.0482 87.7458
187.0489 88.1146
187.0491 87.9157
187.0495 88.1275
187.0496 88.0470
187.0502 88.1333
187.0504 88.1770
187.0506 87.9117
187.0513 88.0549
187.0540 87.9091
187.0540 88.0966
187.0558 88.1010
187.0558 88.2144
187.0565 87.7335
187.0566 88.1737
187.0574 87.7460
187.0583 88.0544
187.0609 88.2085
187.0622 88.4174
187.0625 88.1668
187.0637 87.8310
187.0638 88.2080
187.0647 88.2108
187.0651 88.3406
187.0654 88.1742
187.0658 87.7406
187.0658 88.2049
187.0665 87.9238
187.0665 88.1078
187.0665 88.1292
187.0666 87.9042
187.0680 88.1394
187.0681 87.8006
187.0687 88.1580
187.0692 88.1845
187.0695 87.9245
187.0701 87.8998
187.0708 87.8167
187.0709 88.1858
187.0710 87.8968
187.0732 88.2403
187.0743 88.0562
187.0760 87.7801
187.0769 88.1716
187.0777 87.8543
187.0779 87.8850
187.0795 88.1164
187.0809 88.2101
187.0833 88.0933
187.0834 87.7810
187.0834 88.1168
187.0862 88.0977
187.0922 88.1535
187.0952 87.7885
187.0960 88.1275
187.0961 87.7230
187.0962 87.7474
187.1019 88.1448
187.1058 88.1933
187.1065 87.9843
187.1101 87.8856
187.1115 87.9663
187.1204 88.2902
187.1206 87.7392
187.1255 88.2227
187.1270 87.7406
187.1300 87.9614
187.1310 88.0445
187.1323 87.8551
187.1340 87.8822
187.1373 87.7661
187.1723 88.0959
187.1823 87.8223
187.2036 88.1503
