96.7457 51.0116
96.7553 51.1427
96.7872 50.9338
96.7984 51.0321
96.7984 51.1179
96.8147 51.0179
96.8182 51.0360
96.8197 51.1685
96.8265 50.9489
96.8285 51.0086
96.8285 51.0212
96.8291 51.0730
96.8380 50.8874
96.8380 50.9823
96.8389 51.0021
96.8400 51.0649
96.8401 51.0296
96.8428 51.0015
96.8447 51.0704
96.8455 51.0154
96.8472 51.0454
96.8474 51.2190
96.8495 50.9662
96.8522 51.0033
96.8523 50.9943
96.8557 51.0207
96.8562 50.9453
96.8593 51.0251
96.8597 50.9765
96.8607 50.9386
96.8612 51.0580
96.8615 50.9688
96.8615 51.0562
96.8646 50.9810
96.8655 50.9759
96.8664 51.0011
96.8669 50.9515
96.8671 50.9749
96.8682 51.0003
96.8696 50.9470
96.8713 50.9684
96.8719 50.9448
96.8728 51.0208
96.8743 50.9637
96.8748 50.9394
96.8755 50.9642
96.8758 50.9753
96.8803 51.0497
96.8804 50.9631
96.8806 50.9657
96.8818 50.9871
96.8819 51.2792
96.8821 50.9689
96.8826 51.0309
96.8844 51.0043
96.8846 50.7825
96.8849 51.0346
96.8852 50.9721
96.8855 51.0738
96.8857 51.0697
96.8860 51.0640
96.8865 51.0236
96.8878 50.9787
96.8881 51.0731
96.8883 50.9589
96.8886 51.0094
96.8891 51.0100
96.8899 50.9937
96.8900 50.9911
96.8906 51.0421
96.8916 51.0233
96.8926 50.9745
96.8928 50.9890
96.8939 51.0278
96.8950 51.0684
96.8951 51.0407
96.8970 50.9199
96.8970 50.9345
96.8977 50.9930
96.8977 51.0319
96.8978 50.9692
96.8994 50.9409
96.8995 51.0710
96.8997 50.9579
96.9000 50.9820
96.9003 50.9511
96.9009 50.9972
96.9012 50.9636
96.9026 50.9781
96.9039 50.9982
96.9046 51.0397
96.9047 51.0098
96.9052 51.0405
96.9077 50.9537
96.9084 50.9399
96.9085 50.9480
96.9089 50.9962
96.9092 51.0285
96.9111 50.9194
96.9112 51.0791
96.9115 51.0041
96.9126 51.0436
96.9129 50.9799
96.9129 51.0498
96.9138 50.9144
96.9138 50.9796
96.9141 50.9613
96.9148 51.0265
96.9151 50.9513
96.9153 50.9851
96.9169 51.1057
96.9170 50.9923
96.9180 50.9852
96.9189 51.0029
96.9193 50.9394
96.9199 51.0103
96.9207 50.9352
96.9207 50.9469
96.9213 50.9381
96.9218 50.9700
96.9230 50.9938
96.9236 50.9655
96.9236 50.9676
96.9238 51.0307
96.9238 51.2047
96.9239 51.1028
96.9241 51.0052
96.9245 50.9486
96.9248 50.9454
96.9273 50.9624
96.9281 51.1005
96.9283 50.9023
96.9285 51.0581
96.9286 50.9931
96.9288 51.0031
96.9289 51.0105
96.9291 51.0386
96.9296 50.9467
96.9298 50.9945
96.9301 50.9080
96.9306 50.9783
96.9310 50.7796
96.9311 50.9153
96.9311 51.0436
96.9314 50.9722
96.9318 50.9627
96.9319 50.9481
96.9319 51.0025
96.9325 51.0106
96.9329 51.0460
96.9331 51.1564
96.9334 50.9546
96.9334 50.9985
96.9335 50.9605
96.9336 50.9803
96.9346 50.9861
96.9350 51.0061
96.9351 50.9654
96.9354 51.0064
96.9356 50.9528
96.9356 51.0289
96.9357 50.9705
96.9358 50.8050
96.9359 51.0019
96.9367 51.0025
96.9369 50.9768
96.9377 50.9835
96.9384 50.9730
96.9386 50.9563
96.9392 50.9888
96.9399 50.9685
96.9403 51.0457
96.9405 50.9516
96.9406 51.0208
96.9419 51.0962
96.9425 50.9750
96.9434 51.0477
96.9441 50.9429
96.9448 50.9902
96.9453 50.9388
96.9464 51.0024
96.9466 50.9492
96.9475 50.9606
96.9477 50.9732
96.9486 50.9446
96.9500 51.1535
96.9523 50.9868
96.9531 51.0106
96.9533 50.9687
96.9538 50.9587
96.9538 51.0037
96.9549 50.9914
96.9551 51.0410
96.9567 50.9771
96.9586 50.9434
96.9587 50.9826
96.9590 51.0567
96.9598 51.0196
96.9601 51.0677
96.9609 50.9185
96.9618 51.0986
96.9620 50.9288
96.9625 50.9910
96.9636 50.9056
96.9640 50.9478
96.9642 50.7942
96.9642 51.1847
96.9650 50.8902
96.9652 50.9801
96.9653 50.9486
96.9660 50.9056
96.9660 50.9657
96.9665 50.9592
96.9674 50.9198
96.9687 50.9791
96.9688 51.1766
96.9691 50.9968
96.9700 50.9322
96.9714 51.0063
96.9726 50.9577
96.9742 51.0282
96.9743 50.8144
96.9752 50.9614
96.9761 50.9836
96.9766 50.9412
96.9776 51.0917
96.9783 51.0425
96.9787 51.0601
96.9796 50.9485
96.9800 50.8595
96.9811 50.8884
96.9818 51.1880
96.9820 50.8145
96.9822 51.0131
96.9830 51.0349
96.9843 51.2285
96.9847 50.9002
96.9848 50.9111
96.9850 50.8014
96.9853 50.8199
96.9856 50.9869
96.9875 50.9837
96.9875 51.0271
96.9886 50.9392
96.9889 50.9978
96.9893 50.9158
96.9907 50.7417
96.9917 50.7703
96.9929 51.2285
96.9929 51.2489
96.9947 51.1789
96.9949 50.9061
96.9955 50.7521
96.9957 50.7874
96.9962 50.7738
96.9977 50.7907
96.9981 51.1858
96.9987 51.2912
97.0005 50.8481
97.0028 50.8323
97.0033 50.7275
97.0036 50.9261
97.0043 50.8486
97.0051 51.0094
97.0063 51.1753
97.0072 50.8644
97.0079 50.8047
97.0083 51.1421
97.0088 50.7865
97.0089 51.0976
97.0099 51.1606
97.0101 51.1377
97.0105 50.8612
97.0106 50.8160
97.0111 50.9074
97.0112 50.7582
97.0121 50.7574
97.0128 50.8709
97.0129 50.7769
97.0157 51.2043
97.0163 51.0201
97.0174 50.8085
97.0184 51.1814
97.0185 51.1947
97.0186 50.8203
97.0193 50.9487
97.0194 50.8178
97.0194 51.2466
97.0197 50.8997
97.0200 51.1787
97.0207 50.7973
97.0207 50.8300
97.0208 50.8987
97.0209 50.8671
97.0214 50.8513
97.0215 51.2919
97.0220 50.9107
97.0226 50.8543
97.0228 51.0439
97.0228 51.2572
97.0232 51.2436
97.0236 50.8552
97.0237 50.8701
97.0239 50.8232
97.0241 51.2185
97.0242 50.7886
97.0243 50.9064
97.0249 50.9041
97.0251 51.2065
97.0255 50.7632
97.0258 50.8647
97.0262 51.2248
97.0263 51.2429
97.0266 51.2291
97.0274 50.8297
97.0276 51.1741
97.0277 50.7836
97.0278 51.2735
97.0280 50.8063
97.0282 50.7867
97.0287 51.1411
97.0293 51.2214
97.0295 50.8283
97.0296 51.2045
97.0299 50.8177
97.0304 50.8407
97.0304 51.0454
97.0307 50.9129
97.0307 51.1621
97.0308 51.0349
97.0310 51.2301
97.0311 51.1702
97.0312 50.9528
97.0319 50.7617
97.0319 51.1638
97.0320 51.2099
97.0322 51.1960
97.0327 50.8362
97.0328 51.1807
97.0334 50.9419
97.0338 50.8934
97.0338 50.9117
97.0338 51.1651
97.0339 50.8475
97.0344 51.2528
97.0345 50.8911
97.0346 51.1730
97.0350 50.7906
97.0352 50.8290
97.0354 51.1800
97.0356 51.2134
97.0365 51.1465
97.0366 51.2599
97.0367 50.7668
97.0372 50.7488
97.0377 50.7702
97.0377 51.1760
97.0377 51.2294
97.0380 51.2206
97.0387 50.7757
97.0391 51.0256
97.0396 50.9229
97.0400 51.1789
97.0402 50.7820
97.0410 51.1864
97.0411 51.2631
97.0412 51.1562
97.0418 51.2096
97.0420 50.7820
97.0422 50.8897
97.0425 51.1726
97.0425 51.1870
97.0425 51.2222
97.0429 50.8265
97.0433 50.7616
97.0435 50.9299
97.0436 51.1958
97.0439 50.7537
97.0440 51.1252
97.0440 51.2098
97.0444 50.7768
97.0444 50.8547
97.0447 51.1866
97.0449 50.8818
97.0452 51.2519
97.0455 50.9086
97.0459 50.8323
97.0460 51.1805
97.0460 51.2692
97.0461 50.8333
97.0468 50.9547
97.0468 51.0337
97.0471 51.2252
97.0481 50.8317
97.0493 50.9031
97.0494 50.8191
97.0500 51.2115
97.0504 51.1742
97.0507 51.2278
97.0508 50.8711
97.0509 51.2186
97.0510 50.8193
97.0510 51.1619
97.0516 51.1732
97.0518 50.8563
97.0519 50.8121
97.0521 50.8224
97.0521 50.9306
97.0524 50.8699
97.0525 50.7987
97.0526 50.7737
97.0526 51.1998
97.0527 50.8288
97.0532 50.7950
97.0533 50.8158
97.0534 51.2181
97.0540 51.1854
97.0543 50.9116
97.0543 51.2749
97.0544 50.8208
97.0549 51.1798
97.0551 51.1722
97.0558 50.8450
97.0562 51.1908
97.0564 50.8080
97.0564 50.8131
97.0565 50.8479
97.0567 50.8459
97.0570 50.7837
97.0574 50.9652
97.0576 50.8003
97.0577 50.8427
97.0577 50.8923
97.0579 51.2258
97.0583 50.9045
97.0584 50.8110
97.0584 50.8178
97.0586 51.2478
97.0588 51.1685
97.0589 50.8080
97.0590 50.8514
97.0591 51.1544
97.0591 51.1864
97.0595 51.2137
97.0600 50.8340
97.0601 50.8662
97.0601 50.9925
97.0601 51.0533
97.0602 51.1769
97.0608 50.8908
97.0614 51.1186
97.0616 50.7910
97.0616 51.2451
97.0617 51.2527
97.0621 51.3228
97.0625 50.7718
97.0626 51.1145
97.0627 50.8108
97.0627 51.1342
97.0628 50.8412
97.0631 51.1462
97.0634 50.8591
97.0635 51.2069
97.0636 50.7651
97.0637 50.8746
97.0639 51.2294
97.0641 50.8206
97.0644 50.8758
97.0644 51.2176
97.0646 51.2012
97.0651 50.8658
97.0652 50.8136
97.0653 51.2898
97.0659 51.1511
97.0666 51.1603
97.0667 50.8359
97.0667 51.1694
97.0668 50.7779
97.0670 51.1384
97.0673 51.2759
97.0675 50.8411
97.0676 50.8144
97.0676 50.8772
97.0678 50.8452
97.0678 51.2340
97.0680 51.2569
97.0681 51.1587
97.0685 50.7590
97.0688 50.7751
97.0688 51.2072
97.0689 51.2090
97.0691 51.2499
97.0694 50.8305
97.0697 50.8103
97.0698 50.8114
97.0700 51.1636
97.0708 51.1894
97.0710 50.8527
97.0711 50.7979
97.0711 51.2318
97.0712 51.2021
97.0714 51.1710
97.0719 50.7981
97.0719 50.8107
97.0719 51.2537
97.0725 51.2284
97.0729 51.2159
97.0730 50.9051
97.0732 50.7701
97.0738 50.8695
97.0738 51.1894
97.0742 50.8039
97.0743 51.2262
97.0744 50.9216
97.0745 50.7724
97.0745 51.1959
97.0752 51.2210
97.0754 50.7748
97.0756 50.8025
97.0758 51.2204
97.0759 50.7649
97.0760 51.2192
97.0762 51.2033
97.0764 51.1670
97.0769 51.1226
97.0773 51.0324
97.0774 51.2548
97.0776 51.1143
97.0776 51.2192
97.0776 51.2265
97.0777 51.1707
97.0783 50.8124
97.0783 50.9675
97.0788 51.1341
97.0790 51.2245
97.0791 51.1901
97.0794 50.7988
97.0794 51.1359
97.0797 51.1386
97.0797 51.2355
97.0800 50.9073
97.0802 51.1880
97.0805 50.8143
97.0810 50.7609
97.0810 51.2073
97.0812 51.1919
97.0814 51.3044
97.0815 51.0410
97.0820 50.7810
97.0821 51.1651
97.0822 50.9516
97.0823 50.9033
97.0824 51.1504
97.0831 51.1497
97.0831 51.1651
97.0835 50.8678
97.0835 51.1532
97.0836 50.7732
97.0837 50.8094
97.0839 51.1875
97.0841 51.1421
97.0847 51.2126
97.0852 51.2090
97.0854 50.8700
97.0854 51.2532
97.0856 51.0997
97.0865 51.1970
97.0872 50.8196
97.0872 51.2188
97.0873 51.2534
97.0875 51.1722
97.0876 51.1602
97.0878 51.1241
97.0881 51.1796
97.0886 50.7891
97.0889 51.2015
97.0892 51.2009
97.0893 50.7946
97.0893 51.2074
97.0894 51.0563
97.0898 50.7810
97.0898 50.8185
97.0902 51.0405
97.0903 51.1903
97.0906 50.7374
97.0906 51.2420
97.0909 51.1935
97.0911 50.8283
97.0915 50.6923
97.0917 50.7995
97.0921 51.1745
97.0922 51.2443
97.0928 51.2131
97.0928 51.2990
97.0930 50.8083
97.0933 51.1848
97.0933 51.2241
97.0939 51.2432
97.0941 50.9245
97.0943 50.9236
97.0943 50.9537
97.0944 50.7653
97.0944 51.1800
97.0945 50.9477
97.0947 50.8309
97.0948 51.1406
97.0948 51.1574
97.0949 51.1602
97.0952 51.2594
97.0955 51.1596
97.0957 51.3117
97.0962 51.1933
97.0963 50.7943
97.0968 51.1909
97.0976 50.9745
97.0982 51.2281
97.0988 51.2179
97.0988 51.3310
97.0994 50.7246
97.0995 50.8239
97.1000 51.1800
97.1001 51.2318
97.1008 50.9007
97.1013 51.2297
97.1013 51.2472
97.1016 50.9859
97.1017 51.0080
97.1020 50.7928
97.1021 50.8767
97.1024 50.8552
97.1035 50.8563
97.1037 51.2007
97.1039 51.2146
97.1041 51.1849
97.1047 50.8413
97.1050 50.8273
97.1051 51.1179
97.1053 51.2621
97.1064 51.1103
97.1067 51.1209
97.1067 51.2603
97.1069 50.7392
97.1069 51.2323
97.1070 51.1898
97.1080 51.2080
97.1081 51.2323
97.1087 50.8516
97.1088 51.1653
97.1089 50.7970
97.1094 50.9874
97.1095 51.2146
97.1098 50.9103
97.1104 51.1840
97.1113 51.2107
97.1121 51.2280
97.1122 50.8192
97.1128 50.8144
97.1142 51.1542
97.1143 51.2141
97.1148 50.9731
97.1153 51.1533
97.1155 50.6616
97.1157 50.9949
97.1158 50.8117
97.1160 50.8533
97.1168 51.2205
97.1172 50.8500
97.1175 51.0078
97.1181 50.8832
97.1181 51.1809
97.1184 50.8489
97.1189 51.1535
97.1195 50.8468
97.1200 51.2273
97.1201 51.1562
97.1208 51.0005
97.1209 50.8318
97.1214 51.1559
97.1222 50.6847
97.1233 51.1737
97.1233 51.2541
97.1242 50.9047
97.1249 51.2129
97.1250 51.1798
97.1251 51.1921
97.1252 50.8334
97.1253 50.8149
97.1254 51.1957
97.1260 50.9526
97.1265 51.2499
97.1273 50.6472
97.1274 50.9957
97.1278 50.7000
97.1279 51.2102
97.1284 50.9415
97.1286 50.9847
97.1286 51.2460
97.1292 51.1768
97.1293 50.9259
97.1298 51.1693
97.1303 50.6763
97.1306 51.1767
97.1307 50.9377
97.1309 50.7990
97.1310 50.9129
97.1317 51.1216
97.1317 51.2019
97.1318 50.8921
97.1325 51.0372
97.1325 51.3060
97.1330 51.2908
97.1334 50.9534
97.1342 51.1830
97.1350 51.1563
97.1352 50.7778
97.1361 50.6348
97.1364 51.2757
97.1365 51.1889
97.1366 50.9883
97.1369 51.2647
97.1373 51.1632
97.1373 51.1783
97.1374 51.2057
97.1378 51.2195
97.1386 51.2249
97.1388 50.9360
97.1390 50.7811
97.1391 51.1886
97.1394 51.2042
97.1395 51.1413
97.1399 50.7868
97.1410 51.2139
97.1426 51.1500
97.1430 50.9582
97.1435 51.2292
97.1442 51.1554
97.1445 50.9433
97.1450 50.8290
97.1454 50.9833
97.1455 51.0958
97.1458 50.6325
97.1462 50.9648
97.1465 50.6649
97.1490 51.0148
97.1490 51.1623
97.1515 50.9296
97.1529 51.0321
97.1546 51.1607
97.1547 50.8689
97.1560 50.7860
97.1567 51.2405
97.1568 50.8840
97.1569 51.0516
97.1572 50.9109
97.1576 51.2847
97.1580 51.0248
97.1585 51.2126
97.1587 50.6940
97.1589 51.1582
97.1610 51.2258
97.1611 51.0190
97.1613 51.2658
97.1614 50.8064
97.1621 50.6697
97.1634 50.8962
97.1635 50.6764
97.1636 50.9930
97.1642 51.0711
97.1643 50.7124
97.1646 51.0915
97.1650 50.9844
97.1654 50.9914
97.1654 51.1868
97.1658 51.0847
97.1659 50.9387
97.1661 50.9556
97.1663 50.7667
97.1668 51.0156
97.1683 51.2029
97.1684 50.6578
97.1684 51.0861
97.1697 50.9186
97.1697 50.9983
97.1705 50.9527
97.1715 50.7306
97.1718 51.0849
97.1722 51.1861
97.1730 51.0030
97.1735 50.6846
97.1743 51.0546
97.1751 51.2053
97.1754 50.6639
97.1754 50.8132
97.1761 51.2139
97.1769 50.8376
97.1770 50.9382
97.1771 50.9226
97.1780 51.0849
97.1783 51.0987
97.1785 51.0568
97.1787 51.0942
97.1790 51.1009
97.1790 51.1676
97.1794 51.2611
97.1795 50.7110
97.1798 51.1454
97.1802 51.1751
97.1804 50.7498
97.1804 51.0666
97.1811 51.2210
97.1812 51.0503
97.1824 51.0062
97.1825 50.8604
97.1825 51.0353
97.1825 51.0807
97.1842 51.0308
97.1852 50.9249
97.1858 50.6929
97.1868 50.8353
97.1875 51.0157
97.1888 50.9724
97.1890 51.1627
97.1898 50.9980
97.1906 50.9166
97.1911 51.0368
97.1915 50.9970
97.1919 50.9887
97.1923 50.9273
97.1926 50.9358
97.1929 50.9355
97.1943 50.9807
97.1943 51.1790
97.1961 50.9969
97.1969 50.9690
97.1974 50.6700
97.1976 50.9947
97.1979 51.0128
97.1991 51.1864
97.1993 50.9911
97.2004 50.9202
97.2009 50.9799
97.2010 51.1523
97.2012 51.0123
97.2014 50.9707
97.2016 50.9952
97.2027 51.0403
97.2029 50.9306
97.2035 51.0252
97.2039 50.9917
97.2050 51.0140
97.2052 51.1752
97.2066 51.0055
97.2068 50.9639
97.2068 51.0254
97.2073 51.0193
97.2074 51.0381
97.2077 51.0355
97.2077 51.0810
97.2085 51.0146
97.2101 50.9957
97.2102 50.9221
97.2113 51.0197
97.2124 51.0559
97.2132 51.0036
97.2135 51.0279
97.2140 50.9837
97.2142 50.7924
97.2143 50.9690
97.2146 50.7158
97.2150 50.9264
97.2157 51.0649
97.2159 50.8986
97.2162 51.0421
97.2163 50.9362
97.2164 51.0299
97.2171 51.0011
97.2174 50.9913
97.2178 50.9756
97.2186 51.0264
97.2194 51.0373
97.2196 51.1416
97.2200 51.0708
97.2207 51.1660
97.2209 50.9238
97.2214 50.8613
97.2216 51.0251
97.2226 51.0257
97.2233 50.7460
97.2233 50.9855
97.2237 50.9185
97.2247 50.9880
97.2248 51.0166
97.2249 50.7912
97.2252 51.1235
97.2259 51.0735
97.2269 51.0585
97.2271 51.0195
97.2280 50.9867
97.2282 51.0219
97.2293 51.0400
97.2303 51.0372
97.2304 51.0424
97.2313 51.0084
97.2317 50.9902
97.2318 50.9418
97.2326 51.0428
97.2328 51.0046
97.2331 51.1374
97.2349 50.9807
97.2354 51.0992
97.2355 50.9006
97.2363 50.9752
97.2364 51.0063
97.2366 50.8310
97.2369 50.9955
97.2372 51.0033
97.2378 50.9607
97.2387 50.9764
97.2387 51.1618
97.2389 51.1860
97.2392 50.9452
97.2410 51.0140
97.2418 51.0300
97.2424 50.8678
97.2438 51.0713
97.2447 51.0447
97.2448 50.8953
97.2450 50.8978
97.2458 51.0211
97.2465 50.9987
97.2472 50.9957
97.2485 51.0119
97.2487 50.9046
97.2487 51.1225
97.2500 51.0152
97.2505 51.0018
97.2510 50.9478
97.2521 51.1974
97.2522 50.9959
97.2532 50.9936
97.2540 50.9363
97.2543 50.8529
97.2545 51.0746
97.2546 50.9297
97.2553 51.0007
97.2554 50.9943
97.2586 50.9955
97.2592 51.0188
97.2605 51.0683
97.2607 51.1429
97.2614 51.0299
97.2620 50.7945
97.2621 51.0082
97.2624 50.9932
97.2624 50.9952
97.2631 50.9379
97.2635 50.9995
97.2638 50.9509
97.2640 51.0734
97.2652 50.9072
97.2655 50.9396
97.2670 51.0915
97.2673 50.8203
97.2678 50.8739
97.2691 50.8091
97.2694 50.9486
97.2701 51.0069
97.2714 51.0240
97.2714 51.0603
97.2720 50.9123
97.2720 51.0218
97.2734 50.9982
97.2735 51.0209
97.2735 51.1325
97.2741 50.9648
97.2743 51.0160
97.2744 50.8835
97.2746 51.0825
97.2756 51.0424
97.2759 50.8976
97.2760 50.8742
97.2762 51.0286
97.2783 50.9342
97.2808 50.8116
97.2808 50.8562
97.2814 50.9348
97.2836 50.9701
97.2860 51.0587
97.2888 50.9969
97.2891 51.0210
97.2929 50.9492
97.2943 50.8945
97.2946 51.0098
97.2958 50.9179
97.2964 50.9407
97.3002 50.9915
97.3018 50.9357
97.3024 50.8626
97.3035 50.9894
97.3048 51.0366
97.3066 50.9772
97.3068 50.9612
97.3073 50.8232
97.3075 50.9508
97.3113 50.8239
97.3119 50.9100
97.3153 50.9670
97.3169 50.9356
97.3182 50.8357
97.3191 50.8800
97.3263 51.1436
97.3274 50.7963
97.3292 50.9564
97.3320 50.8626
97.3321 50.8351
97.3326 50.7816
97.3331 50.7876
97.3335 50.9186
97.3370 51.1113
97.3474 50.8105
97.3520 50.9173
97.3522 50.9090
97.3592 50.7325
97.3684 50.8938
97.3700 51.0205
97.3793 50.7778
97.3983 51.0672
97.4053 51.1728
97.4843 50.9228
97.4969 50.9245
