165.7812 115.0387
165.8003 115.0703
165.8042 114.8071
165.8044 115.0557
165.8225 114.7339
165.8276 115.0449
165.8371 115.0539
165.8408 115.2146
165.8472 114.9637
165.8491 114.7749
165.8515 115.2075
165.8532 114.8953
165.8534 115.0437
165.8591 115.0549
165.8600 114.9760
165.8611 114.8097
165.8613 114.9719
165.8615 115.0184
165.8710 114.8612
165.8716 115.0219
165.8728 115.0444
165.8754 115.0132
165.8788 114.9814
165.8801 114.9190
165.8805 114.8359
165.8833 114.9869
165.8881 114.9651
165.8884 114.9239
165.8884 115.0353
165.8890 114.9630
165.8895 115.0897
165.8897 115.0848
165.8920 115.0612
165.8938 115.0042
165.8941 115.1432
165.8950 115.0270
165.8960 115.0219
165.8970 115.1372
165.8978 114.9737
165.8983 115.1077
165.8990 115.0031
165.9011 115.0166
165.9019 114.8086
165.9019 115.0362
165.9028 115.1471
165.9050 115.0480
165.9051 114.8145
165.9053 115.0930
165.9057 114.9074
165.9058 114.9783
165.9066 114.8894
165.9066 114.9875
165.9095 115.0048
165.9099 115.0444
165.9114 115.0966
165.9126 114.9884
165.9126 115.0452
165.9128 115.0216
165.9130 115.0024
165.9140 115.0676
165.9149 115.0441
165.9153 115.0371
165.9168 115.0721
165.9173 114.8057
165.9175 114.9839
165.9180 114.9974
165.9182 115.0069
165.9186 114.9868
165.9191 114.9233
165.9210 115.0088
165.9213 114.9868
165.9219 114.9256
165.9225 115.0947
165.9229 114.9658
165.9230 114.9466
165.9261 114.8798
165.9270 115.0487
165.9273 114.8121
165.9277 114.9661
165.9282 115.0856
165.9291 114.9682
165.9292 114.8342
165.9292 115.0688
165.9304 114.9266
165.9308 114.9859
165.9313 115.0415
165.9314 115.0152
165.9316 114.9819
165.9317 114.9840
165.9322 115.0112
165.9323 115.0427
165.9329 115.0226
165.9331 114.7014
165.9333 114.9464
165.9337 115.0206
165.9338 115.0125
165.9352 114.9688
165.9357 114.9590
165.9366 115.0394
165.9367 114.9077
165.9372 114.9748
165.9375 115.0034
165.9379 114.8588
165.9380 114.9303
165.9393 114.8965
165.9393 115.1296
165.9395 115.2063
165.9396 114.9725
165.9396 115.2368
165.9401 114.7912
165.9409 115.0160
165.9410 115.0699
165.9410 115.1070
165.9415 114.9585
165.9420 115.0112
165.9421 115.0787
165.9423 114.8353
165.9428 115.0177
165.9437 115.0167
165.9438 115.0218
165.9440 115.0007
165.9442 115.0010
165.9458 115.1081
165.9465 115.0454
165.9467 114.8061
165.9469 114.7710
165.9469 115.0030
165.9475 114.8089
165.9484 115.1006
165.9485 115.0737
165.9491 114.8380
165.9492 115.0635
165.9494 115.0055
165.9495 115.0235
165.9496 114.9548
165.9497 115.1521
165.9504 115.1384
165.9505 115.1197
165.9516 115.0368
165.9525 115.0126
165.9527 115.0873
165.9537 115.0320
165.9538 114.9445
165.9548 115.0661
165.9560 115.0463
165.9563 115.0268
165.9566 114.8330
165.9569 114.9632
165.9575 114.9929
165.9575 115.1151
165.9591 115.0654
165.9596 114.8366
165.9597 115.0074
165.9599 114.9323
165.9603 115.0030
165.9612 114.8516
165.9617 115.0294
165.9628 114.7928
165.9630 114.8773
165.9632 114.7720
165.9635 115.0183
165.9636 114.9268
165.9640 114.9401
165.9646 114.9835
165.9649 114.8148
165.9649 114.9773
165.9661 115.0678
165.9665 115.0122
165.9671 115.0114
165.9677 114.7410
165.9680 115.0776
165.9697 115.0927
165.9702 115.1281
165.9704 115.0423
165.9712 115.0562
165.9717 114.8214
165.9721 114.8737
165.9731 114.8149
165.9733 114.7964
165.9738 114.9719
165.9739 115.0187
165.9742 114.8345
165.9742 115.0731
165.9746 115.0510
165.9747 114.9657
165.9751 114.8924
165.9756 114.9630
165.9756 115.0366
165.9757 115.0736
165.9759 115.0682
165.9776 114.8093
165.9781 114.9955
165.9783 115.0455
165.9784 114.9859
165.9788 114.7413
165.9788 114.9443
165.9789 115.0719
165.9793 114.7812
165.9798 115.0178
165.9821 114.9907
165.9828 114.9773
165.9840 115.0666
165.9844 114.8845
165.9845 115.1295
165.9847 114.9441
165.9848 115.0683
165.9851 114.8342
165.9852 115.0503
165.9855 114.9348
165.9855 115.0210
165.9856 114.6195
165.9862 115.0082
165.9870 115.0618
165.9871 114.8541
165.9878 114.9553
165.9894 114.7313
165.9901 115.0966
165.9902 115.0434
165.9910 115.0097
165.9925 115.0429
165.9927 114.7879
165.9930 115.0696
165.9933 114.7361
165.9953 114.9899
165.9953 115.0704
165.9961 114.9525
165.9963 115.0049
165.9971 114.7700
165.9983 114.7432
165.9985 115.0559
165.9986 114.8950
165.9987 114.9467
165.9988 115.0086
165.9989 114.9706
166.0000 115.1066
166.0005 114.7391
166.0005 115.0299
166.0015 114.9845
166.0015 115.0260
166.0023 115.0945
166.0024 114.9516
166.0025 114.9213
166.0029 114.7207
166.0038 114.9461
166.0043 114.7630
166.0053 115.1571
166.0056 114.8398
166.0060 114.8070
166.0065 115.0435
166.0067 114.7460
166.0071 114.7976
166.0074 114.8258
166.0077 114.9832
166.0078 114.7183
166.0079 114.7373
166.0085 114.7565
166.0090 114.9923
166.0092 114.8273
166.0107 114.8852
166.0112 115.0350
166.0113 114.7963
166.0113 114.8818
166.0117 114.9932
166.0118 114.7371
166.0124 115.0616
166.0128 114.8034
166.0129 114.7292
166.0133 114.8089
166.0137 114.8689
166.0146 114.7626
166.0149 114.8645
166.0156 115.0049
166.0175 114.9180
166.0190 114.8024
166.0199 115.0485
166.0200 115.0427
166.0210 115.0226
166.0213 114.5880
166.0213 114.9001
166.0215 114.7955
166.0221 114.7730
166.0222 115.0491
166.0225 115.0957
166.0232 114.7171
166.0244 114.6803
166.0245 114.9675
166.0249 114.6964
166.0254 114.9178
166.0255 114.7367
166.0255 114.7463
166.0261 114.7767
166.0267 114.8507
166.0268 114.9687
166.0270 115.0883
166.0280 114.8416
166.0282 114.7819
166.0282 115.1723
166.0283 114.7671
166.0288 114.9270
166.0289 115.0979
166.0291 114.9910
166.0298 114.8025
166.0303 114.9620
166.0304 115.0344
166.0309 114.6994
166.0313 114.7812
166.0316 114.7515
166.0316 114.7777
166.0318 115.0627
166.0326 115.0272
166.0334 114.7393
166.0334 114.9050
166.0335 115.0617
166.0338 115.0173
166.0340 114.9475
166.0342 115.0363
166.0344 114.8999
166.0349 114.9019
166.0349 115.0413
166.0352 114.7381
166.0355 115.0544
166.0359 115.0581
166.0362 115.0275
166.0363 114.7964
166.0363 114.9337
166.0370 115.0615
166.0374 114.7471
166.0379 114.8584
166.0380 115.0094
166.0391 114.7929
166.0393 114.7617
166.0394 114.7822
166.0395 114.7689
166.0397 115.0036
166.0399 114.7797
166.0399 114.8175
166.0408 114.7355
166.0411 115.0931
166.0418 114.9473
166.0422 114.7723
166.0428 115.0410
166.0433 114.8840
166.0434 115.0060
166.0437 114.7589
166.0442 114.7638
166.0442 114.8014
166.0442 115.0729
166.0445 114.7830
166.0452 114.7191
166.0455 115.0783
166.0462 114.6799
166.0469 114.6988
166.0469 114.7597
166.0476 114.6781
166.0478 114.8667
166.0481 115.0881
166.0484 115.1406
166.0486 115.1108
166.0487 114.8274
166.0496 114.7888
166.0497 114.6760
166.0499 114.7750
166.0499 115.0366
166.0511 115.0373
166.0512 114.7075
166.0512 114.7396
166.0515 114.7866
166.0517 114.7389
166.0521 115.0061
166.0537 114.9157
166.0538 114.6753
166.0538 115.0024
166.0540 114.7088
166.0540 115.0883
166.0550 115.0291
166.0552 114.7712
166.0552 114.9001
166.0553 114.7443
166.0555 114.8595
166.0571 114.8163
166.0575 114.8784
166.0584 114.8032
166.0585 114.7583
166.0585 114.7680
166.0587 114.8018
166.0591 114.7986
166.0594 114.7174
166.0594 114.8303
166.0597 114.7413
166.0606 114.7201
166.0608 114.7573
166.0612 114.7295
166.0615 114.8697
166.0616 114.7228
166.0616 114.8220
166.0618 114.7494
166.0621 114.7940
166.0626 114.7329
166.0627 114.6993
166.0627 114.9403
166.0637 114.8315
166.0642 114.7451
166.0646 114.6652
166.0649 114.6451
166.0659 114.7703
166.0661 114.8843
166.0678 114.9051
166.0679 114.7325
166.0682 115.0880
166.0684 115.1523
166.0686 114.9913
166.0692 114.8990
166.0695 114.9842
166.0697 115.0615
166.0699 114.8897
166.0705 114.8730
166.0707 114.7528
166.0708 114.8194
166.0714 114.9941
166.0714 115.1358
166.0719 114.8220
166.0719 114.8232
166.0721 114.7089
166.0731 114.7884
166.0741 114.7095
166.0744 115.0865
166.0748 114.7669
166.0755 114.8348
166.0757 114.7612
166.0757 115.0435
166.0764 114.7546
166.0765 115.0364
166.0767 114.8881
166.0767 115.0921
166.0768 115.1026
166.0770 114.9919
166.0778 114.7706
166.0788 114.9830
166.0789 115.1138
166.0795 114.9122
166.0796 114.7329
166.0796 115.0498
166.0797 115.0266
166.0798 114.7181
166.0803 115.0388
166.0804 114.9113
166.0805 114.7525
166.0806 114.7602
166.0808 114.6651
166.0809 114.9893
166.0816 115.0169
166.0821 114.8351
166.0827 114.6955
166.0832 114.6127
166.0844 114.9743
166.0851 114.9822
166.0855 114.7775
166.0856 114.9804
166.0862 114.5682
166.0867 114.7294
166.0870 114.9549
166.0877 114.7125
166.0877 114.7420
166.0906 115.0184
166.0910 114.6992
166.0913 114.9570
166.0919 114.6735
166.0920 114.9155
166.0924 114.7294
166.0932 115.0085
166.0946 114.8078
166.0947 114.7791
166.0954 115.2891
166.0957 114.8401
166.0961 114.7526
166.0969 114.5668
166.0972 115.1177
166.0975 114.7122
166.0976 114.7956
166.0976 114.8713
166.0978 114.7333
166.0986 114.6584
166.0986 114.8381
166.0988 114.9634
166.0993 114.6239
166.1004 114.7040
166.1005 115.2077
166.1011 114.8852
166.1016 114.7987
166.1017 115.1798
166.1018 114.9354
166.1024 114.6851
166.1026 114.7278
166.1028 114.9087
166.1035 115.0433
166.1037 114.8355
166.1039 114.7314
166.1043 114.7395
166.1045 114.6939
166.1051 114.7059
166.1053 114.7414
166.1055 114.7605
166.1060 114.7574
166.1064 115.1016
166.1074 114.6226
166.1079 114.8365
166.1092 114.7802
166.1096 114.8923
166.1098 114.7909
166.1102 114.7798
166.1103 114.7850
166.1108 114.8783
166.1119 115.1609
166.1120 114.7646
166.1121 114.7401
166.1121 114.8814
166.1125 114.7682
166.1126 114.7213
166.1126 114.7370
166.1134 114.7125
166.1135 115.1584
166.1148 114.7774
166.1152 114.7411
166.1158 114.7504
166.1160 114.7484
166.1161 114.6918
166.1174 115.0267
166.1182 114.7580
166.1184 114.7775
166.1189 114.7555
166.1194 114.9116
166.1198 114.8602
166.1201 114.7434
166.1206 114.8669
166.1209 114.9268
166.1211 114.7401
166.1213 114.7174
166.1218 114.8598
166.1224 115.0221
166.1227 114.9460
166.1231 114.8752
166.1232 115.0704
166.1233 114.8621
166.1236 114.7085
166.1241 114.7482
166.1247 114.8882
166.1256 114.8660
166.1259 115.1225
166.1264 114.8269
166.1266 114.7740
166.1277 115.0572
166.1280 114.9770
166.1288 114.8290
166.1290 114.9307
166.1293 114.7297
166.1296 114.6831
166.1297 115.1341
166.1301 115.0748
166.1314 114.7094
166.1320 114.9992
166.1329 114.8393
166.1330 115.0881
166.1348 114.7983
166.1355 114.9079
166.1362 114.8009
166.1363 114.7615
166.1367 114.8121
166.1368 114.9298
166.1374 114.6130
166.1376 115.0623
166.1379 114.8511
166.1381 115.0919
166.1388 115.0758
166.1389 114.6797
166.1394 114.8015
166.1398 115.0010
166.1400 114.8379
166.1404 114.7296
166.1404 114.7751
166.1409 115.1207
166.1410 114.8841
166.1411 114.8299
166.1414 115.0638
166.1417 115.0064
166.1421 114.6322
166.1426 115.0993
166.1437 114.6103
166.1438 115.0885
166.1444 114.7486
166.1456 115.0337
166.1461 114.8409
166.1469 114.7706
166.1473 114.8350
166.1481 114.8015
166.1493 114.8395
166.1508 114.9102
166.1513 114.9264
166.1516 115.0471
166.1516 115.0530
166.1537 114.7750
166.1538 114.7640
166.1539 115.0853
166.1540 114.8486
166.1564 114.9140
166.1565 114.8905
166.1570 114.9242
166.1576 115.1144
166.1577 114.6274
166.1585 114.9488
166.1586 115.0736
166.1590 114.7116
166.1590 115.0542
166.1591 114.7437
166.1592 115.0643
166.1595 115.0738
166.1607 115.0575
166.1613 114.8790
166.1613 115.0578
166.1628 115.0822
166.1633 114.9464
166.1645 115.1021
166.1645 115.1993
166.1647 114.5868
166.1651 114.6487
166.1660 115.1208
166.1661 114.7575
166.1661 115.1535
166.1663 114.8911
166.1667 114.8738
166.1671 114.8281
166.1673 115.0868
166.1675 114.8138
166.1695 115.1178
166.1699 114.7982
166.1712 114.9776
166.1735 114.6603
166.1738 114.8001
166.1743 115.1400
166.1747 115.1112
166.1754 114.6212
166.1756 114.7825
166.1756 115.0836
166.1757 115.0638
166.1758 114.8915
166.1763 114.8882
166.1766 115.0089
166.1767 114.8363
166.1770 115.1195
166.1778 114.9875
166.1780 114.7065
166.1799 114.7161
166.1800 114.9162
166.1806 115.0847
166.1815 114.7692
166.1826 115.0936
166.1834 114.8457
166.1837 114.8439
166.1846 115.0178
166.1847 115.1379
166.1857 115.1159
166.1860 114.7725
166.1869 114.9860
166.1899 115.0800
166.1905 115.0743
166.1908 114.9656
166.1909 115.1068
166.1911 114.8873
166.1911 115.0750
166.1914 114.9708
166.1915 114.8666
166.1918 114.8068
166.1919 114.9107
166.1920 115.0545
166.1922 115.0681
166.1923 115.0321
166.1933 114.7699
166.1937 115.1016
166.1938 115.0786
166.1940 114.9618
166.1945 114.8120
166.1948 114.8433
166.1949 115.0758
166.1951 115.0759
166.1954 115.0079
166.1957 114.8373
166.1957 115.0121
166.1958 115.0758
166.1964 115.0759
166.1968 115.0522
166.1972 114.8670
166.1974 114.7474
166.1977 114.7295
166.1984 115.1100
166.1996 115.1407
166.1998 115.1285
166.2001 115.0271
166.2002 114.9985
166.2003 114.9613
166.2013 115.1249
166.2017 115.1772
166.2029 114.8272
166.2029 115.2011
166.2030 115.0581
166.2036 115.0671
166.2041 114.6202
166.2044 114.7800
166.2048 114.9925
166.2050 114.5814
166.2052 114.8399
166.2055 114.8465
166.2058 115.1038
166.2066 114.7413
166.2067 115.0094
166.2069 114.8938
166.2071 115.2042
166.2076 114.8044
166.2083 114.8357
166.2084 115.0786
166.2092 115.1157
166.2094 115.1154
166.2097 115.1448
166.2102 114.9265
166.2105 114.6362
166.2110 114.8064
166.2110 115.0599
166.2124 115.0877
166.2125 114.5718
166.2125 115.0758
166.2128 115.1246
166.2131 114.7904
166.2132 114.8415
166.2136 114.6652
166.2143 115.0764
166.2145 114.8276
166.2146 114.7180
166.2146 115.0818
166.2150 114.7963
166.2151 115.0625
166.2152 114.9646
166.2153 114.8406
166.2162 115.1018
166.2165 114.7680
166.2170 114.7252
166.2175 115.0356
166.2177 115.1493
166.2188 115.0907
166.2200 114.8239
166.2202 114.8747
166.2208 115.0510
166.2208 115.0666
166.2210 114.7474
166.2211 114.5924
166.2212 115.1187
166.2213 115.0546
166.2217 114.9352
166.2218 114.7861
166.2219 115.0411
166.2220 114.9505
166.2229 114.8337
166.2231 114.8364
166.2239 114.8628
166.2242 115.1015
166.2244 114.6011
166.2247 115.0601
166.2255 114.7412
166.2258 115.1104
166.2262 114.8449
166.2263 115.1230
166.2265 115.0326
166.2267 115.1079
166.2268 115.0815
166.2272 114.8587
166.2275 114.9510
166.2277 115.0687
166.2284 114.7686
166.2284 114.8618
166.2289 115.0261
166.2293 115.0463
166.2301 114.9008
166.2303 115.0939
166.2305 114.8587
166.2312 114.8103
166.2312 115.0423
166.2319 114.9927
166.2321 114.8810
166.2323 115.0361
166.2324 114.7547
166.2324 114.8105
166.2330 114.8760
166.2332 115.0591
166.2333 114.8243
166.2337 114.7992
166.2341 115.0952
166.2346 114.8417
166.2353 114.7892
166.2356 114.8582
166.2357 114.8648
166.2363 115.1138
166.2381 115.0618
166.2383 114.7578
166.2383 114.8674
166.2385 114.9486
166.2386 114.7840
166.2387 114.8231
166.2387 114.8331
166.2395 114.8304
166.2397 114.7956
166.2398 114.8250
166.2400 114.6374
166.2403 114.7663
166.2403 115.2202
166.2409 114.7936
166.2410 115.0019
166.2421 114.7886
166.2422 115.0864
166.2425 114.9219
166.2427 115.0502
166.2428 114.8139
166.2430 114.8503
166.2436 114.9656
166.2437 114.7287
166.2441 114.8460
166.2444 114.7775
166.2449 114.7792
166.2452 114.8034
166.2455 115.1216
166.2462 114.7770
166.2463 115.0240
166.2464 114.6844
166.2468 114.6800
166.2469 114.7094
166.2473 114.7338
166.2474 115.1417
166.2479 114.7708
166.2484 114.8108
166.2485 114.8728
166.2485 115.0433
166.2487 114.8384
166.2489 115.0599
166.2490 115.0891
166.2491 114.8527
166.2492 114.7884
166.2494 114.7950
166.2495 115.0518
166.2499 115.0731
166.2500 115.2036
166.2501 114.9012
166.2502 114.8437
166.2503 115.0683
166.2509 115.1609
166.2511 114.8101
166.2511 114.8359
166.2513 114.8079
166.2515 114.8161
166.2518 114.7458
166.2518 114.9670
166.2518 115.0603
166.2519 114.8058
166.2526 114.7322
166.2531 114.8525
166.2531 114.9275
166.2532 114.8153
166.2534 114.8850
166.2534 115.1408
166.2538 114.8264
166.2538 114.8656
166.2539 114.8208
166.2540 114.8227
166.2544 114.8656
166.2546 115.0586
166.2547 115.0621
166.2548 114.8321
166.2552 115.0499
166.2557 115.1701
166.2561 114.7843
166.2564 114.8989
166.2565 114.7567
166.2568 114.9018
166.2572 115.0181
166.2573 115.1443
166.2574 114.7571
166.2575 114.6499
166.2586 114.8255
166.2586 115.0171
166.2586 115.1487
166.2595 114.8028
166.2598 115.0602
166.2599 114.8082
166.2608 114.9007
166.2616 114.7699
166.2617 115.1170
166.2621 114.7574
166.2621 114.8664
166.2621 115.1175
166.2623 115.0616
166.2634 115.0986
166.2645 114.8116
166.2664 115.0556
166.2670 114.8306
166.2671 114.7989
166.2672 114.7642
166.2674 115.0213
166.2675 114.7974
166.2676 114.8798
166.2677 115.0212
166.2677 115.1508
166.2680 114.8484
166.2682 114.7448
166.2683 114.9071
166.2691 114.8794
166.2693 114.7670
166.2693 114.8626
166.2694 115.2562
166.2695 114.7936
166.2696 114.7663
166.2697 114.8441
166.2698 114.9416
166.2704 114.7409
166.2704 114.7751
166.2715 114.7096
166.2719 114.6991
166.2720 114.9881
166.2723 115.0933
166.2726 115.0337
166.2728 114.8266
166.2733 114.9030
166.2738 114.8717
166.2739 114.8690
166.2742 115.1334
166.2745 114.8153
166.2748 114.8309
166.2751 115.1445
166.2754 114.8622
166.2755 114.9516
166.2759 114.8084
166.2764 115.1511
166.2765 114.7778
166.2766 114.8171
166.2766 115.1118
166.2766 115.1233
166.2777 114.8546
166.2782 115.0942
166.2785 114.8259
166.2791 114.7986
166.2791 114.8019
166.2805 114.8148
166.2806 114.7976
166.2807 114.8316
166.2810 114.8029
166.2817 114.6427
166.2820 114.8953
166.2829 114.8954
166.2832 115.1211
166.2834 115.1215
166.2835 115.0855
166.2836 114.8452
166.2845 114.8291
166.2850 114.7508
166.2859 114.9026
166.2863 115.0024
166.2864 114.7122
166.2864 115.1348
166.2868 114.7899
166.2871 114.7903
166.2874 114.8195
166.2875 114.8172
166.2876 115.0176
166.2877 114.9008
166.2879 114.8137
166.2883 114.9225
166.2884 114.7659
166.2885 114.8227
166.2887 115.0814
166.2891 114.6025
166.2891 114.9147
166.2893 115.0380
166.2906 115.0710
166.2917 114.8111
166.2920 115.0911
166.2921 114.9167
166.2924 114.7286
166.2924 114.7739
166.2927 114.8204
166.2928 114.7758
166.2935 114.9242
166.2938 115.0882
166.2943 114.8041
166.2954 114.7994
166.2954 115.0273
166.2957 115.0722
166.2958 114.7509
166.2969 114.8570
166.2971 114.7577
166.2987 114.9121
166.2988 114.7069
166.2990 114.8666
166.2991 114.7501
166.2996 114.7887
166.3001 114.7170
166.3008 114.7399
166.3014 114.8423
166.3015 114.8554
166.3020 114.7922
166.3022 114.7147
166.3026 114.7269
166.3026 114.8822
166.3027 114.7711
166.3030 114.8027
166.3031 114.8103
166.3036 114.7898
166.3040 115.1805
166.3041 114.9984
166.3042 114.6922
166.3062 115.0957
166.3069 115.0817
166.3074 114.8758
166.3083 114.8526
166.3086 114.8340
166.3088 115.0796
166.3092 114.7455
166.3094 114.7701
166.3095 114.9229
166.3100 114.7512
166.3103 114.8535
166.3113 114.8454
166.3134 114.8422
166.3135 114.8080
166.3147 114.8007
166.3150 114.8303
166.3154 114.8685
166.3159 114.8842
166.3165 114.8268
166.3168 114.7954
166.3169 114.7046
166.3172 114.8603
166.3176 114.6818
166.3180 114.6652
166.3183 115.2912
166.3185 114.6619
166.3185 114.7960
166.3187 115.2089
166.3191 114.8321
166.3194 114.9494
166.3210 114.8092
166.3212 114.8088
166.3214 114.8076
166.3215 114.8409
166.3215 115.0419
166.3218 114.7109
166.3219 114.8809
166.3221 114.8759
166.3228 114.8768
166.3229 114.8438
166.3250 114.8922
166.3257 114.8449
166.3264 114.8479
166.3268 114.6988
166.3274 114.8510
166.3277 114.8566
166.3298 114.9080
166.3302 114.8355
166.3303 114.6287
166.3306 114.8504
166.3312 115.1188
166.3321 114.6527
166.3327 114.7978
166.3338 114.8797
166.3345 115.1232
166.3352 114.7005
166.3354 114.7619
166.3356 114.7157
166.3370 114.8645
166.3372 114.6350
166.3387 114.8184
166.3391 114.9280
166.3394 114.6770
166.3399 114.8281
166.3400 115.1733
166.3412 114.7908
166.3418 114.8208
166.3427 114.8771
166.3430 115.0942
166.3431 114.6958
166.3446 114.7477
166.3447 114.7834
166.3460 115.0222
166.3465 114.8082
166.3465 114.8211
166.3477 114.7678
166.3503 114.7463
166.3521 114.7735
166.3537 114.8042
166.3558 114.7710
166.3576 115.0907
166.3605 114.8502
166.3629 114.7771
166.3634 114.8359
166.3662 115.1809
166.3727 114.8176
166.3905 115.0529
166.4081 114.7574
166.4174 115.0971
166.4221 115.0015
166.4233 114.9469
166.4369 115.0986
166.4629 114.9457
