182.1517 95.2762
182.1560 95.2616
182.1807 95.2392
182.2013 95.2021
182.2180 95.5594
182.2235 95.2527
182.2244 95.2841
182.2278 95.2083
182.2375 95.1315
182.2379 95.2824
182.2381 95.2487
182.2425 95.1603
182.2527 95.2810
182.2542 95.2881
182.2607 95.2732
182.2608 95.3415
182.2650 95.2848
182.2652 95.2809
182.2653 95.2097
182.2694 95.2365
182.2758 95.2630
182.2761 95.2196
182.2764 95.2850
182.2785 95.1418
182.2796 95.2117
182.2798 95.3125
182.2804 95.2352
182.2813 95.2503
182.2818 95.3045
182.2827 95.3105
182.2831 95.3599
182.2847 95.2921
182.2879 95.2852
182.2883 95.2503
182.2884 95.2608
182.2887 95.2481
182.2912 95.2917
182.2913 95.1722
182.2916 95.2905
182.2933 95.3770
182.2937 95.2379
182.2943 95.1743
182.2953 95.2264
182.3019 95.6169
182.3066 95.3362
182.3068 95.3077
182.3078 95.3054
182.3098 95.2635
182.3144 95.3186
182.3170 95.2578
182.3183 95.2081
182.3195 95.3021
182.3195 95.3718
182.3215 95.2704
182.3222 95.2107
182.3223 95.2323
182.3226 95.2581
182.3232 95.3599
182.3234 95.3238
182.3248 95.2886
182.3254 95.2546
182.3262 95.2768
182.3270 95.3389
182.3290 95.3085
182.3301 95.1988
182.3301 95.3358
182.3315 95.5346
182.3332 95.3644
182.3337 95.3219
182.3341 95.2656
182.3364 95.2757
182.3367 95.2703
182.3377 95.1647
182.3400 95.3063
182.3412 95.2469
182.3421 95.2595
182.3426 95.2979
182.3426 95.4637
182.3428 95.2586
182.3428 95.2954
182.3436 95.2963
182.3438 95.2133
182.3455 95.2315
182.3466 95.3552
182.3467 95.2265
182.3475 95.6428
182.3476 95.2639
182.3495 95.2637
182.3498 95.2667
182.3499 95.2214
182.3506 95.1700
182.3522 95.2561
182.3524 95.1904
182.3535 95.2103
182.3545 95.5236
182.3552 95.2712
182.3558 95.2989
182.3560 95.2355
182.3565 95.1566
182.3571 95.2252
182.3574 95.5799
182.3582 95.5906
182.3585 95.3416
182.3589 95.3435
182.3590 95.3290
182.3624 95.3219
182.3624 95.5850
182.3627 95.2386
182.3637 95.2558
182.3637 95.3056
182.3648 95.3275
182.3651 95.3712
182.3655 95.2412
182.3663 95.2635
182.3669 95.5178
182.3672 95.2957
182.3674 95.2736
182.3680 95.2385
182.3682 95.3045
182.3682 95.3081
182.3685 95.2280
182.3700 95.4908
182.3710 95.2338
182.3716 95.1985
182.3733 95.2649
182.3759 95.2520
182.3761 95.3394
182.3767 95.4154
182.3802 95.3157
182.3802 95.3310
182.3812 95.4706
182.3817 95.3414
182.3820 95.2546
182.3835 95.5563
182.3840 95.1746
182.3851 95.5269
182.3859 95.5573
182.3860 95.5477
182.3878 95.2520
182.3881 95.1600
182.3881 95.5585
182.3911 95.4437
182.3914 95.5736
182.3921 95.2142
182.3924 95.3501
182.3926 95.5058
182.3937 95.5756
182.3955 95.3337
182.3962 95.5325
182.3969 95.4912
182.3972 95.4619
182.3978 95.4267
182.3986 95.1588
182.3992 95.2589
182.3993 95.4647
182.3994 95.3002
182.3994 95.5935
182.4008 95.2463
182.4016 95.5067
182.4019 95.5420
182.4025 95.2366
182.4025 95.2663
182.4026 95.6272
182.4031 95.5615
182.4032 95.2076
182.4032 95.3201
182.4032 95.3595
182.4036 95.2846
182.4037 95.3859
182.4044 95.3217
182.4046 95.2706
182.4054 95.2187
182.4059 95.5100
182.4069 95.2853
182.4079 95.2508
182.4083 95.3410
182.4093 95.2834
182.4101 95.6799
182.4102 95.2609
182.4102 95.3230
182.4104 95.4932
182.4111 95.5363
182.4132 95.2848
182.4157 95.4135
182.4164 95.2319
182.4172 95.3037
182.4185 95.5045
182.4193 95.2418
182.4203 95.5488
182.4204 95.5445
182.4208 95.4779
182.4211 95.3570
182.4217 95.3118
182.4230 95.4237
182.4242 95.3844
182.4243 95.5445
182.4256 95.3657
182.4257 95.5492
182.4259 95.5583
182.4265 95.5024
182.4292 95.4468
182.4292 95.4599
182.4293 95.5640
182.4300 95.5022
182.4310 95.1966
182.4326 95.5158
182.4329 95.2908
182.4332 95.4311
182.4341 95.6346
182.4344 95.5163
182.4347 95.5268
182.4354 95.4612
182.4356 95.6686
182.4362 95.5331
182.4366 95.5560
182.4372 95.5723
182.4377 95.6074
182.4386 95.4436
182.4391 95.1659
182.4393 95.3399
182.4393 95.5021
182.4395 95.5714
182.4402 95.4855
182.4403 95.4685
182.4417 95.3736
182.4421 95.3187
182.4434 95.5563
182.4435 95.5483
182.4440 95.4840
182.4448 95.5031
182.4467 95.4587
182.4469 95.6866
182.4481 95.5685
182.4497 95.2642
182.4505 95.5091
182.4506 95.4792
182.4513 95.5601
182.4515 95.5178
182.4518 95.3563
182.4534 95.4664
182.4567 95.4801
182.4569 95.2481
182.4576 95.4959
182.4585 95.5920
182.4597 95.5012
182.4616 95.2059
182.4618 95.4797
182.4632 95.4079
182.4633 95.5523
182.4646 95.5367
182.4661 95.4435
182.4664 95.5008
182.4665 95.5529
182.4666 95.6766
182.4684 95.1740
182.4688 95.4018
182.4704 95.5526
182.4707 95.2806
182.4718 95.5374
182.4732 95.6898
182.4733 95.2225
182.4738 95.3105
182.4739 95.5636
182.4741 95.2000
182.4745 95.5122
182.4748 95.4419
182.4748 95.5850
182.4769 95.5085
182.4772 95.2758
182.4784 95.1624
182.4789 95.2408
182.4796 95.5855
182.4827 95.4859
182.4829 95.4108
182.4831 95.5879
182.4832 95.5407
182.4854 95.1657
182.4858 95.4659
182.4858 95.5395
182.4887 95.5594
182.4894 95.4824
182.4901 95.6729
182.4923 95.2230
182.4924 95.1792
182.4930 95.4338
182.4934 95.4597
182.4937 95.4963
182.4938 95.4517
182.4940 95.2040
182.4953 95.2383
182.4958 95.5743
182.4964 95.2553
182.4973 95.4468
182.4981 95.4877
182.4985 95.2301
182.4997 95.5077
182.4997 95.5312
182.5001 95.4238
182.5003 95.1801
182.5021 95.5297
182.5029 95.5511
182.5045 95.4338
182.5046 95.2473
182.5058 95.5458
182.5064 95.1542
182.5069 95.4748
182.5074 95.4345
182.5079 95.6081
182.5096 95.1885
182.5099 95.4074
182.5115 95.5916
182.5115 95.5963
182.5123 95.4317
182.5128 95.6051
182.5148 94.9401
182.5162 95.5638
182.5174 95.1652
182.5178 95.5300
182.5206 95.2096
182.5210 95.2214
182.5218 95.1588
182.5222 95.3783
182.5236 95.2355
182.5239 95.1282
182.5244 95.5010
182.5245 95.2638
182.5245 95.4930
182.5249 95.5174
182.5258 95.0302
182.5258 95.1431
182.5258 95.4129
182.5273 95.3858
182.5286 95.2110
182.5293 95.4841
182.5302 95.5675
182.5318 95.5428
182.5322 95.4590
182.5328 95.5063
182.5337 95.2745
182.5369 95.0145
182.5377 95.1431
182.5384 95.2376
182.5414 95.1353
182.5421 94.9257
182.5426 95.1868
182.5426 95.5742
182.5428 95.1393
182.5439 95.2335
182.5452 95.0666
182.5461 95.1698
182.5465 95.2315
182.5483 95.2422
182.5487 95.1775
182.5488 95.5848
182.5489 95.4948
182.5492 95.2891
182.5499 95.1550
182.5499 95.1922
182.5503 95.1839
182.5503 95.2051
182.5535 95.1584
182.5536 95.1850
182.5537 95.5402
182.5537 95.5895
182.5545 95.4033
182.5558 95.2423
182.5558 95.3200
182.5563 95.4354
182.5566 95.1724
182.5579 95.3504
182.5586 95.2211
182.5601 95.3449
182.5608 95.0925
182.5612 95.1470
182.5613 95.2132
182.5614 95.2782
182.5620 95.1002
182.5628 95.1552
182.5641 95.3447
182.5646 95.0891
182.5646 95.1915
182.5664 95.1557
182.5669 95.3913
182.5674 95.2085
182.5675 95.3021
182.5676 95.0458
182.5679 95.1227
182.5679 95.2466
182.5684 95.1357
182.5689 95.2973
182.5710 95.1952
182.5718 95.0448
182.5725 95.0330
182.5726 95.1373
182.5729 95.1106
182.5729 95.2114
182.5736 95.1322
182.5740 95.2009
182.5745 95.1687
182.5745 95.2538
182.5748 95.1902
182.5760 95.4579
182.5762 95.1897
182.5765 95.2724
182.5765 95.4718
182.5765 95.5258
182.5767 95.1222
182.5771 95.2196
182.5777 95.4855
182.5778 95.0966
182.5783 95.4398
182.5789 95.0897
182.5789 95.2112
182.5790 95.5046
182.5792 95.4743
182.5808 95.5330
182.5810 95.2097
182.5813 95.2442
182.5818 95.4826
182.5831 95.1534
182.5831 95.2488
182.5834 95.0913
182.5836 95.6115
182.5840 95.1091
182.5845 95.2006
182.5856 95.1174
182.5857 95.2421
182.5859 95.1876
182.5861 95.1180
182.5865 95.2977
182.5867 95.0479
182.5882 95.2045
182.5883 95.2040
182.5887 95.2094
182.5898 95.2278
182.5902 95.0398
182.5909 95.2436
182.5921 95.1038
182.5922 95.2747
182.5927 95.2711
182.5928 95.1989
182.5929 95.1480
182.5929 95.4476
182.5933 95.1726
182.5941 94.9471
182.5942 95.1991
182.5944 95.0553
182.5945 95.0168
182.5972 95.0432
182.5973 94.9667
182.5982 95.1347
182.5982 95.1936
182.5990 95.4352
182.5991 95.3604
182.5998 95.1679
182.6002 95.5301
182.6015 95.1825
182.6018 95.2052
182.6020 95.2072
182.6025 95.5133
182.6026 95.3052
182.6028 95.0722
182.6028 95.1464
182.6033 95.2150
182.6035 95.4763
182.6039 95.2215
182.6046 95.6485
182.6047 95.1421
182.6048 95.1444
182.6052 95.2940
182.6054 95.2530
182.6057 95.2096
182.6058 95.2193
182.6059 95.1673
182.6067 95.1495
182.6069 95.0420
182.6069 95.1544
182.6077 95.0759
182.6083 95.2108
182.6086 95.0552
182.6087 95.5031
182.6094 95.1894
182.6095 95.1955
182.6098 95.1207
182.6099 95.1060
182.6100 95.0301
182.6104 95.1714
182.6107 95.4747
182.6113 95.1344
182.6120 95.2236
182.6124 95.2273
182.6124 95.3297
182.6127 95.2303
182.6128 95.2337
182.6131 95.2327
182.6137 95.1828
182.6138 95.2531
182.6142 95.2702
182.6144 95.2706
182.6153 95.3963
182.6155 95.1318
182.6157 95.2700
182.6159 95.4228
182.6161 95.0881
182.6168 95.1157
182.6169 95.1085
182.6169 95.2405
182.6171 95.3773
182.6172 95.2472
182.6180 95.1505
182.6182 95.2381
182.6186 95.1242
182.6192 95.0779
182.6197 95.1408
182.6199 95.1213
182.6214 95.2939
182.6218 95.2451
182.6221 94.9987
182.6228 95.2432
182.6234 95.2420
182.6236 95.1502
182.6236 95.2603
182.6237 95.3000
182.6238 95.1667
182.6243 95.1256
182.6246 95.4178
182.6247 95.0858
182.6249 95.1294
182.6250 95.3201
182.6253 95.1796
182.6259 95.2264
182.6260 95.1428
182.6264 95.2083
182.6265 95.3524
182.6267 95.1082
182.6273 95.2728
182.6281 95.2555
182.6289 95.1710
182.6289 95.4982
182.6290 95.1827
182.6295 95.2375
182.6302 95.1293
182.6306 95.2972
182.6310 95.1943
182.6311 95.1206
182.6314 95.2309
182.6314 95.4060
182.6317 94.9258
182.6318 95.2139
182.6322 95.2455
182.6328 95.2946
182.6338 95.0766
182.6342 95.1387
182.6344 95.2677
182.6348 95.1714
182.6350 95.4674
182.6351 95.2568
182.6351 95.3106
182.6355 94.9869
182.6355 95.1631
182.6355 95.3253
182.6358 95.2932
182.6360 95.1444
182.6362 95.4824
182.6364 95.2161
182.6372 95.3839
182.6373 94.9648
182.6379 95.4189
182.6405 95.4981
182.6406 95.4653
182.6413 95.1679
182.6417 95.2073
182.6419 95.2540
182.6421 95.0866
182.6424 95.1707
182.6428 95.4530
182.6443 95.1558
182.6447 95.1482
182.6451 95.1545
182.6462 95.1453
182.6463 95.0592
182.6468 95.1892
182.6468 95.2660
182.6476 95.4621
182.6478 95.1227
182.6479 95.1725
182.6483 95.4376
182.6485 95.1897
182.6486 95.1877
182.6492 95.3263
182.6493 95.3728
182.6497 95.0821
182.6500 95.1041
182.6501 95.1240
182.6502 95.1871
182.6504 95.4612
182.6508 95.0485
182.6508 95.3155
182.6511 95.3436
182.6523 95.0224
182.6525 95.1975
182.6536 95.0798
182.6537 95.4768
182.6541 95.4593
182.6546 95.2337
182.6547 95.1738
182.6547 95.4480
182.6551 95.1381
182.6554 95.1734
182.6561 95.3419
182.6564 95.1994
182.6564 95.3751
182.6570 95.0356
182.6578 95.2336
182.6581 95.2108
182.6607 95.4080
182.6608 95.2727
182.6609 95.2010
182.6609 95.4051
182.6611 95.4117
182.6613 95.1482
182.6614 95.4460
182.6631 95.4802
182.6633 95.1797
182.6651 95.0883
182.6651 95.1876
182.6652 95.0841
182.6654 95.2243
182.6656 95.2776
182.6656 95.4281
182.6657 95.1344
182.6658 95.3114
182.6662 95.2020
182.6664 95.2892
182.6667 95.3337
182.6668 95.1319
182.6674 95.1191
182.6675 95.3006
182.6676 95.5099
182.6677 95.2897
182.6677 95.3918
182.6678 95.2535
182.6680 95.2688
182.6685 95.5197
182.6686 95.1295
182.6687 95.2169
182.6687 95.5409
182.6694 95.3963
182.6696 95.4543
182.6709 95.3838
182.6712 95.1439
182.6712 95.4599
182.6720 95.4155
182.6723 95.5484
182.6739 95.4409
182.6744 95.4839
182.6762 95.4762
182.6763 95.4842
182.6763 95.5165
182.6767 95.4314
182.6768 95.4541
182.6769 95.4357
182.6771 95.5335
182.6796 95.3343
182.6801 95.4593
182.6809 95.4178
182.6816 95.1158
182.6826 95.4734
182.6830 95.1762
182.6834 95.0449
182.6835 95.3478
182.6841 95.3756
182.6856 95.4092
182.6863 95.5171
182.6867 95.2956
182.6874 95.2861
182.6879 95.3340
182.6882 95.4368
182.6886 95.4936
182.6888 95.4274
182.6889 95.3007
182.6907 95.3761
182.6916 95.4994
182.6925 95.4092
182.6931 95.4468
182.6935 95.4760
182.6949 95.2306
182.6952 95.4122
182.6959 95.3886
182.6962 95.4165
182.6982 95.4039
182.6983 95.4265
182.6985 95.3470
182.6992 95.3838
182.6997 95.1126
182.7000 95.4017
182.7009 95.3633
182.7009 95.4081
182.7031 95.4501
182.7044 95.4587
182.7045 95.4457
182.7056 95.1170
182.7067 95.3038
182.7070 95.5041
182.7071 95.5326
182.7097 95.2506
182.7098 95.4857
182.7101 95.4405
182.7111 95.3786
182.7116 95.1010
182.7127 95.2906
182.7134 95.3870
182.7136 95.2449
182.7136 95.2560
182.7138 95.4337
182.7142 95.4635
182.7143 95.4155
182.7151 95.1007
182.7152 95.4736
182.7154 95.0401
182.7156 95.4040
182.7164 95.4432
182.7166 95.3557
182.7167 95.4863
182.7184 95.4234
182.7187 95.4790
182.7196 95.4320
182.7203 95.4576
182.7225 95.4899
182.7230 95.1158
182.7232 95.3533
182.7238 95.4611
182.7249 95.5051
182.7264 95.4082
182.7275 95.2932
182.7309 95.4088
182.7320 95.3554
182.7326 95.4944
182.7327 95.5480
182.7330 95.3056
182.7340 95.3775
182.7341 95.1041
182.7341 95.4548
182.7359 95.3727
182.7365 95.4779
182.7366 95.3661
182.7381 95.4591
182.7400 95.5052
182.7404 95.5096
182.7407 95.4123
182.7417 95.5279
182.7434 95.4494
182.7447 95.3693
182.7459 95.3035
182.7464 95.5108
182.7475 95.3841
182.7478 95.4141
182.7483 95.4594
182.7490 95.4175
182.7500 95.3970
182.7512 95.3828
182.7522 95.3298
182.7566 95.4661
182.7597 95.3514
182.7611 95.4176
182.7641 95.4693
182.7642 95.3889
182.7663 95.4437
182.7668 95.4824
182.7685 95.2276
182.7693 95.3655
182.7702 95.3066
182.7709 95.3373
182.7723 95.4747
182.7755 95.5307
182.7766 95.3650
182.7809 95.2524
182.7823 95.4297
182.7856 95.3985
182.7890 95.3334
182.7949 95.2958
182.7951 95.2972
182.7975 95.4508
182.7981 95.4520
182.8004 95.4425
182.8035 95.3980
182.8056 95.4683
182.8085 95.4076
182.8094 95.1858
182.8189 95.4396
182.8250 95.4353
182.8369 95.3221
182.8384 95.3494
182.8416 95.4371
182.8740 95.3543
