168.9646 61.0897
168.9897 61.0985
169.0103 61.0579
169.0190 61.0829
169.0207 61.0066
169.0402 61.0565
169.0544 61.0647
169.0589 61.0438
169.0617 61.3080
169.0645 61.0894
169.0704 61.0661
169.0706 61.1377
169.0814 61.0861
169.0909 61.1546
169.0951 60.9786
169.0989 61.0357
169.1017 61.2419
169.1119 61.1340
169.1187 61.0388
169.1204 60.9961
169.1214 61.3713
169.1231 61.0625
169.1238 61.1089
169.1244 61.0276
169.1260 61.0020
169.1263 61.0650
169.1279 61.1149
169.1346 60.9085
169.1387 61.0442
169.1493 60.9819
169.1524 61.0335
169.1526 61.0900
169.1539 61.0560
169.1550 61.1386
169.1557 61.0609
169.1569 61.1891
169.1581 61.0808
169.1589 61.0304
169.1640 61.0226
169.1640 61.0525
169.1641 61.0483
169.1674 60.9609
169.1680 61.1758
169.1697 61.0252
169.1718 60.9797
169.1723 61.0714
169.1741 61.1516
169.1752 61.0984
169.1752 61.2205
169.1754 61.1396
169.1779 61.0664
169.1784 61.1002
169.1787 61.0760
169.1790 61.0282
169.1792 61.1243
169.1792 61.1378
169.1796 61.0210
169.1799 61.0348
169.1804 61.0389
169.1817 61.1003
169.1832 61.0492
169.1833 61.1134
169.1839 61.2161
169.1860 61.1393
169.1885 61.0790
169.1892 61.1108
169.1900 61.0785
169.1905 60.9977
169.1906 61.1195
169.1908 61.0519
169.1935 61.0545
169.1936 61.1998
169.1943 61.1050
169.1949 61.0225
169.1949 61.1441
169.1995 61.1386
169.1998 61.0663
169.2002 61.0318
169.2005 61.0395
169.2026 61.1824
169.2027 61.0374
169.2039 61.1454
169.2041 61.1133
169.2042 60.9577
169.2046 61.0870
169.2049 61.0426
169.2059 61.0919
169.2060 61.0970
169.2066 60.9947
169.2075 61.1027
169.2078 61.0493
169.2082 61.1087
169.2087 61.1023
169.2092 60.9285
169.2092 61.0050
169.2093 61.0739
169.2094 61.0714
169.2104 61.0257
169.2108 61.0812
169.2111 61.0306
169.2121 61.1083
169.2129 61.0298
169.2129 61.1595
169.2130 61.0107
169.2130 61.0361
169.2132 61.0190
169.2135 61.1221
169.2142 61.1043
169.2146 61.0704
169.2148 61.0848
169.2153 61.0573
169.2172 61.0505
169.2174 61.1257
169.2179 61.1659
169.2187 61.0788
169.2193 61.1038
169.2201 61.1612
169.2202 61.1059
169.2209 61.1329
169.2210 60.8797
169.2215 61.1084
169.2234 61.1581
169.2244 61.1162
169.2244 61.2804
169.2246 61.0310
169.2249 61.0047
169.2254 60.7640
169.2265 61.0941
169.2266 61.1660
169.2276 61.0744
169.2277 60.9996
169.2280 61.0186
169.2280 61.0844
169.2283 60.9911
169.2284 61.1447
169.2291 60.9302
169.2292 61.0391
169.2302 60.9852
169.2304 61.2319
169.2310 61.1356
169.2311 61.0192
169.2315 61.2152
169.2319 61.1332
169.2322 61.0050
169.2322 61.1325
169.2324 61.1265
169.2326 61.0147
169.2327 61.1410
169.2337 60.9685
169.2347 61.0493
169.2354 61.1614
169.2357 61.1120
169.2358 60.9531
169.2360 61.1417
169.2367 61.1219
169.2369 61.0315
169.2370 61.1395
169.2376 61.1172
169.2382 61.0741
169.2382 61.0788
169.2383 61.0221
169.2385 60.9369
169.2387 60.9582
169.2388 61.0924
169.2392 61.1793
169.2393 60.9644
169.2393 61.2623
169.2400 61.0239
169.2400 61.0682
169.2404 61.0969
169.2410 61.1255
169.2413 61.1653
169.2420 61.0714
169.2420 61.2002
169.2428 60.9892
169.2433 61.1445
169.2433 61.2099
169.2434 61.0168
169.2440 60.9530
169.2443 61.0996
169.2454 61.0611
169.2460 61.3019
169.2466 61.0663
169.2468 61.0294
169.2473 61.0310
169.2478 61.0282
169.2479 61.1138
169.2485 61.3442
169.2487 61.0877
169.2489 61.0705
169.2492 61.0855
169.2495 61.1142
169.2497 61.0588
169.2502 61.0765
169.2507 61.2347
169.2511 61.0373
169.2512 61.0900
169.2512 61.1213
169.2537 61.0860
169.2537 61.1410
169.2540 61.0392
169.2547 61.1310
169.2556 61.1345
169.2560 61.0402
169.2575 61.0864
169.2577 61.0196
169.2578 61.1386
169.2584 61.1433
169.2585 61.0490
169.2589 61.0941
169.2591 61.0638
169.2593 60.9943
169.2593 61.1278
169.2605 61.0073
169.2606 61.0576
169.2626 61.0727
169.2627 61.0346
169.2629 61.0808
169.2630 61.0076
169.2633 61.0586
169.2635 61.0665
169.2642 61.0250
169.2648 61.0833
169.2652 61.0440
169.2656 61.3300
169.2659 61.0346
169.2659 61.1464
169.2661 60.9898
169.2665 60.9869
169.2669 61.0340
169.2673 61.0306
169.2673 61.1281
169.2675 61.1222
169.2679 61.1413
169.2680 60.9657
169.2681 61.1019
169.2684 61.0839
169.2687 61.1408
169.2689 61.0383
169.2690 61.0981
169.2693 61.1735
169.2700 61.1445
169.2709 61.1228
169.2711 61.3984
169.2716 61.1298
169.2719 61.1641
169.2727 61.0839
169.2727 61.1013
169.2737 61.0730
169.2751 61.0729
169.2782 61.0874
169.2782 61.1047
169.2786 61.0735
169.2788 61.1435
169.2790 61.1466
169.2793 61.0723
169.2799 61.0586
169.2801 61.2677
169.2803 61.0310
169.2806 61.0542
169.2807 61.0990
169.2811 61.0690
169.2816 60.9935
169.2826 61.0989
169.2833 61.1032
169.2838 61.1248
169.2838 61.2194
169.2851 61.2676
169.2853 61.1294
169.2856 61.1112
169.2859 61.1170
169.2859 61.2418
169.2860 61.2421
169.2863 61.2025
169.2878 61.0333
169.2883 61.0555
169.2885 61.0452
169.2885 61.0937
169.2887 61.0742
169.2889 61.0830
169.2891 61.1799
169.2895 61.0146
169.2901 61.0134
169.2902 61.1571
169.2903 61.1804
169.2914 61.3066
169.2925 61.1674
169.2926 61.1884
169.2928 61.1178
169.2930 61.0489
169.2935 61.2832
169.2937 60.9810
169.2943 61.0070
169.2947 61.1379
169.2958 61.0714
169.2962 61.1531
169.2966 61.0627
169.2976 61.1936
169.2981 60.9781
169.2984 61.2534
169.2985 61.1300
169.2987 61.2477
169.3000 61.0251
169.3011 61.1248
169.3015 61.0849
169.3017 60.9560
169.3017 61.2644
169.3018 61.2099
169.3019 61.0911
169.3024 61.2826
169.3025 60.9709
169.3033 61.4087
169.3046 61.0674
169.3051 61.2268
169.3053 61.1498
169.3056 61.0195
169.3056 61.1966
169.3056 61.2855
169.3059 61.1453
169.3060 60.9210
169.3061 61.0088
169.3063 61.0817
169.3066 61.0891
169.3067 61.2853
169.3071 61.2876
169.3072 61.2554
169.3075 61.2494
169.3076 61.0278
169.3081 60.9773
169.3083 61.1519
169.3086 61.2793
169.3091 61.2460
169.3093 61.0406
169.3104 61.2218
169.3112 60.9764
169.3117 61.2321
169.3118 61.0623
169.3118 61.2275
169.3119 60.8885
169.3119 61.3272
169.3125 61.2635
169.3129 61.0409
169.3130 61.1515
169.3130 61.1578
169.3136 61.1774
169.3138 61.0543
169.3140 60.9498
169.3155 61.2475
169.3158 61.1846
169.3164 61.1733
169.3164 61.2709
169.3167 61.2236
169.3175 60.9557
169.3183 61.0576
169.3183 61.2555
169.3184 61.2698
169.3193 61.2242
169.3194 61.2635
169.3196 61.0327
169.3196 61.2821
169.3197 61.2906
169.3198 61.2807
169.3202 61.1642
169.3205 61.3562
169.3206 61.0601
169.3207 61.1156
169.3208 61.0195
169.3208 61.2566
169.3209 61.0368
169.3211 60.9478
169.3218 61.2548
169.3220 61.2168
169.3221 61.1272
169.3225 61.1632
169.3226 61.2898
169.3228 60.9737
169.3231 61.1334
169.3231 61.2684
169.3233 61.2192
169.3235 61.2315
169.3236 61.1989
169.3237 61.3121
169.3250 61.2116
169.3250 61.2594
169.3252 61.2485
169.3253 61.0804
169.3260 61.1493
169.3264 61.2851
169.3264 61.3611
169.3266 61.2070
169.3269 61.0853
169.3269 61.2309
169.3269 61.2360
169.3276 61.2037
169.3277 61.0658
169.3283 61.0619
169.3284 61.1037
169.3284 61.2788
169.3285 61.0300
169.3286 61.1082
169.3295 60.9843
169.3297 61.0808
169.3310 61.2325
169.3312 61.1296
169.3314 61.1339
169.3318 61.0665
169.3321 61.1772
169.3330 61.3455
169.3333 61.0954
169.3335 61.1270
169.3336 61.2185
169.3337 61.2845
169.3339 60.9750
169.3340 61.1458
169.3341 61.2922
169.3342 61.3129
169.3344 61.1931
169.3346 61.1298
169.3350 61.3288
169.3360 61.0138
169.3363 61.0163
169.3366 61.1466
169.3368 61.1960
169.3372 60.8596
169.3375 61.1963
169.3380 61.0167
169.3385 61.2442
169.3414 61.3027
169.3418 61.1153
169.3421 61.0230
169.3428 60.9637
169.3428 61.3223
169.3429 61.0471
169.3431 61.0987
169.3432 60.9759
169.3436 61.2338
169.3437 60.9918
169.3437 61.0929
169.3439 61.2833
169.3440 61.2169
169.3441 61.2567
169.3446 61.2091
169.3451 61.1315
169.3452 61.1182
169.3454 61.1265
169.3470 61.1911
169.3473 61.1702
169.3474 61.2103
169.3477 60.9677
169.3478 61.2364
169.3479 61.0389
169.3482 61.0433
169.3486 61.2469
169.3488 61.0374
169.3499 61.1027
169.3499 61.1110
169.3503 60.8807
169.3512 61.0148
169.3515 61.2390
169.3518 61.0972
169.3519 61.0000
169.3535 61.0725
169.3536 61.3500
169.3538 61.0143
169.3538 61.1154
169.3544 61.0082
169.3546 61.1658
169.3552 60.9834
169.3554 61.0200
169.3554 61.1917
169.3557 61.2477
169.3558 61.2563
169.3560 61.0383
169.3561 61.2707
169.3562 61.2257
169.3564 61.2709
169.3564 61.2774
169.3571 61.0757
169.3579 61.1615
169.3582 61.2722
169.3586 61.1190
169.3591 61.2439
169.3599 61.1516
169.3600 61.2338
169.3601 61.2864
169.3604 61.2436
169.3611 61.0285
169.3612 61.1924
169.3615 61.2100
169.3616 60.9866
169.3619 61.0926
169.3620 61.2504
169.3627 61.2629
169.3630 61.2567
169.3633 61.2153
169.3638 61.1998
169.3644 61.0603
169.3648 61.1733
169.3648 61.1795
169.3653 60.8840
169.3653 60.9035
169.3656 61.2672
169.3659 61.0170
169.3659 61.1014
169.3668 60.9948
169.3668 61.0370
169.3670 60.9313
169.3676 61.2894
169.3676 61.3064
169.3683 61.2808
169.3684 61.0969
169.3685 60.9776
169.3687 61.0494
169.3689 60.9978
169.3690 60.9989
169.3691 61.3240
169.3694 61.2821
169.3697 61.0291
169.3710 61.2202
169.3711 61.1587
169.3713 60.9339
169.3714 61.1983
169.3719 60.9540
169.3719 61.3030
169.3720 61.2950
169.3725 60.9809
169.3726 61.0717
169.3727 61.2934
169.3732 60.8850
169.3732 61.2509
169.3744 61.1441
169.3744 61.1916
169.3757 61.3823
169.3758 60.8915
169.3759 61.3227
169.3760 61.1313
169.3763 61.0002
169.3763 61.1622
169.3763 61.2552
169.3768 61.1115
169.3772 61.0858
169.3772 61.1058
169.3773 61.0127
169.3774 61.1805
169.3780 60.9002
169.3780 60.9613
169.3781 61.0394
169.3781 61.2118
169.3790 61.0742
169.3791 61.0903
169.3792 61.1628
169.3795 60.9912
169.3795 61.0081
169.3796 61.0262
169.3799 61.2645
169.3801 60.8779
169.3801 61.2709
169.3803 61.0098
169.3805 61.0175
169.3805 61.2426
169.3806 60.9691
169.3806 61.1918
169.3807 61.1107
169.3807 61.1162
169.3810 60.9229
169.3811 61.2373
169.3813 61.1648
169.3813 61.3485
169.3816 60.9419
169.3818 61.2463
169.3821 61.1632
169.3825 61.0589
169.3826 61.0254
169.3827 61.2467
169.3832 60.9131
169.3840 61.1347
169.3844 60.9423
169.3844 60.9941
169.3844 61.0714
169.3845 61.3289
169.3852 61.0933
169.3854 61.1373
169.3858 60.9514
169.3858 61.2178
169.3861 60.8488
169.3869 60.9435
169.3872 60.9240
169.3879 60.9653
169.3882 61.3081
169.3883 60.9762
169.3883 61.2296
169.3884 60.9911
169.3888 60.9720
169.3890 61.0145
169.3898 60.9939
169.3901 61.3749
169.3903 60.9179
169.3903 60.9504
169.3904 61.2952
169.3908 60.9619
169.3908 61.2307
169.3909 61.2496
169.3912 60.8706
169.3912 61.0245
169.3916 61.0786
169.3917 60.9854
169.3922 61.2184
169.3923 60.9851
169.3924 61.2061
169.3925 61.3450
169.3928 60.9099
169.3928 61.2407
169.3936 61.1368
169.3940 60.9469
169.3940 61.0022
169.3940 61.2738
169.3940 61.3082
169.3944 61.0704
169.3946 61.2068
169.3948 61.1707
169.3951 61.0419
169.3952 61.0154
169.3952 61.3193
169.3954 61.2846
169.3958 61.1613
169.3959 61.1219
169.3959 61.2053
169.3962 61.2565
169.3964 61.3344
169.3968 61.2127
169.3970 60.9981
169.3972 61.1529
169.3975 60.9930
169.3979 61.0479
169.3979 61.1940
169.3981 60.9468
169.3982 60.9778
169.3984 61.0155
169.3985 61.2944
169.3986 61.2069
169.3987 60.9188
169.3990 60.9687
169.3997 60.8980
169.3997 60.9745
169.4002 60.9926
169.4002 61.2045
169.4003 60.9851
169.4004 61.1264
169.4008 60.9918
169.4008 61.2838
169.4010 60.9331
169.4013 60.9902
169.4013 61.2738
169.4015 61.1510
169.4019 61.2155
169.4025 61.3009
169.4026 61.1952
169.4026 61.2827
169.4030 61.3191
169.4032 61.3084
169.4034 60.9756
169.4036 61.1165
169.4038 61.0567
169.4041 60.9978
169.4042 60.9659
169.4044 60.9985
169.4044 61.2987
169.4045 61.0982
169.4045 61.2631
169.4049 61.0718
169.4050 60.9965
169.4051 60.9938
169.4051 61.2577
169.4052 60.9826
169.4057 61.1435
169.4059 60.9244
169.4059 61.0008
169.4059 61.0239
169.4060 60.9265
169.4064 60.9581
169.4064 61.0231
169.4067 61.2655
169.4069 60.9757
169.4072 61.2547
169.4075 61.0887
169.4077 60.9310
169.4077 61.0478
169.4081 60.9433
169.4083 60.9627
169.4083 61.2718
169.4084 60.8839
169.4084 61.1821
169.4085 61.2675
169.4090 61.1193
169.4090 61.5171
169.4093 60.9242
169.4093 61.4402
169.4095 60.9599
169.4095 60.9625
169.4098 60.8930
169.4099 61.2532
169.4099 61.2827
169.4101 60.9763
169.4102 61.1890
169.4103 61.2784
169.4105 60.8982
169.4108 61.0404
169.4111 61.0695
169.4112 60.8642
169.4112 61.0155
169.4122 60.9159
169.4122 61.2149
169.4126 61.3162
169.4128 61.2177
169.4129 60.9127
169.4129 61.0140
169.4131 61.1253
169.4135 60.9584
169.4135 60.9730
169.4135 61.1632
169.4136 61.2512
169.4137 60.9258
169.4137 61.2327
169.4138 60.9477
169.4144 61.2283
169.4145 61.0152
169.4149 61.1713
169.4150 60.9783
169.4152 60.9780
169.4153 61.0130
169.4156 61.2014
169.4161 61.2643
169.4164 61.2037
169.4169 61.1794
169.4173 60.9406
169.4173 61.0042
169.4174 61.3930
169.4180 61.0289
169.4182 60.9560
169.4182 61.0028
169.4186 60.9716
169.4187 61.1756
169.4189 61.0772
169.4189 61.0781
169.4191 60.8791
169.4193 61.2366
169.4195 60.9232
169.4198 61.2639
169.4198 61.2904
169.4199 61.4161
169.4202 61.1591
169.4202 61.2150
169.4203 60.9143
169.4204 60.9184
169.4205 60.9762
169.4209 61.4374
169.4219 61.1140
169.4224 60.9988
169.4225 60.8801
169.4227 61.1154
169.4233 61.0308
169.4234 60.9271
169.4237 60.9128
169.4240 60.8481
169.4241 61.2441
169.4243 61.0732
169.4244 60.9554
169.4244 61.1852
169.4245 60.9634
169.4248 61.0235
169.4254 60.9569
169.4256 60.9175
169.4257 60.9238
169.4261 60.9030
169.4261 61.2435
169.4262 61.2124
169.4263 61.0591
169.4264 61.2273
169.4264 61.2751
169.4267 61.0497
169.4268 60.9771
169.4271 61.2023
169.4272 61.1393
169.4273 60.8831
169.4275 61.1516
169.4277 60.9813
169.4277 60.9861
169.4279 61.0554
169.4281 61.1879
169.4285 60.9322
169.4294 61.1124
169.4296 61.2435
169.4298 60.9530
169.4300 60.9267
169.4300 61.0895
169.4304 61.2704
169.4304 61.4073
169.4305 60.9813
169.4305 61.0047
169.4305 61.2681
169.4306 60.9251
169.4308 61.2470
169.4309 61.0241
169.4310 61.0822
169.4310 61.1352
169.4312 60.9834
169.4313 61.1093
169.4315 61.1729
169.4317 61.2600
169.4320 60.9322
169.4320 61.2007
169.4321 61.0452
169.4321 61.1513
169.4324 60.9885
169.4326 61.1112
169.4328 60.9799
169.4328 61.0547
169.4335 61.0020
169.4336 61.2364
169.4337 61.3296
169.4339 60.9718
169.4340 60.9345
169.4342 60.9688
169.4343 61.1812
169.4344 61.0544
169.4344 61.1273
169.4346 60.9285
169.4351 60.9506
169.4354 60.9818
169.4355 60.8693
169.4355 61.0705
169.4356 60.9578
169.4356 61.3317
169.4363 60.9588
169.4364 61.0456
169.4369 61.2294
169.4371 60.8717
169.4374 60.9464
169.4374 61.2333
169.4376 61.0351
169.4377 60.9578
169.4378 60.9178
169.4381 60.9782
169.4382 61.1935
169.4390 60.9100
169.4390 61.2592
169.4393 61.0499
169.4393 61.1986
169.4394 60.8591
169.4394 61.1165
169.4397 60.9139
169.4397 61.3378
169.4405 60.8436
169.4408 60.9765
169.4410 60.9836
169.4411 61.0072
169.4411 61.0766
169.4414 60.9995
169.4415 60.9529
169.4416 61.1250
169.4420 61.0614
169.4421 60.9862
169.4435 60.9415
169.4435 61.3203
169.4438 61.1265
169.4448 60.8399
169.4451 60.9688
169.4453 60.9731
169.4455 61.2261
169.4457 60.9245
169.4458 60.9478
169.4458 61.1777
169.4459 60.8942
169.4463 61.1465
169.4463 61.2235
169.4464 60.8980
169.4464 60.9830
169.4466 61.1137
169.4469 61.1337
169.4472 61.0033
169.4472 61.1801
169.4473 61.0376
169.4476 61.0470
169.4479 60.9950
169.4481 61.0774
169.4481 61.1604
169.4481 61.1748
169.4483 61.2545
169.4488 61.1708
169.4491 61.3528
169.4494 61.2529
169.4496 60.9762
169.4497 61.2034
169.4499 60.9342
169.4500 61.3045
169.4503 60.9230
169.4503 61.2468
169.4504 61.1573
169.4509 60.9547
169.4514 61.0331
169.4521 61.1969
169.4522 61.1849
169.4524 60.8831
169.4527 61.0567
169.4531 60.9248
169.4536 61.1141
169.4537 61.0467
169.4539 60.8759
169.4540 60.8789
169.4541 61.2243
169.4549 60.8825
169.4550 60.9330
169.4555 60.9396
169.4556 60.9604
169.4556 61.2409
169.4558 60.9853
169.4559 60.9881
169.4559 60.9970
169.4567 61.3478
169.4573 61.0690
169.4574 61.1995
169.4578 60.9916
169.4581 61.2034
169.4585 60.8670
169.4591 60.9544
169.4593 60.9627
169.4596 61.0279
169.4601 61.2274
169.4607 61.0388
169.4610 61.1551
169.4616 60.9232
169.4619 60.7701
169.4629 61.1357
169.4631 60.9381
169.4633 60.9339
169.4633 61.0639
169.4633 61.1953
169.4634 60.9125
169.4637 60.9334
169.4650 61.1797
169.4651 61.2658
169.4653 61.1188
169.4661 60.9731
169.4662 60.9679
169.4664 60.8924
169.4668 61.0317
169.4669 61.2026
169.4675 60.9783
169.4676 61.4636
169.4680 61.2124
169.4681 61.0120
169.4683 61.1501
169.4686 60.9204
169.4686 61.2115
169.4688 61.0087
169.4693 61.1861
169.4695 60.9470
169.4697 60.8048
169.4698 61.0345
169.4707 61.0140
169.4707 61.4035
169.4707 61.4892
169.4717 61.1906
169.4720 60.9672
169.4721 60.9776
169.4721 60.9969
169.4721 61.0524
169.4722 61.1857
169.4724 60.9443
169.4726 61.1503
169.4733 60.8443
169.4734 61.0785
169.4735 61.1195
169.4742 60.9050
169.4743 60.8544
169.4746 60.9403
169.4751 60.9281
169.4752 60.8977
169.4753 60.9624
169.4758 61.0427
169.4761 60.9226
169.4765 61.2040
169.4770 60.9956
169.4771 60.9894
169.4773 60.9605
169.4774 60.9185
169.4778 60.9950
169.4780 61.0272
169.4782 61.0953
169.4782 61.4552
169.4783 61.0296
169.4785 60.9400
169.4791 61.0746
169.4797 61.0209
169.4797 61.1738
169.4801 60.8344
169.4801 60.9882
169.4801 61.0358
169.4801 61.2049
169.4804 61.2542
169.4805 61.2962
169.4810 60.9175
169.4813 61.4627
169.4814 60.8373
169.4814 61.2253
169.4816 60.9054
169.4816 60.9450
169.4816 61.0044
169.4825 61.1587
169.4828 60.9066
169.4840 60.9095
169.4841 60.9740
169.4847 60.7939
169.4847 60.9402
169.4847 60.9518
169.4847 61.1824
169.4848 61.2975
169.4849 60.8628
169.4850 60.8446
169.4850 61.1361
169.4852 61.1152
169.4860 60.9555
169.4861 60.9300
169.4866 60.9627
169.4868 61.1607
169.4872 61.2570
169.4875 60.9305
169.4883 60.9570
169.4887 61.1078
169.4889 61.2121
169.4896 60.9434
169.4901 61.1896
169.4904 61.0233
169.4906 61.0103
169.4910 61.0187
169.4914 61.0232
169.4922 60.9021
169.4922 61.2015
169.4927 60.9717
169.4930 60.8460
169.4930 60.9235
169.4932 60.9997
169.4932 61.1562
169.4935 61.2224
169.4936 61.1312
169.4938 61.0155
169.4939 61.0261
169.4943 60.9735
169.4954 61.1675
169.4958 61.0144
169.4960 60.9520
169.4960 61.0206
169.4966 60.9388
169.4969 60.9772
169.4969 61.0424
169.4980 60.9343
169.4981 61.0096
169.4982 60.9275
169.4984 60.8076
169.4984 61.1055
169.4991 61.0067
169.4991 61.2098
169.4997 61.0376
169.4999 61.0970
169.5003 61.1233
169.5012 61.2166
169.5020 60.9257
169.5020 60.9476
169.5021 61.0206
169.5026 61.0079
169.5032 61.0713
169.5034 61.1553
169.5035 60.9899
169.5043 61.1672
169.5046 61.1302
169.5055 61.0106
169.5056 60.8759
169.5056 61.0944
169.5072 61.1351
169.5072 61.2871
169.5074 61.0163
169.5083 61.0245
169.5091 61.1977
169.5095 60.9720
169.5095 61.1857
169.5096 60.9805
169.5098 61.0608
169.5105 60.8749
169.5107 60.9096
169.5112 60.9616
169.5112 61.1351
169.5122 61.0411
169.5125 60.9315
169.5131 60.8917
169.5131 61.0329
169.5132 61.2454
169.5142 61.1432
169.5143 61.1878
169.5147 61.0501
169.5155 61.0733
169.5163 61.1468
169.5165 61.0060
169.5167 61.1429
169.5169 61.0695
169.5186 61.3169
169.5189 61.1512
169.5198 60.9136
169.5206 60.8829
169.5206 60.9171
169.5208 61.0466
169.5215 61.0112
169.5215 61.1208
169.5220 61.0512
169.5220 61.0680
169.5228 61.3026
169.5232 61.0789
169.5236 60.9726
169.5236 61.1799
169.5243 60.9935
169.5243 61.2952
169.5244 60.9038
169.5248 61.1425
169.5258 61.1923
169.5258 61.2258
169.5260 61.0189
169.5264 61.1611
169.5269 61.2820
169.5271 61.2174
169.5272 60.8849
169.5275 61.2771
169.5277 61.1301
169.5278 61.0497
169.5280 61.0503
169.5283 61.1146
169.5286 61.0991
169.5288 61.0121
169.5291 61.1315
169.5298 60.9108
169.5302 61.1183
169.5303 60.9995
169.5306 61.0912
169.5310 60.9496
169.5312 61.2065
169.5314 61.0563
169.5320 61.1151
169.5328 60.9949
169.5331 61.1562
169.5341 61.1820
169.5359 61.1376
169.5363 61.0979
169.5372 61.1647
169.5375 60.9692
169.5381 61.2057
169.5387 61.3059
169.5388 61.0926
169.5397 60.9250
169.5398 61.1229
169.5411 61.0545
169.5412 61.2250
169.5415 61.1212
169.5416 61.0951
169.5417 61.3162
169.5422 61.0231
169.5423 61.1381
169.5425 60.9750
169.5431 61.1154
169.5435 61.2024
169.5438 61.1298
169.5445 61.0659
169.5447 61.1595
169.5455 60.9993
169.5456 60.8674
169.5462 61.1470
169.5462 61.1858
169.5465 61.2718
169.5469 61.1339
169.5470 61.2156
169.5477 61.0017
169.5479 61.1262
169.5486 61.0129
169.5491 61.0827
169.5494 61.0680
169.5495 61.0900
169.5496 61.2339
169.5502 61.0847
169.5503 61.1528
169.5506 61.1092
169.5514 61.1115
169.5515 61.0008
169.5518 61.0824
169.5525 60.9066
169.5527 61.1045
169.5528 61.2197
169.5531 61.2217
169.5532 61.1124
169.5538 61.2931
169.5539 61.1737
169.5542 61.3002
169.5544 61.1354
169.5552 61.3139
169.5557 61.1941
169.5558 61.1138
169.5564 61.0771
169.5566 61.1906
169.5567 61.0519
169.5575 61.1088
169.5584 61.1230
169.5586 61.0795
169.5586 61.1507
169.5586 61.1609
169.5589 61.0526
169.5602 61.1372
169.5618 61.0116
169.5619 61.0801
169.5620 61.3664
169.5627 61.1388
169.5628 61.1140
169.5630 61.1441
169.5642 61.0806
169.5645 61.0743
169.5654 60.9166
169.5655 61.2046
169.5657 61.2679
169.5658 61.0460
169.5663 60.9402
169.5663 61.0926
169.5666 61.1404
169.5670 60.9285
169.5674 61.1091
169.5680 61.0570
169.5682 61.1450
169.5684 61.0385
169.5685 60.9934
169.5688 60.9217
169.5691 61.0757
169.5693 61.0293
169.5699 61.0425
169.5704 61.0484
169.5712 61.1730
169.5715 61.1025
169.5719 61.1050
169.5723 61.1917
169.5726 61.0221
169.5728 61.3003
169.5730 61.1116
169.5730 61.1674
169.5739 61.0934
169.5771 61.1149
169.5774 61.0498
169.5781 61.0489
169.5786 61.1199
169.5793 61.0330
169.5793 61.1625
169.5799 61.0378
169.5809 61.2638
169.5814 61.2116
169.5815 61.0939
169.5826 61.0987
169.5827 61.1052
169.5831 61.0660
169.5833 61.4266
169.5842 61.0901
169.5865 61.0665
169.5868 61.0065
169.5870 61.1980
169.5871 61.3939
169.5880 61.0129
169.5888 61.1954
169.5893 60.9914
169.5895 61.0345
169.5896 61.1268
169.5899 61.1516
169.5901 61.2381
169.5904 61.0186
169.5905 61.1022
169.5909 61.1047
169.5911 61.4247
169.5920 61.1905
169.5928 61.0760
169.5933 61.0724
169.5933 61.2991
169.5935 61.1450
169.5947 61.0437
169.5961 61.0492
169.5962 61.2760
169.5963 61.0748
169.5963 61.1426
169.5965 61.1205
169.5980 61.0981
169.5980 61.1157
169.5981 61.0479
169.5986 61.0911
169.5987 61.1125
169.5993 61.1693
169.5995 61.0764
169.6001 61.1199
169.6007 61.0805
169.6016 61.1214
169.6031 61.2692
169.6035 61.1487
169.6036 61.1243
169.6037 61.0547
169.6042 61.1273
169.6047 61.0456
169.6054 61.3536
169.6066 61.0020
169.6068 61.1275
169.6079 61.2148
169.6083 61.1449
169.6086 61.1145
169.6086 61.2239
169.6090 61.3327
169.6094 61.1080
169.6114 61.1048
169.6122 61.0940
169.6123 61.0513
169.6125 61.0616
169.6137 61.1816
169.6154 61.3819
169.6158 61.0780
169.6159 61.0686
169.6165 61.3355
169.6168 61.2187
169.6174 61.2028
169.6180 61.0805
169.6182 61.1255
169.6190 61.1161
169.6216 61.2925
169.6218 61.1110
169.6234 61.2318
169.6248 61.0370
169.6248 61.1106
169.6254 61.3507
169.6257 61.2556
169.6274 61.1486
169.6297 61.1079
169.6319 61.2616
169.6358 61.1234
169.6363 61.0474
169.6377 61.0557
169.6382 61.0897
169.6389 61.0275
169.6395 61.0744
169.6402 61.0816
169.6402 61.2149
169.6412 60.9353
169.6415 61.0237
169.6424 61.3157
169.6431 61.3655
169.6439 61.1746
169.6443 61.2662
169.6450 61.0417
169.6451 61.0576
169.6452 61.1589
169.6463 61.1358
169.6475 60.9631
169.6496 61.2020
169.6506 61.0771
169.6518 61.0667
169.6520 61.2902
169.6521 61.0772
169.6522 61.1792
169.6560 61.1308
169.6571 61.0358
169.6589 61.1441
169.6627 61.1943
169.6654 61.2021
169.6657 61.1718
169.6667 61.0635
169.6761 61.1594
169.6786 61.1911
169.6794 61.0977
169.6826 61.1473
169.6841 61.2242
169.6855 61.0243
169.6870 61.0647
169.6894 61.1108
169.6917 61.0410
169.6922 61.1930
169.6955 61.0810
169.7015 61.3189
169.7021 61.0629
169.7071 61.0068
169.7089 61.0426
169.7266 61.1796
169.7412 61.1624
