140.8135 125.7676
140.8645 125.7691
140.8663 125.7038
140.9156 125.8346
140.9307 125.6494
140.9329 125.9573
140.9394 125.7431
140.9400 125.8646
140.9416 125.5975
140.9429 125.8421
140.9445 125.7904
140.9449 125.6710
140.9475 125.5926
140.9487 125.6292
140.9533 125.5801
140.9541 125.6228
140.9579 125.7390
140.9582 125.7014
140.9605 125.7034
140.9606 125.6288
140.9617 125.7448
140.9623 125.6159
140.9660 125.6299
140.9660 125.7439
140.9664 125.7032
140.9693 125.7325
140.9706 125.7293
140.9725 126.0185
140.9726 125.6988
140.9729 125.6567
140.9737 125.7572
140.9747 125.8523
140.9749 125.7233
140.9751 125.6771
140.9756 125.6962
140.9774 125.6315
140.9781 125.6763
140.9817 125.6839
140.9843 125.6959
140.9844 125.6757
140.9864 125.6280
140.9869 125.6487
140.9875 125.6445
140.9890 125.6641
140.9899 125.6688
140.9913 125.5939
140.9922 125.6022
140.9927 125.5090
140.9935 125.9516
140.9942 125.7110
140.9946 125.6782
140.9949 125.7262
140.9959 125.5912
140.9962 125.7055
140.9963 125.6366
140.9967 125.7030
140.9967 125.8948
140.9973 125.6468
140.9975 125.6605
140.9983 125.9126
140.9988 125.6347
140.9992 125.7204
141.0003 125.8949
141.0021 125.5082
141.0023 125.6404
141.0030 125.6040
141.0032 125.7116
141.0037 125.7041
141.0050 125.8456
141.0065 125.6310
141.0066 125.7422
141.0079 125.6861
141.0080 125.6519
141.0080 125.8121
141.0085 125.6404
141.0091 125.6239
141.0092 125.6722
141.0101 125.6560
141.0107 125.6605
141.0114 125.6152
141.0118 125.6263
141.0122 125.7706
141.0123 125.5612
141.0128 125.7314
141.0133 125.6564
141.0152 125.7596
141.0159 125.5790
141.0173 125.6298
141.0174 125.6702
141.0174 125.7136
141.0176 125.5706
141.0177 125.6367
141.0184 125.6288
141.0186 125.6504
141.0188 125.6274
141.0191 125.6899
141.0197 125.6597
141.0199 125.8831
141.0206 125.5963
141.0206 125.7520
141.0208 125.5934
141.0208 125.9236
141.0225 125.7231
141.0227 125.7851
141.0229 125.8776
141.0231 125.7093
141.0232 125.5943
141.0233 125.6748
141.0236 125.5706
141.0240 125.5939
141.0258 125.7144
141.0270 125.6965
141.0274 125.6702
141.0276 125.7986
141.0276 125.9635
141.0280 125.4913
141.0280 125.6577
141.0284 125.5466
141.0286 125.6478
141.0286 125.9999
141.0287 125.9775
141.0294 125.6687
141.0295 125.6412
141.0299 125.7004
141.0304 125.6992
141.0309 125.5404
141.0310 125.6844
141.0323 125.6332
141.0323 125.6482
141.0323 125.6707
141.0326 125.5682
141.0332 125.7093
141.0341 125.5313
141.0342 125.6245
141.0344 125.9265
141.0354 125.6624
141.0358 125.7068
141.0364 125.6510
141.0378 125.7752
141.0386 125.9325
141.0399 125.6315
141.0400 125.5639
141.0403 125.7197
141.0406 125.5551
141.0409 125.7248
141.0413 125.6867
141.0413 125.8192
141.0421 125.6922
141.0422 125.6760
141.0446 125.6331
141.0449 125.5398
141.0456 125.5772
141.0457 125.8018
141.0462 125.6529
141.0464 125.6251
141.0480 125.8711
141.0480 125.9701
141.0481 125.6997
141.0488 125.6626
141.0493 125.5781
141.0494 125.8057
141.0498 125.9436
141.0501 125.7668
141.0502 125.9278
141.0505 125.9179
141.0506 125.9317
141.0511 125.7989
141.0532 125.6365
141.0536 125.7417
141.0537 125.6494
141.0543 125.8004
141.0554 125.8401
141.0562 125.5561
141.0564 125.6786
141.0567 125.8949
141.0572 125.8268
141.0573 125.9076
141.0581 125.6287
141.0583 125.9409
141.0586 125.7642
141.0594 125.6692
141.0609 125.5371
141.0611 125.8495
141.0612 125.9042
141.0615 125.5931
141.0626 125.6399
141.0636 125.8746
141.0642 125.8486
141.0642 125.9157
141.0643 125.5968
141.0652 125.6220
141.0655 125.8287
141.0658 125.8695
141.0664 125.6154
141.0669 125.7768
141.0682 125.6782
141.0683 125.9318
141.0687 125.9456
141.0689 125.9359
141.0704 125.8533
141.0704 125.9084
141.0713 125.8831
141.0713 125.8858
141.0714 125.6609
141.0715 125.9597
141.0727 125.9425
141.0730 125.9123
141.0731 125.8346
141.0736 125.6551
141.0737 125.8442
141.0744 125.8474
141.0755 125.5341
141.0758 125.9461
141.0761 125.8124
141.0761 125.9303
141.0773 125.8996
141.0775 125.7871
141.0780 125.6614
141.0787 125.6420
141.0790 125.9241
141.0793 125.7178
141.0795 125.7984
141.0803 125.6498
141.0805 125.6486
141.0805 125.8393
141.0811 125.6751
141.0814 125.6817
141.0816 125.8390
141.0819 125.8535
141.0821 125.9771
141.0825 125.6612
141.0830 125.9146
141.0836 125.7267
141.0836 125.8268
141.0839 125.8217
141.0841 125.8927
141.0848 125.8065
141.0849 125.8275
141.0851 125.8908
141.0854 125.8787
141.0856 125.8208
141.0862 125.8368
141.0866 125.6676
141.0878 125.6606
141.0882 125.8729
141.0889 125.9477
141.0894 125.7521
141.0907 125.6247
141.0911 125.8882
141.0912 125.6703
141.0912 125.8077
141.0914 125.5997
141.0915 125.8528
141.0917 125.7310
141.0917 125.8971
141.0919 125.6331
141.0919 125.8755
141.0920 125.9761
141.0922 125.8558
141.0923 125.8903
141.0932 125.9365
141.0933 125.8330
141.0934 125.6394
141.0936 125.8274
141.0940 125.9007
141.0946 125.8944
141.0952 125.9488
141.0953 125.8599
141.0953 125.8897
141.0954 125.6699
141.0957 125.8347
141.0958 125.6625
141.0959 125.8640
141.0961 125.9252
141.0964 125.8863
141.0964 125.8932
141.0964 125.9839
141.0967 125.9089
141.0969 125.9592
141.0971 125.9457
141.0973 125.8826
141.0974 125.6474
141.0979 125.8669
141.0981 125.9269
141.0986 125.8892
141.0987 125.8622
141.0987 125.9042
141.0989 125.6332
141.0990 125.8874
141.0992 125.9760
141.0997 125.8068
141.0999 125.8515
141.1004 125.6658
141.1007 125.8794
141.1008 125.6272
141.1008 125.9101
141.1011 125.8780
141.1021 125.7930
141.1021 125.8924
141.1025 125.8775
141.1030 125.6150
141.1031 125.9784
141.1033 125.8842
141.1038 125.9063
141.1045 125.9311
141.1048 125.6692
141.1051 125.8180
141.1051 125.8602
141.1052 125.8611
141.1052 125.8693
141.1059 125.8921
141.1060 125.8040
141.1062 125.8227
141.1066 125.8592
141.1071 125.8829
141.1071 125.8974
141.1074 125.7813
141.1076 125.6940
141.1077 125.6330
141.1084 125.8125
141.1086 125.8818
141.1086 126.0112
141.1087 125.8945
141.1088 125.8887
141.1089 125.8619
141.1094 125.9222
141.1096 125.9615
141.1101 125.9104
141.1104 125.8502
141.1105 125.8920
141.1107 125.7983
141.1112 125.8377
141.1114 125.9413
141.1120 125.9572
141.1124 125.6550
141.1124 125.8694
141.1124 125.8967
141.1124 125.9470
141.1125 125.8765
141.1127 125.8405
141.1131 125.8641
141.1131 125.9542
141.1135 125.9376
141.1139 125.8400
141.1140 125.8588
141.1146 125.8803
141.1155 125.6353
141.1157 125.8484
141.1164 125.8424
141.1164 125.9256
141.1165 125.8385
141.1165 125.8518
141.1165 125.9596
141.1166 125.6389
141.1168 125.9772
141.1171 125.8748
141.1172 125.8240
141.1184 125.9266
141.1187 125.9281
141.1192 125.8804
141.1193 125.8373
141.1199 125.8925
141.1203 125.8689
141.1204 125.6486
141.1204 125.9117
141.1205 125.7552
141.1206 125.9232
141.1207 125.9009
141.1214 125.9674
141.1220 125.9021
141.1222 125.8620
141.1228 125.8915
141.1232 125.8615
141.1242 125.8705
141.1242 125.8951
141.1244 125.9251
141.1247 125.9038
141.1248 125.9326
141.1249 125.9029
141.1251 125.8396
141.1253 125.8669
141.1254 125.9467
141.1259 125.9306
141.1261 125.8843
141.1261 125.8900
141.1268 125.9226
141.1277 125.8867
141.1278 125.8576
141.1283 125.8708
141.1283 125.9103
141.1287 125.8813
141.1297 125.9521
141.1299 125.8824
141.1300 125.9271
141.1301 125.8739
141.1304 125.8503
141.1305 125.8850
141.1311 125.6148
141.1320 125.8849
141.1325 125.8449
141.1328 125.8303
141.1328 125.8485
141.1328 125.8900
141.1331 125.8631
141.1331 125.9160
141.1342 125.8778
141.1344 125.8627
141.1349 125.9016
141.1351 125.8839
141.1355 125.9148
141.1356 125.8767
141.1358 125.9245
141.1362 125.9299
141.1365 125.8557
141.1369 125.8486
141.1369 125.8549
141.1369 125.8709
141.1375 125.9076
141.1375 125.9149
141.1376 125.9416
141.1382 125.8535
141.1383 125.7941
141.1386 125.8754
141.1392 125.8210
141.1394 125.7983
141.1395 125.6867
141.1398 125.8454
141.1402 125.9036
141.1411 125.9317
141.1411 125.9771
141.1417 125.8798
141.1420 125.8928
141.1433 125.9360
141.1435 125.9004
141.1438 125.8824
141.1441 125.8632
141.1448 125.8958
141.1450 125.8997
141.1452 125.8898
141.1455 125.8874
141.1473 125.8704
141.1474 125.9151
141.1480 125.8529
141.1480 125.9288
141.1481 125.8840
141.1485 125.9579
141.1488 125.9476
141.1497 125.7516
141.1502 125.8263
141.1517 125.8616
141.1539 125.9447
141.1556 125.9539
141.1557 125.7462
141.1559 125.8327
141.1560 125.7897
141.1568 125.9087
141.1569 125.9002
141.1574 125.7312
141.1576 125.9090
141.1579 125.7897
141.1579 125.8696
141.1583 125.6333
141.1583 125.9228
141.1584 125.8838
141.1594 125.5616
141.1596 125.9023
141.1599 125.9489
141.1608 125.8883
141.1611 125.9401
141.1619 126.0223
141.1622 125.8831
141.1622 125.9184
141.1625 125.7745
141.1625 125.7911
141.1625 125.9418
141.1646 125.6424
141.1658 125.8774
141.1661 125.9373
141.1671 125.9345
141.1677 125.8810
141.1681 125.8391
141.1685 125.8531
141.1706 125.7844
141.1717 125.8212
141.1728 125.8812
141.1729 126.0282
141.1733 125.8311
141.1740 125.8953
141.1749 125.7393
141.1751 125.8924
141.1755 125.7877
141.1755 125.8270
141.1755 125.9258
141.1763 125.6587
141.1769 125.9640
141.1774 125.4092
141.1778 125.8072
141.1790 125.8687
141.1810 125.8456
141.1823 125.8623
141.1846 125.5279
141.1850 125.7213
141.1867 125.8690
141.1885 125.7468
141.1885 125.8572
141.1886 125.7409
141.1908 125.9808
141.1916 126.0052
141.1918 125.8370
141.1920 125.7946
141.1928 125.9569
141.1934 125.8130
141.1938 125.8755
141.1941 125.8909
141.1944 125.6622
141.1954 125.8500
141.1966 125.8904
141.1978 125.3211
141.1980 125.8547
141.1983 125.6146
141.2007 125.6062
141.2007 125.7047
141.2023 125.7540
141.2029 125.9269
141.2036 125.7503
141.2038 125.7680
141.2040 125.7188
141.2044 125.6596
141.2051 125.9273
141.2057 125.6611
141.2088 125.7668
141.2103 125.5785
141.2122 125.5819
141.2128 125.7634
141.2128 125.8001
141.2129 125.7712
141.2136 125.6030
141.2151 126.0428
141.2178 125.5859
141.2190 125.6957
141.2191 125.5879
141.2207 125.7542
141.2218 125.6094
141.2225 125.5454
141.2231 125.5462
141.2262 125.6100
141.2264 125.9506
141.2280 125.5773
141.2283 125.5609
141.2283 125.9064
141.2302 125.4969
141.2368 125.6085
141.2372 125.5701
141.2379 125.6579
141.2388 125.6128
141.2398 125.9086
141.2399 125.6320
141.2416 125.8718
141.2421 125.5527
141.2430 125.7231
141.2437 125.5629
141.2444 125.5552
141.2451 125.5939
141.2458 125.5717
141.2468 125.5734
141.2469 125.5720
141.2470 125.5623
141.2490 125.5795
141.2491 125.6345
141.2493 125.9007
141.2500 125.5487
141.2516 125.5782
141.2526 125.5678
141.2531 125.6662
141.2535 125.5875
141.2541 125.4956
141.2545 125.6496
141.2547 125.5615
141.2547 125.6133
141.2560 125.9880
141.2561 125.5377
141.2567 125.8802
141.2574 125.6192
141.2575 125.5523
141.2579 125.5619
141.2579 125.8581
141.2580 125.8627
141.2581 125.5535
141.2593 125.8619
141.2596 125.5896
141.2598 125.5899
141.2599 125.6479
141.2609 125.5830
141.2617 125.5554
141.2619 125.5787
141.2620 125.5714
141.2621 125.7039
141.2626 125.5600
141.2630 125.4784
141.2630 125.6756
141.2633 125.6069
141.2648 125.6400
141.2654 125.7141
141.2654 125.9047
141.2654 126.0210
141.2667 125.6098
141.2670 125.6076
141.2671 125.6190
141.2676 125.5633
141.2678 125.6492
141.2680 125.5786
141.2688 125.5615
141.2688 125.5690
141.2702 125.5979
141.2708 125.6263
141.2709 125.6181
141.2735 125.5052
141.2737 125.6598
141.2738 125.5755
141.2738 125.5825
141.2749 125.5199
141.2749 125.5287
141.2749 125.6416
141.2750 125.6095
141.2750 125.7040
141.2751 125.5816
141.2752 125.7355
141.2763 125.5951
141.2775 125.6443
141.2782 125.5313
141.2786 125.9168
141.2787 125.5568
141.2787 125.5876
141.2797 125.5964
141.2798 125.6180
141.2803 125.5317
141.2803 125.6396
141.2808 125.5861
141.2815 125.5767
141.2817 125.5600
141.2817 125.5943
141.2820 125.7815
141.2823 125.5996
141.2824 125.6158
141.2825 126.0323
141.2831 125.5860
141.2835 125.4975
141.2836 125.5454
141.2837 125.5921
141.2837 125.6530
141.2837 125.7607
141.2840 125.4165
141.2842 125.5582
141.2844 125.5994
141.2845 125.6810
141.2846 125.5637
141.2852 125.5923
141.2855 125.5961
141.2856 125.6066
141.2856 125.8767
141.2859 125.6014
141.2859 125.6735
141.2868 125.7471
141.2870 125.8378
141.2872 125.5872
141.2874 125.5142
141.2878 125.5900
141.2878 125.6685
141.2882 125.5924
141.2885 125.6533
141.2886 125.9272
141.2899 125.5624
141.2907 125.6064
141.2908 125.7413
141.2911 125.5515
141.2912 125.5881
141.2912 125.6303
141.2925 125.5452
141.2927 125.5683
141.2934 125.6382
141.2946 125.6535
141.2951 125.6349
141.2958 125.5750
141.2962 125.5848
141.2972 125.5748
141.2979 125.5785
141.2983 125.5443
141.2990 125.5731
141.2992 125.5357
141.2993 125.5753
141.2994 125.6013
141.2995 125.5872
141.2996 125.5455
141.2999 125.5627
141.3005 125.5236
141.3007 125.5959
141.3007 125.6111
141.3011 125.5875
141.3015 125.5751
141.3018 125.6009
141.3020 125.7557
141.3021 125.5512
141.3023 125.5040
141.3026 125.5824
141.3028 125.5958
141.3031 125.8590
141.3034 125.5505
141.3034 125.6225
141.3038 125.5762
141.3039 125.5850
141.3040 125.6384
141.3041 125.5909
141.3041 125.8617
141.3042 125.5891
141.3055 125.5770
141.3056 125.5807
141.3057 125.5546
141.3058 125.5707
141.3062 125.5759
141.3062 125.6473
141.3068 125.5695
141.3075 125.6194
141.3075 125.9105
141.3077 125.6552
141.3080 125.6210
141.3092 125.6088
141.3094 125.5911
141.3096 125.6140
141.3101 125.5705
141.3106 125.5873
141.3107 125.5754
141.3110 125.6020
141.3113 125.5926
141.3117 125.6061
141.3118 125.8408
141.3119 125.6065
141.3121 125.5917
141.3124 125.6096
141.3130 125.5157
141.3136 125.7655
141.3137 125.8252
141.3148 125.5850
141.3148 125.8225
141.3152 125.6057
141.3155 125.5882
141.3157 125.5396
141.3166 125.6347
141.3187 125.8824
141.3192 125.6371
141.3198 125.8710
141.3198 125.8982
141.3200 125.6445
141.3201 125.6082
141.3202 125.6130
141.3209 125.5377
141.3218 125.5232
141.3222 125.7999
141.3239 125.5366
141.3248 125.5794
141.3249 125.5562
141.3255 125.5551
141.3256 125.5297
141.3258 125.5371
141.3261 125.5754
141.3261 125.5850
141.3262 125.5564
141.3267 125.5597
141.3269 125.5452
141.3274 125.6007
141.3279 125.6092
141.3280 125.5215
141.3281 125.5526
141.3282 125.5900
141.3283 125.7243
141.3288 125.6015
141.3288 125.8729
141.3301 125.6249
141.3304 125.6490
141.3306 125.5953
141.3307 125.7858
141.3308 125.5921
141.3311 125.6014
141.3314 125.6072
141.3315 125.5593
141.3321 125.5428
141.3324 125.7522
141.3332 125.5595
141.3347 125.9161
141.3351 125.7642
141.3351 125.8076
141.3352 125.5754
141.3353 125.5479
141.3355 125.6599
141.3356 125.7237
141.3358 125.6372
141.3368 125.6683
141.3370 125.6511
141.3371 125.5718
141.3381 125.7712
141.3397 125.8250
141.3404 125.5692
141.3410 125.5867
141.3410 125.6007
141.3413 125.8870
141.3417 125.5717
141.3430 125.5761
141.3450 125.6902
141.3458 125.6380
141.3464 125.8523
141.3466 125.5542
141.3467 125.5839
141.3478 125.5378
141.3483 125.7866
141.3499 125.6030
141.3500 125.8052
141.3509 125.6656
141.3511 125.5861
141.3513 125.5678
141.3513 125.6153
141.3516 125.8241
141.3517 125.6096
141.3519 125.7134
141.3521 125.5652
141.3532 125.8092
141.3533 125.8630
141.3535 125.5592
141.3538 125.5423
141.3547 125.7274
141.3557 125.5020
141.3562 125.5679
141.3562 125.8321
141.3564 125.7937
141.3568 125.6209
141.3572 125.7946
141.3575 125.6034
141.3580 125.8594
141.3581 125.4979
141.3588 125.8116
141.3594 125.8283
141.3595 125.8171
141.3602 125.5242
141.3602 125.6303
141.3605 125.7931
141.3612 125.8166
141.3622 125.6519
141.3622 125.7232
141.3631 125.5638
141.3633 125.5802
141.3634 125.5862
141.3634 125.6235
141.3639 125.5080
141.3644 125.8463
141.3649 125.8861
141.3653 125.7097
141.3653 125.7853
141.3653 125.7900
141.3664 125.5863
141.3670 125.7255
141.3672 125.7339
141.3675 125.6078
141.3677 125.7214
141.3679 125.5595
141.3693 125.5353
141.3695 125.5843
141.3698 125.8104
141.3702 125.7075
141.3703 125.5675
141.3712 125.7151
141.3721 125.8271
141.3722 125.8417
141.3739 125.8208
141.3740 125.7147
141.3749 125.7836
141.3752 125.5842
141.3752 125.8066
141.3757 125.7410
141.3757 125.7927
141.3764 125.8633
141.3766 125.7109
141.3766 125.7260
141.3770 125.5797
141.3777 125.8475
141.3798 125.8948
141.3804 125.7932
141.3805 125.9575
141.3807 125.8188
141.3823 125.7761
141.3830 125.8620
141.3843 125.7786
141.3848 125.7609
141.3849 125.9333
141.3851 125.6209
141.3852 125.8976
141.3859 125.9080
141.3861 125.7869
141.3861 125.8136
141.3862 125.6858
141.3866 125.4650
141.3868 125.8562
141.3870 125.8157
141.3875 125.7486
141.3878 125.7330
141.3878 125.7414
141.3883 125.7844
141.3896 125.9208
141.3907 125.6191
141.3911 125.9838
141.3915 125.7222
141.3923 125.7321
141.3925 125.6530
141.3926 125.8746
141.3956 125.8602
141.3959 125.8174
141.3966 125.8272
141.3968 125.6965
141.3980 125.9191
141.3997 125.3946
141.3999 125.6650
141.4015 125.8270
141.4026 125.8013
141.4034 125.8216
141.4053 125.8451
141.4069 125.7911
141.4069 125.8847
141.4072 125.7341
141.4073 125.8489
141.4098 125.7890
141.4101 125.8537
141.4106 125.8045
141.4109 125.8058
141.4113 125.7881
141.4121 125.8432
141.4124 125.8578
141.4125 125.8154
141.4138 125.8889
141.4143 125.7362
141.4150 125.8037
141.4152 125.8848
141.4153 125.8446
141.4159 125.9075
141.4175 125.8847
141.4177 125.5226
141.4187 125.8429
141.4188 125.4375
141.4210 125.8035
141.4213 125.8097
141.4223 125.6795
141.4250 125.7956
141.4252 125.8244
141.4254 125.9403
141.4256 125.7689
141.4277 125.8832
141.4294 125.7775
141.4296 125.8778
141.4357 125.8074
141.4358 125.8852
141.4361 125.6441
141.4379 125.8307
141.4396 125.8708
141.4398 125.7737
141.4412 125.7426
141.4416 125.8179
141.4421 125.8210
141.4426 125.7609
141.4436 125.9404
141.4438 125.8078
141.4454 125.7910
141.4467 125.9112
141.4469 125.7913
141.4491 125.7463
141.4493 125.7555
141.4507 125.6424
141.4545 125.5780
141.4547 125.8116
141.4557 125.7160
141.4583 125.8229
141.4647 125.8351
141.4689 125.7792
141.4699 125.8868
141.4727 125.7625
141.4745 125.7839
141.4763 125.7772
141.4765 125.8149
141.4772 125.8380
141.4813 125.8895
141.4941 125.9418
141.4950 125.9424
141.5025 125.8440
141.5086 125.7739
141.5109 125.8157
141.5639 125.7624
