167.3453 101.9296
167.3549 101.6435
167.3630 101.9199
167.3792 101.8885
167.3897 101.8690
167.3904 101.5667
167.3904 101.8777
167.3994 101.6486
167.4170 101.9167
167.4191 101.7660
167.4198 101.7278
167.4232 101.6968
167.4247 101.6642
167.4247 101.6966
167.4268 101.7938
167.4271 101.5411
167.4272 101.9055
167.4297 101.5679
167.4327 101.6755
167.4351 101.7850
167.4391 101.9399
167.4397 101.8948
167.4402 101.9216
167.4415 101.6438
167.4458 101.6731
167.4462 101.8075
167.4472 101.9088
167.4487 101.8786
167.4498 101.9266
167.4500 101.8229
167.4500 101.8668
167.4509 101.6501
167.4519 101.6726
167.4525 101.9024
167.4532 101.8514
167.4540 101.7349
167.4541 101.7202
167.4542 101.6784
167.4546 101.8478
167.4559 101.8619
167.4583 101.9480
167.4585 101.9200
167.4587 101.9019
167.4592 101.9702
167.4593 101.7247
167.4594 101.9033
167.4600 101.6839
167.4602 101.8878
167.4615 101.9223
167.4620 101.9457
167.4621 101.8104
167.4656 101.9155
167.4664 101.7174
167.4665 101.9443
167.4668 101.9361
167.4677 101.8423
167.4683 101.8909
167.4688 101.8915
167.4694 101.9625
167.4699 101.6275
167.4705 101.7084
167.4708 101.6301
167.4734 101.8941
167.4753 101.6097
167.4758 101.6627
167.4768 101.8077
167.4778 101.7457
167.4784 101.7328
167.4800 101.8908
167.4805 101.9143
167.4812 101.8896
167.4820 101.8970
167.4837 101.5639
167.4839 101.8089
167.4845 101.8023
167.4848 101.8869
167.4852 101.5186
167.4854 101.7880
167.4858 101.6732
167.4862 101.9541
167.4881 101.9493
167.4886 101.8588
167.4889 101.7237
167.4895 101.8583
167.4897 101.9195
167.4898 101.8512
167.4898 101.9157
167.4900 101.6190
167.4903 101.7551
167.4904 101.9242
167.4914 101.7332
167.4918 101.8468
167.4926 101.8553
167.4928 101.8599
167.4928 101.8625
167.4929 101.8801
167.4935 101.6709
167.4939 101.7314
167.4942 101.6023
167.4946 101.7802
167.4966 101.9893
167.4969 101.8845
167.4971 101.9228
167.4974 101.8783
167.4979 101.8820
167.4979 101.9225
167.4983 101.6154
167.4984 101.7703
167.4991 101.7143
167.5012 101.9455
167.5015 101.5064
167.5019 101.8970
167.5034 101.9480
167.5035 101.8964
167.5036 101.8648
167.5041 101.8610
167.5044 101.6873
167.5045 101.6183
167.5045 101.8839
167.5048 101.8462
167.5049 101.7506
167.5063 101.9104
167.5067 101.6522
167.5077 101.6935
167.5078 101.9256
167.5084 101.8896
167.5084 101.9557
167.5086 101.6512
167.5086 101.7206
167.5090 101.7097
167.5096 101.7336
167.5106 101.7732
167.5107 101.9180
167.5110 101.9291
167.5112 101.9398
167.5112 101.9515
167.5118 101.7851
167.5118 101.9434
167.5119 101.8360
167.5122 101.7050
167.5123 101.6324
167.5125 101.4810
167.5128 101.6446
167.5131 101.6311
167.5140 101.8792
167.5142 101.5916
167.5142 101.8528
167.5150 101.8953
167.5165 101.7026
167.5165 101.9321
167.5166 101.9425
167.5169 101.6466
167.5169 101.9894
167.5171 101.6512
167.5177 101.6496
167.5179 101.8851
167.5181 101.8970
167.5181 101.9005
167.5182 101.6983
167.5182 101.8319
167.5183 101.8356
167.5183 101.9508
167.5185 101.7104
167.5186 101.8492
167.5187 101.6829
167.5188 101.9409
167.5192 101.5899
167.5193 101.7681
167.5193 101.8721
167.5196 101.6543
167.5197 101.7701
167.5198 101.6460
167.5204 101.8532
167.5206 101.8405
167.5208 101.8933
167.5220 101.6391
167.5221 101.6937
167.5221 101.9317
167.5222 101.7733
167.5224 101.5882
167.5224 101.9569
167.5231 101.8417
167.5233 101.8200
167.5234 101.7572
167.5236 101.8481
167.5240 101.9814
167.5244 101.6235
167.5258 101.7327
167.5259 101.8956
167.5264 101.5502
167.5264 101.9080
167.5267 101.8611
167.5271 101.8940
167.5273 101.7082
167.5275 101.7041
167.5280 101.6078
167.5285 101.8127
167.5290 101.8655
167.5291 101.9234
167.5292 101.8161
167.5293 101.9251
167.5295 101.6814
167.5301 101.9036
167.5302 101.8823
167.5304 101.5556
167.5304 101.8716
167.5306 101.8783
167.5306 101.8852
167.5308 101.6489
167.5309 101.9110
167.5310 101.7545
167.5313 101.9104
167.5315 101.6472
167.5319 101.8818
167.5323 101.7546
167.5329 101.8759
167.5333 101.6520
167.5333 101.8405
167.5334 101.5852
167.5344 101.7538
167.5349 101.8995
167.5362 101.5787
167.5363 101.8208
167.5369 101.6929
167.5371 101.8472
167.5372 101.9462
167.5374 101.5332
167.5376 101.5654
167.5378 101.5938
167.5378 101.6875
167.5378 101.9568
167.5380 101.6520
167.5383 101.5715
167.5383 101.8214
167.5386 101.6174
167.5388 101.9041
167.5389 101.4743
167.5389 101.8072
167.5390 101.5564
167.5395 101.6331
167.5402 101.6311
167.5403 101.6360
167.5405 101.7515
167.5411 101.7087
167.5417 101.7008
167.5418 101.7978
167.5419 101.8956
167.5420 101.8272
167.5423 101.9086
167.5427 101.8250
167.5431 101.8833
167.5432 101.7054
167.5439 101.6245
167.5444 101.7238
167.5447 101.7289
167.5448 101.6492
167.5450 101.8575
167.5453 101.5597
167.5453 101.5989
167.5456 101.6096
167.5456 101.8431
167.5459 101.8837
167.5469 101.6805
167.5474 101.5695
167.5480 101.6014
167.5494 101.5774
167.5494 101.8669
167.5500 101.5297
167.5500 101.9417
167.5508 101.6172
167.5508 101.6266
167.5509 101.5252
167.5511 101.7765
167.5513 101.5874
167.5514 101.8908
167.5528 101.8445
167.5529 101.8158
167.5531 101.5825
167.5531 101.6027
167.5535 101.5777
167.5536 101.8407
167.5540 101.5771
167.5541 101.9368
167.5542 101.8206
167.5544 101.8704
167.5550 101.6205
167.5552 101.6571
167.5571 101.6855
167.5572 101.9118
167.5573 101.6125
167.5579 101.5303
167.5581 101.6544
167.5587 101.8608
167.5592 101.9356
167.5593 101.6903
167.5601 101.9045
167.5609 101.6169
167.5610 101.8197
167.5611 101.6258
167.5611 101.6485
167.5618 101.6211
167.5619 101.6448
167.5621 101.8910
167.5623 101.7316
167.5624 101.5310
167.5626 101.6126
167.5628 101.6488
167.5632 101.8725
167.5633 101.7569
167.5638 101.7398
167.5659 101.5986
167.5661 101.5941
167.5666 101.8483
167.5669 101.6796
167.5672 101.9175
167.5673 101.8164
167.5679 101.8664
167.5686 101.5209
167.5687 101.8568
167.5690 101.9141
167.5694 101.6755
167.5695 101.7905
167.5696 101.6925
167.5699 101.6519
167.5706 101.7859
167.5708 101.8635
167.5714 101.6157
167.5729 101.7165
167.5729 101.8749
167.5736 101.6445
167.5737 101.6961
167.5738 101.8692
167.5740 101.5394
167.5740 101.7635
167.5744 101.6578
167.5747 101.7245
167.5752 101.8156
167.5756 101.5002
167.5757 101.6044
167.5770 101.7583
167.5776 101.8238
167.5779 101.6964
167.5786 101.5754
167.5788 101.6409
167.5792 101.7249
167.5793 101.8652
167.5801 101.6226
167.5805 101.6259
167.5806 101.6640
167.5809 101.6802
167.5812 101.5055
167.5812 101.6899
167.5813 101.6867
167.5815 101.5798
167.5817 101.6981
167.5817 101.7081
167.5819 101.8100
167.5820 101.6946
167.5823 101.7597
167.5829 101.9045
167.5830 101.8778
167.5841 101.8645
167.5853 101.5652
167.5858 102.1352
167.5862 101.6591
167.5865 101.8369
167.5869 101.9575
167.5873 101.6720
167.5876 101.7266
167.5878 101.5133
167.5883 101.6981
167.5887 101.6521
167.5894 101.6120
167.5894 101.6761
167.5900 101.7324
167.5905 101.6672
167.5906 101.6152
167.5909 101.5350
167.5910 101.9540
167.5912 101.5450
167.5927 101.6000
167.5929 101.5608
167.5929 101.6089
167.5929 101.7355
167.5940 101.6037
167.5944 101.5791
167.5944 101.5847
167.5946 101.6205
167.5948 101.5815
167.5951 101.9373
167.5952 101.6051
167.5952 101.9282
167.5957 101.7099
167.5957 101.7294
167.5958 101.5041
167.5964 101.6616
167.5965 101.6144
167.5977 101.4527
167.5980 101.7482
167.5981 101.7749
167.5984 101.5369
167.5994 101.6787
167.5998 101.5829
167.6001 101.6600
167.6003 101.5858
167.6004 101.5285
167.6013 101.5825
167.6014 101.6882
167.6020 101.5945
167.6022 101.7383
167.6022 101.7713
167.6023 101.6211
167.6024 101.6052
167.6027 101.7215
167.6028 101.5737
167.6029 101.9119
167.6032 101.6808
167.6032 101.7551
167.6041 101.8093
167.6044 101.7642
167.6046 102.1045
167.6048 101.5938
167.6050 101.6642
167.6059 101.6805
167.6060 101.5847
167.6065 101.8716
167.6069 101.6365
167.6074 101.5925
167.6077 101.9265
167.6082 101.6941
167.6089 101.6331
167.6099 101.7189
167.6105 101.7677
167.6108 101.6347
167.6111 101.6209
167.6114 101.5953
167.6122 101.6729
167.6126 101.5829
167.6137 101.6882
167.6140 101.6351
167.6141 101.5654
167.6144 101.5416
167.6154 101.6547
167.6162 101.5914
167.6168 101.6683
167.6172 101.6705
167.6175 101.5450
167.6175 101.6389
167.6182 101.5595
167.6194 101.5644
167.6199 101.6428
167.6200 101.5660
167.6202 101.5240
167.6208 101.6535
167.6211 101.7707
167.6211 101.9136
167.6213 101.7495
167.6224 101.7644
167.6226 101.8360
167.6229 101.8844
167.6237 101.4450
167.6240 101.5534
167.6240 101.5720
167.6245 101.5555
167.6248 101.5635
167.6256 101.6147
167.6283 101.6286
167.6288 101.6505
167.6300 101.5407
167.6302 101.6982
167.6309 101.6507
167.6310 101.6264
167.6315 101.4613
167.6319 101.7441
167.6322 101.6701
167.6325 101.7077
167.6332 101.7034
167.6337 102.0110
167.6340 101.6876
167.6340 102.0170
167.6342 101.5937
167.6348 101.8912
167.6351 101.8800
167.6362 101.6795
167.6366 101.8572
167.6376 101.7177
167.6382 101.5879
167.6388 101.6041
167.6388 101.6513
167.6388 101.8265
167.6402 101.5801
167.6421 101.6267
167.6422 101.5731
167.6422 101.5970
167.6445 101.5951
167.6449 101.6884
167.6451 101.6672
167.6456 101.6903
167.6470 101.6255
167.6470 101.6961
167.6474 101.6157
167.6478 101.5562
167.6484 102.1228
167.6486 102.0038
167.6491 101.7186
167.6492 101.6083
167.6495 101.7341
167.6502 101.6616
167.6512 101.8446
167.6513 101.7247
167.6520 101.6380
167.6520 101.6540
167.6527 101.8475
167.6529 101.6715
167.6533 101.7032
167.6533 101.9118
167.6539 101.7872
167.6543 101.6536
167.6548 101.6404
167.6551 101.6655
167.6552 101.7031
167.6555 101.6947
167.6563 101.9867
167.6567 101.6009
167.6567 101.6111
167.6569 101.6085
167.6585 101.9064
167.6587 101.5942
167.6588 101.8098
167.6588 101.9424
167.6595 101.5806
167.6600 101.5766
167.6601 101.5990
167.6603 101.6886
167.6609 101.5992
167.6628 101.5731
167.6628 101.5839
167.6663 101.7639
167.6674 101.8455
167.6679 101.6606
167.6682 101.5393
167.6687 101.6653
167.6696 101.7328
167.6698 101.6226
167.6707 101.5109
167.6713 101.7762
167.6723 101.9598
167.6726 101.6653
167.6727 101.7856
167.6728 101.7504
167.6730 101.8564
167.6745 101.6314
167.6751 101.8438
167.6772 101.6781
167.6792 101.5597
167.6795 101.6041
167.6795 101.8449
167.6796 101.7925
167.6797 101.5964
167.6804 101.4855
167.6809 101.8777
167.6810 101.8234
167.6812 101.9877
167.6813 101.7039
167.6815 101.6348
167.6818 101.7924
167.6820 101.5820
167.6823 101.8360
167.6830 101.5586
167.6840 101.9342
167.6841 101.9986
167.6843 101.8101
167.6849 101.5373
167.6849 101.8419
167.6854 101.5177
167.6870 101.8005
167.6871 101.5808
167.6871 101.7904
167.6872 101.7940
167.6875 101.8077
167.6879 102.1021
167.6882 101.4903
167.6884 101.8221
167.6885 101.8331
167.6888 101.8394
167.6894 101.6179
167.6897 102.1307
167.6906 101.7504
167.6909 101.8434
167.6912 101.6640
167.6914 101.9117
167.6916 101.5930
167.6922 102.1459
167.6938 101.6375
167.6938 101.7465
167.6948 101.6538
167.6950 101.8414
167.6951 101.6663
167.6955 101.8944
167.6955 102.0745
167.6957 101.9243
167.6961 101.9119
167.6963 101.8807
167.6968 101.6782
167.6968 101.9947
167.6972 101.6973
167.6974 101.8138
167.6985 101.7904
167.6987 101.8769
167.6987 102.0165
167.6991 101.8428
167.6992 101.7377
167.6992 101.7626
167.6995 101.8193
167.6997 101.6627
167.6999 101.8617
167.7006 101.8247
167.7006 101.8621
167.7018 101.9663
167.7028 101.5823
167.7028 101.9362
167.7029 101.6463
167.7044 102.0234
167.7045 101.7917
167.7046 101.7720
167.7051 101.8565
167.7051 102.0401
167.7053 101.7217
167.7059 101.8317
167.7061 101.5989
167.7063 102.0029
167.7066 101.9678
167.7073 101.9260
167.7077 101.6008
167.7081 101.5953
167.7081 101.6795
167.7086 101.9945
167.7089 101.8484
167.7092 101.6907
167.7092 102.1000
167.7099 101.8437
167.7102 101.6163
167.7109 101.6761
167.7110 101.8125
167.7112 101.7591
167.7113 102.0283
167.7119 101.7233
167.7122 101.8610
167.7130 102.0104
167.7136 101.8441
167.7137 101.9395
167.7140 101.9689
167.7145 101.7197
167.7153 101.8201
167.7154 102.0904
167.7155 101.8748
167.7155 102.0700
167.7156 102.0232
167.7160 101.7216
167.7167 101.9424
167.7169 101.8651
167.7170 101.7309
167.7173 101.7077
167.7174 101.7423
167.7175 101.7579
167.7180 102.1104
167.7187 101.9572
167.7191 101.5765
167.7192 101.8460
167.7210 101.8269
167.7210 101.9833
167.7231 101.9366
167.7234 101.7131
167.7237 102.0646
167.7238 101.6464
167.7241 101.8926
167.7242 101.8198
167.7244 101.9479
167.7253 102.0135
167.7257 101.6522
167.7265 101.5586
167.7265 101.6482
167.7269 101.6546
167.7269 101.9251
167.7274 101.7697
167.7284 102.0579
167.7287 102.1534
167.7296 101.6473
167.7302 101.8103
167.7304 101.8538
167.7308 101.9995
167.7318 101.9968
167.7319 102.0383
167.7334 101.7165
167.7336 101.7686
167.7341 101.7152
167.7344 101.5619
167.7344 101.9022
167.7350 101.8028
167.7351 101.7597
167.7352 101.8600
167.7352 101.9866
167.7352 102.0568
167.7361 101.7271
167.7366 101.8850
167.7369 101.7228
167.7371 101.6764
167.7371 101.6987
167.7371 101.9820
167.7372 101.8536
167.7374 101.9614
167.7379 101.7681
167.7381 101.6896
167.7383 101.7040
167.7384 101.9932
167.7394 101.7187
167.7398 101.8036
167.7401 101.8180
167.7402 101.7562
167.7404 101.7283
167.7405 101.8135
167.7406 101.6485
167.7416 102.0023
167.7417 101.9671
167.7421 101.9863
167.7430 101.8963
167.7438 102.0051
167.7439 101.6981
167.7441 101.8628
167.7450 101.7061
167.7454 101.8472
167.7456 101.7070
167.7464 101.6970
167.7464 101.9366
167.7466 101.6936
167.7468 101.7004
167.7468 101.9288
167.7476 101.8918
167.7477 101.8066
167.7485 101.7247
167.7487 101.9644
167.7490 102.0684
167.7503 101.8947
167.7508 101.6230
167.7510 101.8984
167.7511 101.7610
167.7520 101.4860
167.7532 102.0253
167.7534 101.9034
167.7538 101.9084
167.7545 101.9645
167.7546 101.6501
167.7549 101.7482
167.7550 101.8618
167.7554 101.9637
167.7562 101.8349
167.7574 101.5049
167.7587 101.8072
167.7591 101.9768
167.7601 101.8976
167.7601 102.0760
167.7602 101.6912
167.7602 101.9726
167.7603 101.9778
167.7605 101.7988
167.7605 101.9154
167.7611 101.8909
167.7618 101.6896
167.7619 102.0770
167.7623 101.7786
167.7624 101.6902
167.7626 102.0212
167.7634 101.7335
167.7636 101.9229
167.7641 102.0371
167.7643 102.0106
167.7645 101.8343
167.7648 101.8937
167.7656 101.8855
167.7657 101.7052
167.7657 102.0278
167.7659 101.9178
167.7661 101.9877
167.7664 101.8793
167.7667 101.9972
167.7668 101.7761
167.7669 102.1108
167.7674 101.6701
167.7675 102.0880
167.7687 101.9349
167.7688 101.7327
167.7702 101.9671
167.7704 101.9375
167.7712 101.7488
167.7714 101.8923
167.7727 101.9230
167.7742 101.8091
167.7745 101.9319
167.7746 102.0285
167.7747 101.7227
167.7749 101.9122
167.7753 102.0770
167.7764 101.7921
167.7766 101.6687
167.7766 102.0285
167.7767 101.9101
167.7768 102.0353
167.7769 101.6625
167.7773 101.8218
167.7776 101.9264
167.7777 102.0944
167.7787 101.9075
167.7793 101.7127
167.7793 101.8905
167.7797 101.9154
167.7805 101.6766
167.7808 102.1028
167.7821 101.9232
167.7821 102.0439
167.7827 101.6457
167.7837 101.6840
167.7838 101.9661
167.7844 101.7843
167.7847 101.6272
167.7850 101.9078
167.7850 102.0365
167.7852 101.9303
167.7853 101.9727
167.7860 101.9994
167.7865 101.6311
167.7865 101.9358
167.7867 101.7504
167.7869 101.9117
167.7872 101.8320
167.7872 102.0250
167.7877 101.9186
167.7880 101.8518
167.7881 101.9878
167.7888 101.8106
167.7894 101.9417
167.7897 101.8381
167.7898 101.7286
167.7898 101.9399
167.7908 102.0144
167.7918 101.9999
167.7921 102.0034
167.7922 101.9911
167.7926 101.8067
167.7926 101.9264
167.7928 101.9108
167.7931 101.8286
167.7934 101.6422
167.7935 101.7146
167.7935 101.9548
167.7937 102.0584
167.7938 101.7291
167.7943 101.7536
167.7945 101.6995
167.7945 102.0224
167.7949 101.7950
167.7951 101.9438
167.7952 101.9657
167.7954 101.8930
167.7954 101.9398
167.7956 101.9002
167.7959 101.9368
167.7959 101.9593
167.7960 101.9097
167.7963 101.8849
167.7965 101.9473
167.7967 102.0454
167.7971 101.7641
167.7971 101.9145
167.7973 101.9063
167.7982 101.7725
167.7982 101.8000
167.7984 101.7253
167.7987 101.9767
167.7992 101.9044
167.7992 101.9338
167.8003 102.0266
167.8005 101.9732
167.8011 101.9003
167.8011 102.0389
167.8014 101.9526
167.8015 101.7170
167.8017 101.9025
167.8023 101.6621
167.8024 101.6824
167.8024 101.9578
167.8026 101.7927
167.8036 101.9524
167.8036 102.1216
167.8039 101.7679
167.8042 101.6367
167.8047 101.7954
167.8049 101.6615
167.8049 101.9131
167.8050 101.8839
167.8055 101.6548
167.8056 101.9410
167.8058 101.8793
167.8060 101.6044
167.8062 101.8086
167.8064 101.8165
167.8067 101.7581
167.8067 101.9283
167.8070 101.9343
167.8072 101.6691
167.8073 101.6435
167.8077 101.7679
167.8077 101.9286
167.8079 101.9239
167.8084 102.0233
167.8102 101.9333
167.8107 101.9555
167.8108 101.8932
167.8118 101.9405
167.8121 101.9046
167.8124 101.6815
167.8127 101.7262
167.8132 101.7628
167.8134 101.9184
167.8135 101.9980
167.8138 101.8628
167.8143 102.1259
167.8144 101.6815
167.8147 101.5256
167.8149 101.9335
167.8150 101.9507
167.8151 101.7067
167.8152 101.8377
167.8154 101.7206
167.8156 101.8885
167.8158 102.0163
167.8164 102.0170
167.8165 101.7088
167.8165 101.9054
167.8165 102.0041
167.8166 101.7280
167.8171 102.0259
167.8175 101.9443
167.8178 101.7791
167.8184 101.7968
167.8186 101.6642
167.8186 101.8937
167.8187 101.7449
167.8187 102.0802
167.8188 101.9106
167.8191 101.5998
167.8194 102.0689
167.8195 101.9247
167.8195 102.0030
167.8197 101.8734
167.8208 101.7555
167.8208 101.9310
167.8217 101.8648
167.8222 101.7291
167.8229 101.8753
167.8236 101.8022
167.8240 102.0708
167.8241 102.0060
167.8242 101.7616
167.8245 101.7902
167.8245 101.8941
167.8253 101.6571
167.8255 101.6612
167.8260 101.8768
167.8260 102.0528
167.8261 101.6716
167.8262 101.7393
167.8267 101.7535
167.8269 101.6776
167.8276 101.7336
167.8276 101.9187
167.8278 101.7704
167.8280 101.7392
167.8283 101.8325
167.8284 101.6544
167.8284 102.0661
167.8290 101.7016
167.8291 101.7607
167.8292 101.8862
167.8295 101.7325
167.8296 101.7388
167.8306 101.7839
167.8307 101.6204
167.8312 101.8790
167.8314 101.6627
167.8321 101.8696
167.8325 101.7316
167.8325 101.7850
167.8328 101.9072
167.8331 101.8842
167.8338 101.7132
167.8340 101.6800
167.8340 101.8891
167.8341 101.6743
167.8342 101.9466
167.8344 101.6056
167.8344 101.7362
167.8345 101.6651
167.8345 101.8688
167.8355 101.6273
167.8355 101.6842
167.8355 101.7166
167.8355 101.8869
167.8359 101.7216
167.8359 102.0273
167.8365 101.7070
167.8368 101.8288
167.8368 101.8455
167.8369 101.9008
167.8371 101.7621
167.8371 101.9106
167.8374 101.7771
167.8374 101.9823
167.8383 101.6939
167.8385 101.8772
167.8387 101.7263
167.8390 101.7615
167.8391 101.6857
167.8392 101.6866
167.8392 101.7587
167.8392 101.9460
167.8393 101.7252
167.8394 101.7349
167.8400 101.8111
167.8405 101.6040
167.8408 101.6902
167.8415 101.6375
167.8415 101.7213
167.8415 102.0872
167.8419 101.8445
167.8421 101.8361
167.8422 101.7189
167.8423 101.7287
167.8424 101.9537
167.8428 101.6890
167.8431 101.7353
167.8432 101.9472
167.8439 101.7851
167.8444 101.8160
167.8451 101.8148
167.8467 101.8115
167.8469 101.6766
167.8470 101.5996
167.8470 101.7547
167.8471 101.6478
167.8471 101.9204
167.8476 101.9748
167.8485 101.9879
167.8488 101.6447
167.8490 101.6763
167.8491 101.8969
167.8496 101.8070
167.8497 101.7098
167.8497 101.9855
167.8500 101.7555
167.8501 101.7454
167.8502 101.8131
167.8506 101.6370
167.8507 101.9675
167.8509 101.6071
167.8510 101.7337
167.8510 101.7559
167.8511 101.8566
167.8517 101.7048
167.8517 101.7106
167.8522 101.7261
167.8526 101.6842
167.8538 101.6417
167.8538 101.9991
167.8546 101.7272
167.8553 102.0379
167.8557 102.0003
167.8558 101.6344
167.8560 101.8057
167.8562 101.7652
167.8563 101.7196
167.8563 101.9104
167.8569 101.9095
167.8572 101.6969
167.8589 101.6329
167.8590 101.9300
167.8592 101.7698
167.8596 101.7400
167.8597 101.6204
167.8599 101.7310
167.8600 101.7556
167.8602 101.8134
167.8610 101.7612
167.8614 101.7434
167.8614 101.7525
167.8615 101.7521
167.8616 101.8133
167.8622 101.7175
167.8622 101.7424
167.8622 101.9781
167.8624 101.7296
167.8626 101.7123
167.8648 102.0862
167.8650 101.7019
167.8669 101.7962
167.8678 102.0691
167.8679 101.8574
167.8682 101.7958
167.8684 101.8049
167.8685 101.7388
167.8688 101.4990
167.8691 101.7433
167.8694 101.8708
167.8695 101.7202
167.8703 102.0737
167.8706 101.7663
167.8709 101.8589
167.8712 101.7199
167.8714 101.7822
167.8716 101.7240
167.8718 101.8408
167.8721 101.7463
167.8722 101.6986
167.8723 101.9084
167.8723 102.0007
167.8726 101.9682
167.8741 101.7545
167.8742 101.9585
167.8744 101.6874
167.8745 101.5163
167.8749 101.7804
167.8752 101.7799
167.8753 101.8953
167.8754 101.8067
167.8755 101.7455
167.8757 101.7241
167.8758 101.6717
167.8760 101.7457
167.8766 101.8170
167.8775 101.6346
167.8775 101.7079
167.8775 101.7544
167.8775 101.7654
167.8777 101.7424
167.8777 101.9352
167.8787 101.5129
167.8787 101.9575
167.8790 101.8235
167.8791 101.6709
167.8803 101.9549
167.8808 101.7857
167.8810 101.7277
167.8810 101.8049
167.8812 101.5983
167.8826 101.6711
167.8835 101.7816
167.8839 101.9689
167.8842 101.7115
167.8857 101.7195
167.8858 101.6594
167.8858 101.7687
167.8860 101.7247
167.8874 101.7096
167.8883 101.7133
167.8894 101.7532
167.8894 101.9196
167.8897 101.7180
167.8908 101.8408
167.8911 101.7528
167.8917 101.6189
167.8924 101.7873
167.8925 101.5472
167.8925 101.8199
167.8932 101.6300
167.8942 101.7512
167.8949 101.7606
167.8955 101.6678
167.8955 101.8384
167.8957 101.7812
167.8963 101.6720
167.8966 101.7226
167.8975 101.9320
167.8988 101.6387
167.8989 101.7805
167.9009 101.5667
167.9021 101.7763
167.9025 101.5740
167.9032 101.6115
167.9033 101.6283
167.9040 101.6960
167.9043 101.5992
167.9049 101.7455
167.9068 101.7604
167.9084 101.6305
167.9086 101.6917
167.9087 101.5931
167.9090 101.8035
167.9091 101.6893
167.9092 101.7238
167.9097 101.6593
167.9105 101.6750
167.9111 101.6744
167.9138 101.7452
167.9156 101.8368
167.9163 101.7358
167.9173 101.6069
167.9179 101.7265
167.9188 101.8034
167.9189 101.7756
167.9193 101.8175
167.9208 101.6730
167.9229 101.8434
167.9238 101.6271
167.9275 101.6303
167.9354 101.7836
167.9374 101.7045
167.9405 101.7853
167.9413 101.7601
167.9414 101.7385
167.9449 101.7730
167.9456 101.7112
167.9474 101.7190
167.9482 101.8534
167.9491 101.6554
167.9507 101.7087
167.9525 101.6155
167.9531 101.9535
167.9550 101.6950
167.9572 101.6773
167.9584 101.6248
167.9619 101.6644
167.9620 101.7434
167.9646 101.6822
167.9656 101.7371
167.9656 101.8203
167.9672 101.7137
167.9709 101.8891
167.9809 101.7873
167.9843 101.6455
167.9925 101.6569
