172.8901 53.2807
172.9036 53.1558
172.9054 53.2016
172.9182 53.1545
172.9186 53.2224
172.9208 53.1604
172.9391 53.2326
172.9391 53.4771
172.9396 53.1334
172.9422 53.1962
172.9456 53.3357
172.9481 53.3125
172.9510 53.3820
172.9532 53.3252
172.9534 53.2573
172.9547 53.3093
172.9572 53.2538
172.9574 53.2151
172.9574 53.2979
172.9633 53.1780
172.9637 53.2044
172.9650 53.4013
172.9661 53.3005
172.9678 53.1997
172.9706 53.2148
172.9745 53.2285
172.9747 53.2558
172.9781 53.1470
172.9795 53.2258
172.9797 53.2311
172.9799 53.1373
172.9838 53.3385
172.9870 53.3240
172.9876 53.2983
172.9882 53.2894
172.9886 53.1917
172.9890 53.2276
172.9895 53.2150
172.9913 53.2449
172.9914 53.3800
172.9928 53.2170
172.9930 53.2328
172.9940 53.3077
172.9972 53.2818
172.9975 53.2499
172.9978 53.2426
172.9983 53.2887
172.9992 53.2679
172.9999 53.3861
173.0001 53.3055
173.0028 53.3151
173.0037 53.2704
173.0039 53.2863
173.0050 53.2680
173.0065 53.2407
173.0078 53.1028
173.0078 53.3423
173.0081 53.1982
173.0085 53.2579
173.0088 53.2205
173.0092 53.2375
173.0104 53.2367
173.0113 53.2283
173.0113 53.2581
173.0115 53.2428
173.0115 53.2941
173.0116 53.2612
173.0125 53.3509
173.0130 53.3387
173.0136 53.1977
173.0154 53.1901
173.0156 53.2270
173.0158 53.2438
173.0159 53.1760
173.0159 53.1832
173.0161 53.2986
173.0172 53.1807
173.0181 53.2447
173.0186 53.1439
173.0207 53.3276
173.0213 53.4235
173.0223 53.1992
173.0227 53.2727
173.0231 53.3330
173.0241 53.1982
173.0242 53.2734
173.0244 53.2272
173.0250 53.1931
173.0252 53.1333
173.0275 53.1683
173.0277 53.3565
173.0285 53.2956
173.0288 53.2401
173.0306 53.2785
173.0313 53.3251
173.0315 53.3141
173.0317 53.2906
173.0329 53.1778
173.0336 53.2440
173.0339 53.0239
173.0343 53.2164
173.0348 53.3679
173.0354 53.2511
173.0369 53.1278
173.0374 53.2778
173.0382 53.2458
173.0391 53.2013
173.0408 53.2005
173.0408 53.2470
173.0408 53.5036
173.0410 53.2170
173.0411 53.3289
173.0412 53.2146
173.0415 53.2702
173.0416 53.2563
173.0433 53.2407
173.0457 53.2557
173.0459 53.2537
173.0480 53.2146
173.0488 53.3433
173.0496 53.1844
173.0499 53.1603
173.0502 53.2841
173.0506 53.2720
173.0511 53.2461
173.0518 53.3030
173.0521 53.1709
173.0523 53.2512
173.0525 53.2493
173.0529 53.2188
173.0537 53.2092
173.0541 53.1846
173.0548 53.3181
173.0554 53.2771
173.0558 53.2691
173.0569 53.2609
173.0574 53.2574
173.0585 53.3059
173.0590 53.3423
173.0599 53.2991
173.0609 53.1830
173.0615 53.1900
173.0615 53.3635
173.0616 53.1753
173.0616 53.2194
173.0621 53.2237
173.0625 53.3605
173.0632 53.1773
173.0634 53.3074
173.0641 53.2461
173.0644 53.3645
173.0644 53.3920
173.0648 53.2903
173.0656 53.2289
173.0673 53.4457
173.0676 53.2170
173.0678 53.3448
173.0682 53.1888
173.0686 53.2775
173.0695 53.0165
173.0698 53.2058
173.0698 53.2771
173.0702 53.1383
173.0708 53.2918
173.0708 53.3014
173.0712 53.3617
173.0721 53.2230
173.0725 53.1628
173.0736 53.4048
173.0740 53.2495
173.0745 53.3059
173.0752 53.3713
173.0760 53.1489
173.0762 53.4156
173.0764 53.1876
173.0764 53.2039
173.0772 53.2626
173.0786 53.3229
173.0789 53.2005
173.0792 53.2455
173.0793 53.1534
173.0793 53.2482
173.0798 53.3136
173.0825 53.5431
173.0836 53.3185
173.0839 53.3041
173.0840 53.2459
173.0842 53.0760
173.0842 53.2602
173.0842 53.4417
173.0845 53.2743
173.0847 53.1683
173.0847 53.2349
173.0849 53.2971
173.0859 53.2076
173.0859 53.2544
173.0860 53.3684
173.0876 53.2612
173.0876 53.2695
173.0876 53.2901
173.0881 53.2852
173.0886 53.3883
173.0888 53.2406
173.0894 53.0169
173.0894 53.2817
173.0909 53.1998
173.0915 53.1785
173.0916 53.2725
173.0918 53.3413
173.0924 53.2575
173.0925 53.3877
173.0928 53.2731
173.0932 53.2931
173.0938 53.3186
173.0944 53.3791
173.0947 53.1827
173.0947 53.2460
173.0952 53.3294
173.0958 53.3818
173.0961 53.1897
173.0962 53.3791
173.0966 53.5610
173.0978 53.1973
173.0981 53.1600
173.0982 53.1796
173.0982 53.2007
173.0988 53.1491
173.0996 53.1954
173.0997 53.2797
173.1002 53.2784
173.1004 53.2735
173.1005 53.3342
173.1016 53.2582
173.1019 53.3709
173.1028 53.2647
173.1028 53.3123
173.1030 53.2436
173.1038 53.2250
173.1039 53.2561
173.1041 53.2005
173.1049 53.2593
173.1051 53.1785
173.1060 53.2814
173.1062 53.2901
173.1065 53.2832
173.1065 53.3026
173.1065 53.3350
173.1069 53.2500
173.1070 53.4215
173.1072 53.2832
173.1081 53.3250
173.1085 53.2666
173.1086 53.4238
173.1088 53.1629
173.1091 53.2813
173.1099 53.4558
173.1126 53.4021
173.1132 53.2700
173.1133 53.3666
173.1135 53.1572
173.1149 53.2591
173.1156 53.3042
173.1172 53.1333
173.1176 53.3049
173.1180 53.2392
173.1190 53.3549
173.1199 53.2286
173.1203 53.2934
173.1214 53.1678
173.1214 53.2236
173.1214 53.2286
173.1215 53.4589
173.1220 53.2249
173.1231 53.3253
173.1241 53.2280
173.1243 53.2050
173.1245 53.2241
173.1247 53.2567
173.1252 53.4079
173.1263 53.4426
173.1273 53.2633
173.1274 53.2845
173.1279 53.2342
173.1279 53.3576
173.1285 53.2600
173.1285 53.3181
173.1286 53.3320
173.1296 53.3000
173.1301 53.4573
173.1303 53.5140
173.1303 53.5782
173.1313 53.2941
173.1320 53.2247
173.1326 53.1834
173.1328 53.0296
173.1330 53.3006
173.1340 53.1630
173.1342 53.3676
173.1358 53.2901
173.1360 53.2850
173.1360 53.3443
173.1362 53.5972
173.1377 53.2742
173.1383 53.3651
173.1392 53.2768
173.1397 53.3489
173.1398 53.3960
173.1411 53.1942
173.1412 53.1977
173.1415 53.2942
173.1418 53.2265
173.1421 53.2904
173.1425 53.5460
173.1436 53.2049
173.1439 53.4007
173.1470 53.5478
173.1471 53.2737
173.1472 53.3251
173.1474 53.1955
173.1474 53.3154
173.1484 53.2321
173.1490 53.2748
173.1494 53.3473
173.1497 53.2973
173.1498 53.2868
173.1506 53.2665
173.1514 53.2642
173.1516 53.3539
173.1534 53.4680
173.1538 53.2748
173.1541 53.2317
173.1542 53.2125
173.1546 53.2629
173.1547 53.4613
173.1548 53.3359
173.1561 53.3567
173.1570 53.2743
173.1575 53.5147
173.1576 53.4523
173.1585 53.1893
173.1587 53.2883
173.1597 53.2187
173.1609 53.2567
173.1616 53.2872
173.1628 53.3326
173.1633 53.1700
173.1635 53.2502
173.1638 53.3200
173.1646 53.3606
173.1667 53.2808
173.1679 53.4490
173.1686 53.1470
173.1699 53.0332
173.1708 53.2387
173.1716 53.2430
173.1752 53.2796
173.1767 53.2777
173.1777 53.4092
173.1780 53.3362
173.1791 53.4094
173.1796 53.4340
173.1819 53.3032
173.1826 53.0491
173.1827 53.3902
173.1832 53.1767
173.1837 53.2178
173.1838 53.5687
173.1841 53.2484
173.1842 53.2497
173.1842 53.4231
173.1848 53.5451
173.1866 53.6118
173.1870 53.3230
173.1875 53.0899
173.1890 53.3302
173.1895 53.4214
173.1903 53.1103
173.1903 53.2768
173.1905 53.0221
173.1911 53.3043
173.1911 53.4075
173.1914 53.0743
173.1930 53.3034
173.1943 53.1619
173.1956 53.0241
173.1958 53.1281
173.1958 53.2430
173.1959 53.4114
173.1966 53.4398
173.1968 53.1150
173.1970 53.3794
173.1978 53.3317
173.1990 53.5193
173.1997 53.3319
173.1998 53.3134
173.2008 53.3653
173.2011 53.5492
173.2019 53.1326
173.2024 53.0880
173.2024 53.2394
173.2038 53.4457
173.2040 53.3582
173.2040 53.4019
173.2049 53.2628
173.2053 53.2090
173.2057 53.4816
173.2060 53.2847
173.2061 53.4283
173.2063 53.0676
173.2068 53.5223
173.2070 53.2186
173.2070 53.4777
173.2075 53.2797
173.2093 53.3459
173.2095 53.5050
173.2100 52.9104
173.2102 53.2980
173.2104 53.4070
173.2106 53.3280
173.2106 53.3892
173.2117 53.3530
173.2132 53.5029
173.2134 53.3017
173.2135 53.4739
173.2137 52.9957
173.2139 53.2120
173.2140 53.4360
173.2149 53.3732
173.2150 53.5617
173.2156 53.0200
173.2156 53.2478
173.2162 53.3750
173.2169 53.1488
173.2172 53.4416
173.2186 53.2758
173.2187 53.4990
173.2191 53.2439
173.2192 53.3652
173.2195 53.5174
173.2196 53.4458
173.2209 53.4493
173.2213 53.4581
173.2215 53.1256
173.2217 53.1782
173.2221 53.4084
173.2225 53.0483
173.2228 53.0725
173.2237 53.5378
173.2239 53.0661
173.2241 53.4495
173.2245 53.0827
173.2247 53.4176
173.2252 53.4231
173.2253 53.3695
173.2254 53.1207
173.2258 53.4420
173.2262 53.3007
173.2266 53.4602
173.2275 53.4365
173.2282 53.3198
173.2283 53.4342
173.2284 53.3868
173.2285 53.4378
173.2286 53.1593
173.2286 53.4995
173.2288 53.5277
173.2290 53.4759
173.2294 53.0863
173.2299 53.4940
173.2305 53.3760
173.2306 53.0596
173.2314 53.4661
173.2319 53.4719
173.2321 53.4346
173.2334 53.5076
173.2337 53.1033
173.2341 53.0300
173.2351 53.4093
173.2351 53.6616
173.2353 53.4470
173.2357 53.1551
173.2357 53.3782
173.2358 53.4465
173.2361 53.0816
173.2363 53.2137
173.2365 53.1283
173.2378 53.0710
173.2384 53.4213
173.2385 53.3757
173.2388 53.4894
173.2393 53.4534
173.2404 53.4361
173.2405 53.3956
173.2406 53.1408
173.2406 53.4054
173.2410 53.3911
173.2410 53.4027
173.2412 53.1652
173.2413 53.1185
173.2417 53.4791
173.2424 53.5293
173.2427 53.4621
173.2430 53.4809
173.2437 53.3835
173.2438 53.4206
173.2440 53.4502
173.2441 52.9993
173.2452 53.3524
173.2452 53.4032
173.2463 53.1064
173.2470 53.4759
173.2475 52.9624
173.2477 53.4400
173.2478 53.0879
173.2482 53.2951
173.2483 53.4784
173.2484 53.4331
173.2488 53.1083
173.2489 53.1503
173.2491 53.3660
173.2493 53.4421
173.2496 53.1503
173.2498 53.0733
173.2508 52.9925
173.2508 53.0203
173.2508 53.3140
173.2514 53.1628
173.2517 53.3960
173.2518 52.9936
173.2519 53.0446
173.2520 53.4867
173.2523 53.4300
173.2530 53.4093
173.2534 53.4803
173.2537 53.0117
173.2547 53.4203
173.2547 53.4729
173.2550 53.6611
173.2552 53.1098
173.2553 53.5331
173.2555 53.1347
173.2565 53.0850
173.2566 53.1278
173.2571 53.3511
173.2571 53.4604
173.2573 53.2955
173.2579 53.3285
173.2582 53.3136
173.2589 53.5896
173.2590 53.0322
173.2596 53.0553
173.2600 53.5308
173.2603 52.9291
173.2607 53.1300
173.2609 53.0322
173.2611 52.9841
173.2615 53.3243
173.2615 53.5363
173.2622 53.1316
173.2624 53.0700
173.2624 53.4162
173.2626 53.4386
173.2628 53.0156
173.2632 53.4373
173.2632 53.4852
173.2635 53.4183
173.2638 53.4609
173.2643 53.3876
173.2645 53.1293
173.2647 53.1195
173.2648 53.1229
173.2652 53.3946
173.2653 53.0378
173.2658 53.2109
173.2675 53.5404
173.2676 53.0641
173.2680 53.5038
173.2682 53.0907
173.2692 53.0942
173.2693 53.4034
173.2694 53.3758
173.2695 53.0375
173.2701 53.1006
173.2701 53.5457
173.2712 53.0983
173.2713 53.4974
173.2714 53.3093
173.2716 53.4441
173.2717 53.0206
173.2718 53.1355
173.2718 53.4672
173.2719 52.9574
173.2720 53.1708
173.2722 53.0521
173.2724 53.3019
173.2732 53.4248
173.2734 53.0599
173.2735 53.5813
173.2737 53.4014
173.2742 53.0884
173.2746 53.1925
173.2746 53.3881
173.2747 53.2911
173.2752 53.4330
173.2760 53.3405
173.2760 53.4459
173.2766 53.4352
173.2768 53.2118
173.2777 53.4516
173.2782 53.0152
173.2784 53.3869
173.2788 53.4831
173.2790 53.0973
173.2796 53.0342
173.2797 53.0319
173.2798 53.4277
173.2799 53.4612
173.2802 53.3921
173.2814 53.4810
173.2817 53.1598
173.2817 53.1680
173.2819 53.0485
173.2821 53.1448
173.2828 53.4571
173.2830 53.4650
173.2832 53.4686
173.2839 53.4812
173.2845 53.0889
173.2854 53.0134
173.2856 53.2656
173.2862 53.1544
173.2863 53.4220
173.2865 53.4500
173.2866 53.0823
173.2867 53.4018
173.2870 53.3192
173.2873 53.0895
173.2878 53.0023
173.2880 53.0382
173.2882 53.0729
173.2887 53.0073
173.2888 53.3043
173.2891 53.3899
173.2897 53.3899
173.2906 53.2353
173.2909 53.3937
173.2911 53.1326
173.2924 53.5142
173.2928 53.0466
173.2930 53.1627
173.2932 53.4469
173.2934 53.0517
173.2936 53.4071
173.2937 53.0805
173.2938 53.2296
173.2939 53.4861
173.2941 53.3547
173.2946 52.9895
173.2949 53.2839
173.2956 53.0619
173.2959 53.4012
173.2962 53.4030
173.2969 53.2045
173.2970 53.0552
173.2974 53.3009
173.2975 53.0160
173.2977 53.4695
173.2978 53.4069
173.2979 53.4508
173.2983 53.3965
173.2991 53.3965
173.2992 53.0921
173.2992 53.1440
173.2993 53.3180
173.2993 53.4857
173.2995 53.1354
173.2999 53.0575
173.3000 53.0079
173.3003 53.5378
173.3006 53.3908
173.3012 53.0715
173.3013 53.1121
173.3035 53.2863
173.3036 53.0907
173.3042 53.3881
173.3045 53.0167
173.3045 53.6195
173.3049 53.4067
173.3054 53.0692
173.3055 53.4042
173.3059 53.1573
173.3061 53.4777
173.3063 53.5179
173.3075 53.1279
173.3078 53.0998
173.3079 53.1793
173.3079 53.4419
173.3086 53.4519
173.3088 53.0147
173.3089 53.5219
173.3096 53.4504
173.3099 53.3602
173.3101 53.4649
173.3102 53.4251
173.3103 52.9586
173.3106 53.1502
173.3107 53.4218
173.3135 53.0460
173.3142 53.0537
173.3148 53.1312
173.3154 53.0970
173.3156 53.0988
173.3156 53.2370
173.3157 53.0741
173.3157 53.4739
173.3161 53.0558
173.3164 53.4792
173.3168 52.9550
173.3173 53.2381
173.3174 52.9506
173.3174 53.0861
173.3175 53.1338
173.3181 53.1306
173.3181 53.5999
173.3184 53.0148
173.3186 53.2714
173.3194 53.0286
173.3208 52.9920
173.3211 53.0862
173.3211 53.4305
173.3217 53.1209
173.3218 53.2830
173.3226 53.1323
173.3229 53.0634
173.3234 53.0749
173.3244 53.0623
173.3246 53.5648
173.3251 53.4405
173.3259 53.1358
173.3267 53.0111
173.3267 53.1754
173.3271 53.3632
173.3272 52.9862
173.3280 53.1479
173.3286 53.0420
173.3287 53.0098
173.3294 53.2920
173.3295 53.2993
173.3300 53.4892
173.3302 53.2470
173.3303 53.2717
173.3323 52.9846
173.3326 52.9330
173.3342 53.1430
173.3344 53.3789
173.3344 53.4110
173.3348 53.3265
173.3367 53.2229
173.3371 53.2491
173.3374 53.0846
173.3374 53.2898
173.3384 53.0955
173.3384 53.1612
173.3384 53.4300
173.3385 53.3045
173.3392 53.4105
173.3394 53.1030
173.3403 53.3029
173.3405 53.0412
173.3408 53.4387
173.3414 53.6572
173.3415 53.3864
173.3418 53.3234
173.3419 53.5462
173.3426 53.4056
173.3428 53.2340
173.3429 53.1461
173.3434 53.0855
173.3446 53.1282
173.3449 53.2734
173.3456 53.2725
173.3468 53.3529
173.3476 53.0365
173.3480 53.0130
173.3483 53.6487
173.3484 53.3367
173.3494 53.2598
173.3511 53.0359
173.3521 53.1850
173.3534 53.2483
173.3536 53.2414
173.3549 53.2040
173.3558 53.3148
173.3559 53.2290
173.3563 53.4556
173.3579 53.0429
173.3582 53.1061
173.3582 53.2110
173.3584 53.1007
173.3584 53.3844
173.3585 53.3297
173.3586 53.1949
173.3590 53.2857
173.3594 53.1975
173.3595 53.2433
173.3598 53.1828
173.3604 53.2904
173.3609 53.1749
173.3622 53.1359
173.3635 53.2537
173.3636 53.3204
173.3657 52.9106
173.3666 53.0475
173.3675 53.0155
173.3679 53.2711
173.3682 53.1870
173.3687 53.1239
173.3706 53.4818
173.3707 53.3084
173.3708 52.8805
173.3710 53.2121
173.3727 53.2426
173.3727 53.2692
173.3741 53.1929
173.3754 53.2389
173.3760 53.2166
173.3761 53.3765
173.3765 53.1933
173.3772 53.2415
173.3780 53.3301
173.3799 53.1674
173.3801 53.5751
173.3802 53.2514
173.3826 52.9885
173.3829 53.0373
173.3839 53.1708
173.3849 53.2974
173.3852 53.0968
173.3861 53.2261
173.3863 53.2758
173.3875 53.2427
173.3884 53.1404
173.3900 53.4867
173.3901 53.2014
173.3910 53.2491
173.3913 53.2674
173.3914 53.1878
173.3919 53.1712
173.3921 53.3655
173.3927 52.9133
173.3942 53.1703
173.3972 53.2631
173.3992 53.3160
173.4000 53.2326
173.4003 53.3046
173.4007 53.2538
173.4008 53.2176
173.4015 53.3007
173.4017 53.3067
173.4019 53.4274
173.4022 53.3990
173.4032 53.2478
173.4033 52.9942
173.4035 53.1751
173.4035 53.2629
173.4040 53.3041
173.4060 53.1367
173.4065 53.2304
173.4070 53.3307
173.4075 53.1782
173.4086 53.3482
173.4089 53.2096
173.4096 53.2955
173.4105 53.1936
173.4109 53.2175
173.4112 53.1359
173.4114 53.2850
173.4115 53.2208
173.4122 53.1522
173.4128 53.1431
173.4129 53.2124
173.4136 53.2531
173.4136 53.2845
173.4137 53.2192
173.4142 53.2754
173.4143 53.2804
173.4144 53.2886
173.4154 53.1914
173.4154 53.2885
173.4177 53.2219
173.4186 53.1692
173.4210 53.2086
173.4215 53.2699
173.4226 53.2716
173.4237 53.2096
173.4248 53.3291
173.4262 53.3063
173.4265 53.0249
173.4265 53.1337
173.4265 53.1830
173.4266 53.1905
173.4275 53.2113
173.4279 53.2227
173.4285 53.2371
173.4286 53.1084
173.4288 53.3225
173.4294 53.2008
173.4296 53.2399
173.4300 53.2371
173.4312 53.3024
173.4328 53.2681
173.4332 53.3027
173.4346 53.2583
173.4357 53.2640
173.4363 53.2378
173.4374 53.2033
173.4379 53.5253
173.4380 53.1046
173.4389 53.0762
173.4394 53.2345
173.4396 53.2041
173.4406 53.2257
173.4414 53.3708
173.4417 53.3012
173.4425 53.5107
173.4428 53.2252
173.4431 53.3361
173.4462 53.2919
173.4465 53.2079
173.4487 53.2673
173.4494 53.3881
173.4499 53.2476
173.4503 53.2806
173.4506 53.3041
173.4510 53.2414
173.4518 53.2818
173.4519 53.2733
173.4521 53.1941
173.4525 53.1688
173.4534 53.2532
173.4536 53.2845
173.4551 53.3005
173.4556 53.1542
173.4556 53.2335
173.4564 53.4641
173.4566 53.2829
173.4568 53.2876
173.4569 53.2627
173.4569 53.2989
173.4571 53.2394
173.4578 53.2396
173.4581 53.2407
173.4586 53.2934
173.4590 53.0853
173.4591 53.1264
173.4592 53.2412
173.4593 53.2810
173.4597 53.1774
173.4599 53.1848
173.4599 53.2077
173.4604 53.2582
173.4613 53.2945
173.4617 53.2817
173.4619 53.2171
173.4621 53.2306
173.4622 53.3027
173.4628 53.2899
173.4640 53.2192
173.4658 53.2283
173.4679 53.1513
173.4698 53.2232
173.4698 53.2944
173.4699 53.2432
173.4706 53.3379
173.4720 53.3846
173.4722 53.2747
173.4724 53.2436
173.4735 53.2299
173.4737 53.2751
173.4738 53.2569
173.4744 53.2883
173.4744 53.3070
173.4756 53.3361
173.4769 53.2532
173.4798 53.2229
173.4812 53.2509
173.4827 53.1040
173.4832 53.4416
173.4834 53.1851
173.4834 53.2222
173.4857 53.2622
173.4864 53.1451
173.4866 53.2484
173.4869 53.2372
173.4870 53.3058
173.4870 53.4138
173.4877 53.2874
173.4879 53.2282
173.4892 53.3490
173.4905 53.1983
173.4940 53.2241
173.4943 53.1433
173.4944 53.1764
173.4957 53.2191
173.4969 53.1993
173.4970 53.1622
173.4970 53.2091
173.4990 53.1205
173.4994 53.3577
173.5001 53.1357
173.5007 53.1739
173.5012 53.2564
173.5015 53.0940
173.5035 53.3128
173.5038 53.1596
173.5043 53.2497
173.5059 53.2978
173.5063 53.2708
173.5073 53.2608
173.5103 53.3562
173.5105 53.2841
173.5105 53.3285
173.5138 53.2585
173.5140 53.3329
173.5154 53.0981
173.5186 53.3412
173.5192 53.1286
173.5197 53.1259
173.5201 53.2904
173.5206 53.3647
173.5224 53.2807
173.5234 53.3456
173.5236 53.3663
173.5240 53.4163
173.5249 53.3894
173.5253 53.2382
173.5258 53.3867
173.5261 53.3517
173.5265 53.2076
173.5269 53.2787
173.5278 53.1988
173.5291 53.2942
173.5316 53.3836
173.5321 53.2282
173.5329 53.1850
173.5331 53.2314
173.5354 53.2236
173.5445 53.1407
173.5455 53.2920
173.5485 53.1711
173.5486 53.3021
173.5515 53.3254
173.5544 53.1620
173.5644 53.2293
173.5672 53.2002
173.5760 53.2267
173.5803 53.2826
173.5854 53.3216
173.5857 53.2657
173.6216 53.3525
173.6504 53.2430
