91.4791 86.4795
91.4815 86.4673
91.4959 86.3475
91.4999 86.3457
91.5034 86.3599
91.5043 86.3154
91.5068 86.4257
91.5121 86.4824
91.5126 86.3480
91.5164 86.4901
91.5200 86.2828
91.5223 86.3224
91.5246 86.3360
91.5248 86.3401
91.5250 86.3648
91.5277 86.5836
91.5301 86.3525
91.5322 86.4859
91.5341 86.5619
91.5357 86.2944
91.5366 86.5074
91.5368 86.4286
91.5381 86.3200
91.5405 86.5428
91.5407 86.4907
91.5415 86.5803
91.5438 86.4440
91.5467 86.4578
91.5480 86.3241
91.5486 86.3437
91.5497 86.5954
91.5499 86.2992
91.5516 86.4554
91.5519 86.4708
91.5536 86.5118
91.5540 86.5599
91.5547 86.5151
91.5565 86.4059
91.5587 86.4990
91.5593 86.3275
91.5594 86.4737
91.5596 86.3269
91.5600 86.5406
91.5602 86.4020
91.5606 86.3222
91.5608 86.5600
91.5613 86.6579
91.5616 86.5886
91.5628 86.4786
91.5628 86.5359
91.5628 86.5466
91.5655 86.5850
91.5660 86.2554
91.5666 86.3423
91.5677 86.5235
91.5687 86.5221
91.5694 86.4303
91.5697 86.5515
91.5698 86.5016
91.5704 86.5567
91.5724 86.5380
91.5726 86.2709
91.5744 86.1992
91.5748 86.3536
91.5749 86.3011
91.5771 86.2466
91.5776 86.3039
91.5782 86.3174
91.5788 86.3552
91.5789 86.3333
91.5795 86.5889
91.5807 86.5909
91.5811 86.5569
91.5812 86.5299
91.5828 86.1968
91.5832 86.5658
91.5833 86.3532
91.5841 86.2770
91.5842 86.5215
91.5846 86.3627
91.5855 86.6297
91.5858 86.5187
91.5859 86.5989
91.5860 86.2821
91.5864 86.5182
91.5900 86.3831
91.5903 86.5564
91.5903 86.6660
91.5905 86.3353
91.5908 86.5208
91.5923 86.3520
91.5926 86.5909
91.5927 86.5366
91.5928 86.3796
91.5930 86.5696
91.5934 86.5007
91.5943 86.3522
91.5959 86.4219
91.5961 86.5673
91.5970 86.3327
91.5970 86.5740
91.5971 86.3199
91.5983 86.3849
91.5984 86.5009
91.5985 86.3130
91.5990 86.4141
91.5993 86.5587
91.5997 86.3264
91.6018 86.5405
91.6020 86.3916
91.6024 86.3247
91.6033 86.5307
91.6041 86.2916
91.6042 86.3614
91.6058 86.3313
91.6062 86.2757
91.6066 86.2330
91.6066 86.3123
91.6068 86.5537
91.6070 86.2322
91.6071 86.5450
91.6076 86.2987
91.6091 86.3122
91.6102 86.4863
91.6111 86.2606
91.6113 86.4777
91.6113 86.5639
91.6132 86.5629
91.6134 86.5561
91.6136 86.1605
91.6142 86.3362
91.6142 86.5758
91.6143 86.3740
91.6145 86.3464
91.6145 86.3655
91.6161 86.5548
91.6163 86.3513
91.6167 86.3522
91.6180 86.5008
91.6194 86.2977
91.6200 86.5766
91.6203 86.3247
91.6205 86.5366
91.6206 86.2897
91.6207 86.3380
91.6207 86.3691
91.6213 86.5719
91.6214 86.3104
91.6216 86.3959
91.6218 86.3810
91.6219 86.1614
91.6225 86.5421
91.6236 86.3650
91.6243 86.4803
91.6245 86.2563
91.6253 86.3018
91.6260 86.3137
91.6264 86.5570
91.6269 86.3153
91.6271 86.3582
91.6272 86.3597
91.6277 86.3353
91.6284 86.2408
91.6288 86.2776
91.6290 86.3388
91.6291 86.3338
91.6291 86.5682
91.6294 86.2668
91.6294 86.3190
91.6302 86.3421
91.6310 86.3472
91.6319 86.2998
91.6320 86.5722
91.6324 86.3086
91.6328 86.6480
91.6333 86.5958
91.6338 86.3190
91.6338 86.3762
91.6339 86.4443
91.6341 86.3763
91.6344 86.3643
91.6348 86.3353
91.6351 86.5168
91.6361 86.5156
91.6362 86.3720
91.6376 86.5721
91.6385 86.3806
91.6388 86.1516
91.6389 86.4196
91.6391 86.2863
91.6392 86.5199
91.6393 86.3327
91.6398 86.3365
91.6401 86.2666
91.6403 86.5995
91.6407 86.2904
91.6410 86.4239
91.6412 86.3671
91.6425 86.4918
91.6430 86.3718
91.6434 86.3527
91.6440 86.3080
91.6458 86.5087
91.6465 86.3722
91.6466 86.3169
91.6467 86.3093
91.6470 86.3362
91.6474 86.5646
91.6483 86.2014
91.6484 86.5698
91.6489 86.3000
91.6493 86.5665
91.6494 86.6238
91.6500 86.4884
91.6504 86.3094
91.6504 86.3422
91.6511 86.3113
91.6517 86.3283
91.6519 86.3365
91.6524 86.3114
91.6532 86.4506
91.6536 86.3478
91.6537 86.3325
91.6546 86.2508
91.6550 86.3579
91.6550 86.5152
91.6554 86.7004
91.6558 86.2863
91.6559 86.3405
91.6562 86.2820
91.6567 86.3535
91.6568 86.3544
91.6572 86.2317
91.6573 86.2527
91.6573 86.6062
91.6574 86.2896
91.6574 86.6014
91.6579 86.5598
91.6587 86.5337
91.6588 86.2376
91.6588 86.2911
91.6588 86.6150
91.6608 86.3729
91.6615 86.2961
91.6616 86.3446
91.6617 86.3439
91.6619 86.2761
91.6620 86.2292
91.6622 86.3573
91.6631 86.5465
91.6632 86.3162
91.6632 86.4408
91.6633 86.3024
91.6640 86.2618
91.6641 86.5587
91.6651 86.3082
91.6656 86.3109
91.6659 86.3616
91.6666 86.4066
91.6667 86.4123
91.6667 86.5154
91.6668 86.2914
91.6669 86.3582
91.6669 86.3710
91.6671 86.5609
91.6677 86.3207
91.6679 86.2920
91.6684 86.2479
91.6684 86.2907
91.6686 86.6622
91.6688 86.1269
91.6688 86.3728
91.6688 86.6797
91.6689 86.3061
91.6690 86.5845
91.6696 86.5818
91.6702 86.3521
91.6704 86.3073
91.6710 86.3241
91.6719 86.3127
91.6720 86.2617
91.6726 86.3341
91.6728 86.3148
91.6733 86.6056
91.6734 86.3248
91.6735 86.6564
91.6740 86.2586
91.6740 86.3139
91.6741 86.3017
91.6741 86.3359
91.6745 86.3208
91.6746 86.3031
91.6746 86.3290
91.6746 86.4127
91.6748 86.3131
91.6750 86.2903
91.6751 86.3399
91.6754 86.5817
91.6761 86.3599
91.6762 86.3376
91.6764 86.3628
91.6767 86.5546
91.6769 86.5824
91.6779 86.3005
91.6782 86.5485
91.6783 86.2991
91.6783 86.5817
91.6786 86.3451
91.6790 86.1894
91.6791 86.5898
91.6799 86.5415
91.6800 86.3063
91.6801 86.3062
91.6806 86.6051
91.6807 86.3455
91.6809 86.3123
91.6809 86.7278
91.6810 86.2989
91.6811 86.6487
91.6812 86.5061
91.6815 86.3223
91.6816 86.5710
91.6819 86.3291
91.6819 86.3585
91.6821 86.3212
91.6822 86.2709
91.6823 86.5454
91.6824 86.3172
91.6824 86.5824
91.6824 86.5985
91.6825 86.5448
91.6827 86.2977
91.6828 86.2934
91.6828 86.6325
91.6831 86.5823
91.6832 86.3911
91.6833 86.3541
91.6833 86.5663
91.6833 86.6088
91.6836 86.3516
91.6839 86.2744
91.6841 86.4383
91.6842 86.3737
91.6846 86.3653
91.6848 86.3229
91.6849 86.3606
91.6850 86.3482
91.6854 86.3666
91.6855 86.3342
91.6857 86.5642
91.6858 86.3141
91.6860 86.3294
91.6861 86.5646
91.6863 86.3609
91.6865 86.3662
91.6868 86.3112
91.6869 86.3387
91.6870 86.3357
91.6870 86.6635
91.6871 86.3370
91.6875 86.3661
91.6879 86.5684
91.6879 86.5715
91.6887 86.3021
91.6888 86.1892
91.6889 86.3559
91.6890 86.5322
91.6891 86.1637
91.6893 86.3626
91.6897 86.3383
91.6897 86.4716
91.6898 86.6191
91.6901 86.5643
91.6905 86.3190
91.6906 86.5997
91.6907 86.3099
91.6907 86.3477
91.6909 86.5882
91.6910 86.2503
91.6910 86.3058
91.6910 86.5610
91.6911 86.5244
91.6919 86.5662
91.6920 86.3291
91.6920 86.3294
91.6920 86.3318
91.6921 86.3289
91.6921 86.5491
91.6921 86.6690
91.6922 86.3111
91.6922 86.3251
91.6925 86.3286
91.6928 86.1811
91.6934 86.5991
91.6935 86.5806
91.6936 86.5032
91.6939 86.3807
91.6940 86.2847
91.6940 86.3088
91.6943 86.5631
91.6944 86.3544
91.6945 86.1685
91.6945 86.2826
91.6946 86.5607
91.6949 86.5398
91.6951 86.3357
91.6953 86.3580
91.6953 86.4029
91.6954 86.3267
91.6955 86.5989
91.6961 86.3251
91.6964 86.6450
91.6975 86.5177
91.6980 86.3082
91.6980 86.3793
91.6980 86.5846
91.6981 86.2486
91.6988 86.2549
91.6989 86.3579
91.6992 86.5477
91.6994 86.3171
91.6995 86.3428
91.6995 86.5660
91.6998 86.5764
91.7000 86.3730
91.7001 86.3222
91.7002 86.6293
91.7006 86.3814
91.7006 86.5538
91.7010 86.2937
91.7011 86.3198
91.7015 86.5636
91.7018 86.5820
91.7020 86.5383
91.7021 86.6065
91.7021 86.6126
91.7023 86.3163
91.7023 86.3741
91.7026 86.5059
91.7027 86.2706
91.7027 86.6382
91.7028 86.5686
91.7029 86.5562
91.7031 86.4919
91.7033 86.1790
91.7035 86.5791
91.7037 86.4537
91.7037 86.5574
91.7038 86.3244
91.7039 86.3109
91.7039 86.4799
91.7041 86.5755
91.7051 86.3316
91.7053 86.4620
91.7053 86.4949
91.7054 86.5460
91.7055 86.3261
91.7056 86.2691
91.7058 86.2836
91.7058 86.3600
91.7060 86.3063
91.7061 86.3456
91.7062 86.6391
91.7063 86.1637
91.7077 86.3056
91.7080 86.1878
91.7080 86.2667
91.7084 86.5802
91.7087 86.2849
91.7088 86.3093
91.7089 86.6210
91.7090 86.2257
91.7093 86.5728
91.7095 86.5598
91.7096 86.5749
91.7098 86.3029
91.7098 86.5255
91.7098 86.5452
91.7100 86.3745
91.7100 86.5488
91.7102 86.5790
91.7110 86.3499
91.7110 86.6295
91.7111 86.3271
91.7112 86.5652
91.7115 86.5706
91.7115 86.6049
91.7116 86.3184
91.7116 86.3419
91.7116 86.5226
91.7117 86.5364
91.7128 86.3057
91.7128 86.3473
91.7129 86.3448
91.7132 86.4031
91.7134 86.3013
91.7135 86.2219
91.7139 86.5303
91.7141 86.1650
91.7143 86.6133
91.7146 86.2652
91.7153 86.3526
91.7153 86.5090
91.7154 86.2973
91.7154 86.5706
91.7156 86.3156
91.7158 86.4700
91.7159 86.2835
91.7162 86.3937
91.7164 86.5610
91.7165 86.5741
91.7166 86.5731
91.7174 86.3468
91.7179 86.5349
91.7180 86.2898
91.7180 86.5163
91.7180 86.5570
91.7182 86.6116
91.7183 86.6017
91.7184 86.6340
91.7185 86.4414
91.7186 86.5072
91.7188 86.5306
91.7194 86.5278
91.7195 86.6384
91.7198 86.3493
91.7204 86.3043
91.7205 86.1404
91.7206 86.3256
91.7207 86.5578
91.7212 86.3737
91.7213 86.3143
91.7213 86.3343
91.7214 86.1164
91.7215 86.5550
91.7216 86.4909
91.7216 86.6254
91.7224 86.1387
91.7225 86.5887
91.7228 86.5805
91.7231 86.3360
91.7233 86.5788
91.7234 86.3114
91.7234 86.4837
91.7237 86.5769
91.7237 86.6183
91.7240 86.3123
91.7242 86.5904
91.7243 86.5173
91.7247 86.3310
91.7249 86.2934
91.7249 86.5592
91.7252 86.5681
91.7253 86.5594
91.7256 86.5525
91.7257 86.5883
91.7258 86.3064
91.7258 86.3332
91.7258 86.6218
91.7260 86.4148
91.7261 86.1945
91.7271 86.5528
91.7276 86.3509
91.7280 86.3648
91.7283 86.5985
91.7285 86.2935
91.7287 86.5634
91.7288 86.3672
91.7288 86.5495
91.7295 86.5490
91.7301 86.5284
91.7303 86.2680
91.7305 86.4388
91.7305 86.5466
91.7309 86.2989
91.7310 86.2861
91.7310 86.4005
91.7312 86.5540
91.7314 86.5045
91.7315 86.5990
91.7318 86.4949
91.7318 86.5558
91.7320 86.2934
91.7321 86.3318
91.7321 86.6147
91.7322 86.3946
91.7323 86.6019
91.7334 86.3210
91.7341 86.2881
91.7341 86.3403
91.7341 86.3527
91.7344 86.2746
91.7347 86.4279
91.7350 86.5485
91.7352 86.3739
91.7353 86.6051
91.7362 86.2856
91.7367 86.5881
91.7374 86.3250
91.7375 86.5467
91.7378 86.5903
91.7381 86.6391
91.7384 86.6126
91.7387 86.4142
91.7391 86.5471
91.7396 86.5732
91.7397 86.4249
91.7399 86.5507
91.7405 86.2765
91.7409 86.5810
91.7410 86.3028
91.7412 86.3399
91.7414 86.2972
91.7414 86.5769
91.7415 86.5189
91.7416 86.6369
91.7418 86.3345
91.7423 86.1024
91.7425 86.5483
91.7427 86.5302
91.7427 86.5935
91.7430 86.5660
91.7431 86.5802
91.7432 86.3865
91.7432 86.5530
91.7434 86.3459
91.7445 86.5320
91.7447 86.2740
91.7447 86.5223
91.7447 86.5386
91.7449 86.5462
91.7449 86.5998
91.7452 86.6022
91.7464 86.3368
91.7469 86.2927
91.7472 86.5395
91.7480 86.5741
91.7481 86.0982
91.7481 86.3038
91.7481 86.5465
91.7483 86.5839
91.7484 86.3211
91.7489 86.4087
91.7496 86.5634
91.7504 86.4369
91.7515 86.2767
91.7516 86.1909
91.7516 86.3697
91.7520 86.4667
91.7529 86.3288
91.7534 86.5022
91.7543 86.5595
91.7544 86.6267
91.7546 86.5492
91.7550 86.2851
91.7557 86.5734
91.7557 86.6007
91.7567 86.3245
91.7567 86.5186
91.7577 86.5719
91.7578 86.5505
91.7579 86.2420
91.7583 86.5265
91.7585 86.0853
91.7589 86.5928
91.7590 86.2727
91.7591 86.5386
91.7593 86.5584
91.7602 86.5864
91.7611 86.5677
91.7619 86.6481
91.7620 86.3748
91.7621 86.4591
91.7622 86.5471
91.7622 86.5810
91.7627 86.5625
91.7627 86.6091
91.7628 86.4282
91.7633 86.5888
91.7634 86.5681
91.7637 86.4072
91.7638 86.6237
91.7644 86.3909
91.7652 86.5788
91.7662 86.5927
91.7665 86.6106
91.7667 86.5808
91.7672 86.4068
91.7676 86.4456
91.7682 86.3904
91.7689 86.5721
91.7693 86.3139
91.7698 86.6221
91.7699 86.6451
91.7701 86.4495
91.7705 86.4437
91.7706 86.4451
91.7711 86.5605
91.7715 86.5049
91.7718 86.2420
91.7721 86.6288
91.7722 86.2507
91.7723 86.2749
91.7727 86.5093
91.7728 86.5538
91.7735 86.1915
91.7740 86.1601
91.7751 86.4050
91.7753 86.1629
91.7754 86.6178
91.7759 86.4801
91.7763 86.2909
91.7763 86.5865
91.7767 86.3914
91.7781 86.2788
91.7791 86.5818
91.7795 86.5720
91.7801 86.5501
91.7819 86.5500
91.7825 86.3526
91.7841 86.4162
91.7844 86.6242
91.7859 86.5608
91.7869 86.5848
91.7889 86.5961
91.7892 86.2655
91.7926 86.5371
91.7931 86.6452
91.7932 86.5408
91.7963 86.5431
91.7965 86.2929
91.7969 86.5763
91.7973 86.1091
91.7982 86.5421
91.7996 86.1223
91.7999 86.6586
91.8002 86.3258
91.8011 86.1541
91.8019 86.6929
91.8022 86.5585
91.8028 86.5772
91.8033 86.3539
91.8034 86.4395
91.8036 86.1252
91.8037 86.5216
91.8042 86.6454
91.8048 86.1633
91.8056 86.2952
91.8058 86.5652
91.8067 86.2432
91.8078 86.2856
91.8092 86.2890
91.8112 86.2070
91.8125 86.3121
91.8135 86.5870
91.8145 86.3178
91.8168 86.1992
91.8178 86.5673
91.8180 86.3256
91.8187 86.4088
91.8188 86.0873
91.8201 86.3519
91.8203 86.5734
91.8215 86.3132
91.8221 86.1622
91.8222 86.5244
91.8230 86.5852
91.8232 86.3363
91.8236 86.1920
91.8250 86.1573
91.8253 86.2574
91.8253 86.5149
91.8254 86.2260
91.8265 86.5214
91.8266 86.2629
91.8268 86.2360
91.8269 86.3411
91.8273 86.2310
91.8273 86.5474
91.8280 86.2387
91.8286 86.2401
91.8289 86.3326
91.8290 86.2643
91.8294 86.2841
91.8303 86.5607
91.8305 86.5195
91.8309 86.0753
91.8310 86.5593
91.8325 86.3622
91.8326 86.2534
91.8326 86.2726
91.8331 86.2824
91.8352 86.5655
91.8354 86.2862
91.8357 86.3195
91.8359 86.3134
91.8377 86.2167
91.8379 86.5260
91.8381 86.6347
91.8382 86.3380
91.8386 86.2171
91.8397 86.5513
91.8398 86.5376
91.8408 86.5567
91.8412 86.1327
91.8413 86.2009
91.8415 86.1827
91.8420 86.2561
91.8426 86.5417
91.8428 86.6093
91.8453 86.3103
91.8454 86.0788
91.8459 86.4066
91.8474 86.3236
91.8477 86.2105
91.8478 86.4021
91.8480 86.3821
91.8484 86.0729
91.8484 86.5494
91.8485 86.4762
91.8490 86.5665
91.8494 86.3280
91.8495 86.2817
91.8495 86.5816
91.8505 86.5760
91.8510 86.2925
91.8512 86.3310
91.8519 86.5446
91.8521 86.1639
91.8522 86.1703
91.8526 86.3191
91.8530 86.1840
91.8551 86.2924
91.8555 86.2903
91.8561 86.3240
91.8574 86.5075
91.8579 86.3260
91.8585 86.1743
91.8591 86.2351
91.8593 86.4266
91.8595 86.2349
91.8599 86.1614
91.8605 86.5343
91.8608 86.3638
91.8612 86.2706
91.8614 86.4161
91.8621 86.2870
91.8622 86.5403
91.8625 86.3270
91.8626 86.2671
91.8634 86.2221
91.8635 86.2132
91.8637 86.2868
91.8644 86.3180
91.8648 86.4330
91.8657 86.2588
91.8658 86.1746
91.8662 86.5228
91.8664 86.2048
91.8664 86.3348
91.8666 86.3199
91.8667 86.5312
91.8668 86.3196
91.8678 86.5254
91.8700 86.2473
91.8700 86.3484
91.8710 86.2412
91.8714 86.3147
91.8715 86.2147
91.8718 86.3290
91.8721 86.1399
91.8730 86.4630
91.8731 86.4873
91.8738 86.1648
91.8740 86.5186
91.8742 86.2919
91.8743 86.2182
91.8744 86.3328
91.8746 86.5563
91.8746 86.5696
91.8752 86.3477
91.8754 86.5243
91.8756 86.2297
91.8763 86.5719
91.8768 86.1955
91.8774 86.3985
91.8777 86.3574
91.8786 86.2207
91.8787 86.5215
91.8789 86.5478
91.8791 86.3961
91.8798 86.2493
91.8803 86.5542
91.8804 86.2703
91.8807 86.3758
91.8812 86.1716
91.8815 86.4893
91.8818 86.3290
91.8820 86.4869
91.8821 86.1881
91.8821 86.2319
91.8822 86.2208
91.8828 86.1951
91.8833 86.5582
91.8836 86.2609
91.8838 86.5275
91.8838 86.5277
91.8839 86.4953
91.8839 86.5653
91.8840 86.2645
91.8840 86.6208
91.8844 86.2207
91.8849 86.2467
91.8850 86.2173
91.8850 86.2542
91.8850 86.5621
91.8853 86.0707
91.8854 86.2082
91.8860 86.1896
91.8863 86.4687
91.8866 86.2938
91.8890 86.3053
91.8892 86.2905
91.8893 86.3836
91.8911 86.4412
91.8911 86.5729
91.8914 86.1987
91.8914 86.2883
91.8915 86.2230
91.8919 86.2995
91.8921 86.4737
91.8923 86.2495
91.8924 86.2977
91.8926 86.3373
91.8928 86.1916
91.8933 86.2447
91.8934 86.2800
91.8936 86.1111
91.8939 86.2815
91.8939 86.2834
91.8947 86.2206
91.8947 86.2360
91.8953 86.2802
91.8960 86.2187
91.8960 86.2439
91.8962 86.3343
91.8967 86.1610
91.8969 86.5912
91.8971 86.2943
91.8972 86.1748
91.8974 86.3758
91.8976 86.3062
91.8979 86.2981
91.8988 86.2887
91.8988 86.4839
91.8990 86.3073
91.8993 86.2780
91.8995 86.5389
91.8996 86.2948
91.9000 86.2345
91.9001 86.5809
91.9005 86.5866
91.9009 86.3292
91.9010 86.1794
91.9016 86.2085
91.9016 86.2327
91.9017 86.4730
91.9022 86.1833
91.9027 86.1920
91.9027 86.2171
91.9028 86.3247
91.9033 86.2885
91.9034 86.3069
91.9036 86.3641
91.9038 86.3393
91.9039 86.2120
91.9040 86.1895
91.9041 86.4722
91.9049 86.2448
91.9049 86.2485
91.9050 86.2745
91.9054 86.3012
91.9060 86.5453
91.9070 86.3713
91.9072 86.2622
91.9073 86.4937
91.9074 86.3435
91.9076 86.1652
91.9081 86.5435
91.9089 86.2281
91.9089 86.2593
91.9091 86.3425
91.9097 86.2467
91.9099 86.2292
91.9101 86.2973
91.9102 86.3129
91.9103 86.1618
91.9103 86.2384
91.9104 86.4665
91.9107 86.2313
91.9108 86.5289
91.9112 86.1940
91.9117 86.6101
91.9118 86.3062
91.9120 86.2039
91.9120 86.2084
91.9121 86.2473
91.9125 86.2170
91.9126 86.2878
91.9127 86.3615
91.9138 86.1547
91.9142 86.3741
91.9145 86.4122
91.9151 86.3482
91.9151 86.5355
91.9158 86.2718
91.9159 86.2299
91.9159 86.3284
91.9162 86.2114
91.9163 86.2874
91.9166 86.4000
91.9168 86.2680
91.9168 86.3467
91.9169 86.3575
91.9170 86.3058
91.9175 86.2669
91.9175 86.2769
91.9179 86.3292
91.9180 86.2648
91.9180 86.6210
91.9185 86.2182
91.9188 86.4402
91.9189 86.2186
91.9191 86.2520
91.9192 86.1178
91.9200 86.2287
91.9205 86.5018
91.9206 86.2671
91.9209 86.0947
91.9209 86.3518
91.9210 86.3796
91.9210 86.4383
91.9210 86.4938
91.9211 86.6118
91.9212 86.2768
91.9213 86.2485
91.9214 86.3312
91.9214 86.3329
91.9215 86.4680
91.9219 86.2749
91.9220 86.5443
91.9225 86.2467
91.9227 86.2413
91.9227 86.3921
91.9230 86.3837
91.9238 86.5237
91.9240 86.1481
91.9240 86.3832
91.9243 86.3152
91.9249 86.2578
91.9253 86.2704
91.9253 86.2719
91.9255 86.1088
91.9256 86.1794
91.9256 86.2604
91.9256 86.3216
91.9258 86.1940
91.9259 86.2955
91.9266 86.3091
91.9267 86.2743
91.9268 86.2654
91.9270 86.1720
91.9271 86.3582
91.9272 86.5031
91.9274 86.5291
91.9276 86.3909
91.9277 86.3663
91.9278 86.6812
91.9279 86.2812
91.9284 86.6225
91.9286 86.2847
91.9289 86.5258
91.9293 86.2396
91.9293 86.2555
91.9295 86.4478
91.9296 86.4906
91.9298 86.3393
91.9299 86.2513
91.9299 86.2533
91.9301 86.2249
91.9301 86.5043
91.9302 86.5449
91.9303 86.2738
91.9309 86.3012
91.9314 86.3140
91.9315 86.4806
91.9316 86.3087
91.9318 86.3248
91.9328 86.5141
91.9332 86.2542
91.9333 86.1764
91.9333 86.2281
91.9337 86.5342
91.9338 86.1818
91.9343 86.2352
91.9345 86.2791
91.9350 86.5442
91.9353 86.3697
91.9354 86.2871
91.9356 86.5894
91.9359 86.2661
91.9359 86.4577
91.9363 86.5676
91.9364 86.2989
91.9366 86.4119
91.9366 86.5148
91.9370 86.4626
91.9372 86.2716
91.9376 86.2802
91.9380 86.4914
91.9381 86.1842
91.9381 86.5758
91.9384 86.3336
91.9384 86.5936
91.9389 86.1552
91.9389 86.2697
91.9389 86.5975
91.9396 86.2793
91.9396 86.4795
91.9399 86.1975
91.9401 86.4027
91.9402 86.2610
91.9403 86.2379
91.9409 86.2673
91.9410 86.5768
91.9415 86.3753
91.9420 86.2313
91.9424 86.5834
91.9427 86.1942
91.9427 86.2347
91.9428 86.5835
91.9430 86.4466
91.9439 86.3956
91.9442 86.4929
91.9448 86.2483
91.9448 86.2696
91.9458 86.5339
91.9464 86.2597
91.9466 86.1305
91.9468 86.2747
91.9473 86.1865
91.9474 86.2457
91.9475 86.2495
91.9478 86.2828
91.9478 86.3839
91.9480 86.2882
91.9492 86.3234
91.9500 86.1826
91.9500 86.2329
91.9502 86.4342
91.9503 86.5296
91.9504 86.5347
91.9506 86.2645
91.9509 86.3975
91.9510 86.3294
91.9513 86.5261
91.9517 86.2100
91.9519 86.2008
91.9527 86.1981
91.9527 86.2704
91.9530 86.2541
91.9531 86.4780
91.9538 86.2027
91.9538 86.2068
91.9539 86.2415
91.9539 86.3363
91.9542 86.1521
91.9543 86.2189
91.9545 86.2150
91.9546 86.6027
91.9550 86.2285
91.9555 86.2393
91.9558 86.2683
91.9562 86.5680
91.9566 86.5072
91.9568 86.3385
91.9571 86.2473
91.9571 86.2541
91.9576 86.5049
91.9579 86.5509
91.9580 86.2447
91.9583 86.1778
91.9583 86.3051
91.9585 86.0946
91.9595 86.2779
91.9596 86.2530
91.9600 86.4614
91.9605 86.2779
91.9605 86.3016
91.9608 86.2826
91.9609 86.2871
91.9610 86.5375
91.9615 86.1971
91.9618 86.2060
91.9618 86.3951
91.9627 86.5930
91.9630 86.2467
91.9635 86.2236
91.9636 86.3948
91.9637 86.1910
91.9638 86.6920
91.9640 86.3000
91.9640 86.4888
91.9654 86.4609
91.9656 86.1878
91.9661 86.2981
91.9663 86.1015
91.9667 86.1768
91.9667 86.2283
91.9668 86.4709
91.9670 86.4832
91.9671 86.2096
91.9674 86.4942
91.9684 86.2332
91.9684 86.2954
91.9685 86.3753
91.9687 86.5524
91.9690 86.2772
91.9697 86.2600
91.9700 86.2397
91.9701 86.4675
91.9701 86.5172
91.9702 86.2227
91.9702 86.3235
91.9703 86.6280
91.9707 86.5901
91.9710 86.1841
91.9711 86.4779
91.9712 86.2381
91.9713 86.2277
91.9715 86.2971
91.9715 86.5465
91.9717 86.3384
91.9719 86.3428
91.9719 86.4475
91.9732 86.2515
91.9733 86.4335
91.9735 86.2373
91.9738 86.6432
91.9743 86.1487
91.9743 86.3434
91.9743 86.5268
91.9746 86.3607
91.9747 86.5045
91.9749 86.5845
91.9752 86.5386
91.9752 86.5502
91.9753 86.2047
91.9753 86.4722
91.9755 86.5892
91.9766 86.1509
91.9766 86.1624
91.9779 86.4356
91.9787 86.4529
91.9787 86.4604
91.9789 86.5472
91.9790 86.2909
91.9790 86.5359
91.9791 86.5297
91.9795 86.4544
91.9795 86.4679
91.9798 86.4998
91.9799 86.6034
91.9804 86.2888
91.9807 86.5537
91.9807 86.6066
91.9808 86.2596
91.9809 86.3788
91.9816 86.2467
91.9817 86.5198
91.9818 86.5459
91.9820 86.2963
91.9820 86.5666
91.9821 86.4523
91.9822 86.5397
91.9824 86.2957
91.9825 86.3960
91.9827 86.2887
91.9830 86.2499
91.9831 86.2517
91.9831 86.4848
91.9835 86.4731
91.9837 86.4197
91.9839 86.1655
91.9847 86.5562
91.9849 86.2270
91.9854 86.2787
91.9855 86.2638
91.9859 86.2448
91.9864 86.3109
91.9865 86.3913
91.9866 86.5913
91.9875 86.1934
91.9876 86.5310
91.9877 86.4835
91.9881 86.2447
91.9882 86.2982
91.9887 86.2672
91.9887 86.5117
91.9892 86.4589
91.9899 86.2804
91.9901 86.3042
91.9904 86.5065
91.9909 86.5172
91.9913 86.4975
91.9917 86.5724
91.9918 86.4841
91.9918 86.5104
91.9920 86.4067
91.9922 86.4990
91.9924 86.1233
91.9925 86.4239
91.9928 86.4129
91.9928 86.4962
91.9932 86.5136
91.9932 86.5574
91.9933 86.4170
91.9948 86.2448
91.9950 86.1898
91.9950 86.4758
91.9951 86.2840
91.9962 86.4118
91.9968 86.2062
91.9980 86.5631
91.9986 86.4334
91.9988 86.1960
91.9999 86.1470
92.0000 86.1125
92.0004 86.1761
92.0010 86.5628
92.0015 86.2748
92.0017 86.6037
92.0018 86.3681
92.0018 86.5411
92.0023 86.5134
92.0024 86.4641
92.0025 86.4554
92.0035 86.5138
92.0041 86.4486
92.0042 86.3308
92.0050 86.5258
92.0052 86.2220
92.0052 86.2568
92.0060 86.2376
92.0066 86.6544
92.0082 86.2669
92.0086 86.4906
92.0088 86.3104
92.0089 86.4909
92.0090 86.3369
92.0095 86.4986
92.0096 86.6016
92.0108 86.1432
92.0108 86.3234
92.0110 86.2760
92.0113 86.4223
92.0135 86.1342
92.0135 86.5624
92.0139 86.4563
92.0142 86.2685
92.0144 86.4498
92.0146 86.4652
92.0148 86.2371
92.0153 86.4460
92.0161 86.4805
92.0161 86.5184
92.0162 86.5351
92.0192 86.6165
92.0198 86.5109
92.0207 86.1902
92.0212 86.2116
92.0222 86.4658
92.0229 86.5337
92.0232 86.5727
92.0233 86.5624
92.0255 86.3081
92.0258 86.4431
92.0266 86.3777
92.0273 86.4508
92.0278 86.3898
92.0280 86.4958
92.0286 86.5098
92.0288 86.5108
92.0288 86.5679
92.0291 86.5434
92.0300 86.3824
92.0303 86.4035
92.0312 86.6243
92.0315 86.5554
92.0316 86.5346
92.0319 86.4561
92.0325 86.1967
92.0329 86.4614
92.0333 86.3963
92.0334 86.3438
92.0338 86.4015
92.0346 86.4861
92.0348 86.4666
92.0353 86.4958
92.0356 86.4892
92.0358 86.5316
92.0369 86.4924
92.0371 86.2705
92.0373 86.5077
92.0380 86.6297
92.0384 86.4198
92.0387 86.5253
92.0395 86.5173
92.0397 86.5938
92.0401 86.3006
92.0401 86.4750
92.0407 86.4829
92.0412 86.4996
92.0417 86.2758
92.0430 86.3070
92.0435 86.5207
92.0446 86.4558
92.0450 86.4400
92.0451 86.4938
92.0458 86.5231
92.0468 86.4008
92.0471 86.3276
92.0474 86.5150
92.0478 86.5089
92.0478 86.5248
92.0478 86.5532
92.0485 86.6681
92.0496 86.3905
92.0499 86.5012
92.0522 86.2297
92.0535 86.5806
92.0536 86.4952
92.0540 86.5409
92.0548 86.3767
92.0553 86.4915
92.0561 86.4360
92.0563 86.4745
92.0570 86.4188
92.0581 86.5123
92.0581 86.5262
92.0582 86.5794
92.0583 86.1401
92.0585 86.3664
92.0606 86.5658
92.0608 86.5601
92.0612 86.5132
92.0619 86.5079
92.0625 86.4323
92.0629 86.4132
92.0631 86.5043
92.0634 86.4710
92.0637 86.6045
92.0656 86.4994
92.0662 86.5375
92.0665 86.5636
92.0673 86.3014
92.0680 86.4416
92.0682 86.5744
92.0691 86.5356
92.0700 86.4879
92.0712 86.3956
92.0734 86.5267
92.0742 86.5791
92.0755 86.2097
92.0755 86.4461
92.0759 86.2306
92.0764 86.4081
92.0764 86.4568
92.0769 86.5484
92.0780 86.3944
92.0788 86.2553
92.0794 86.2941
92.0798 86.3973
92.0813 86.5138
92.0842 86.3867
92.0843 86.2548
92.0849 86.3327
92.0850 86.4726
92.0866 86.5640
92.0867 86.1876
92.0878 86.4373
92.0885 86.5799
92.0927 86.5932
92.0940 86.5073
92.0973 86.4346
92.1003 86.4510
92.1013 86.5200
92.1014 86.5044
92.1090 86.5048
92.1094 86.2175
92.1137 86.4244
92.1171 86.3892
92.1189 86.1467
92.1209 86.5091
92.1246 86.4313
92.1262 86.5062
92.1275 86.2371
92.1327 86.4813
92.1348 86.5186
92.1352 86.2721
92.1370 86.5218
92.1388 86.5796
92.1564 86.3324
92.1581 86.2059
92.1707 86.5172
