53.0946 170.4658
53.1083 170.4198
53.1101 170.5068
53.1108 170.4268
53.1115 170.5058
53.1151 170.4090
53.1165 170.3938
53.1183 170.3672
53.1197 170.4640
53.1207 170.3616
53.1227 170.4347
53.1241 170.3934
53.1278 170.4487
53.1296 170.5059
53.1317 170.4310
53.1324 170.4684
53.1326 170.3979
53.1340 170.5302
53.1345 170.3519
53.1362 170.3932
53.1363 170.3069
53.1377 170.4844
53.1406 170.5785
53.1409 170.3575
53.1409 170.4767
53.1411 170.5069
53.1420 170.6332
53.1443 170.5381
53.1444 170.4752
53.1447 170.4562
53.1457 170.3741
53.1458 170.5254
53.1459 170.2504
53.1462 170.2049
53.1467 170.4707
53.1473 170.5266
53.1477 170.3523
53.1480 170.3237
53.1484 170.4148
53.1486 170.3696
53.1490 170.4274
53.1507 170.4351
53.1508 170.4153
53.1512 170.4684
53.1514 170.4170
53.1515 170.4498
53.1516 170.3563
53.1519 170.1947
53.1531 170.4885
53.1533 170.4615
53.1540 170.4243
53.1543 170.2589
53.1543 170.5403
53.1545 170.4439
53.1557 170.2595
53.1561 170.3845
53.1564 170.4276
53.1568 170.4456
53.1568 170.4521
53.1573 170.4642
53.1576 170.3824
53.1576 170.3998
53.1576 170.4684
53.1578 170.1708
53.1582 170.4312
53.1582 170.4854
53.1587 170.4846
53.1589 170.2998
53.1590 170.3904
53.1590 170.5129
53.1597 170.2924
53.1611 170.4613
53.1612 170.2403
53.1612 170.4505
53.1620 170.2603
53.1620 170.5156
53.1622 170.3451
53.1622 170.3952
53.1624 170.4642
53.1629 170.3955
53.1634 170.4868
53.1641 170.4568
53.1644 170.5112
53.1645 170.4024
53.1649 170.3459
53.1654 170.3996
53.1654 170.4511
53.1670 170.2758
53.1671 170.3951
53.1676 170.4390
53.1687 170.4798
53.1705 170.4498
53.1706 170.3110
53.1707 170.4498
53.1715 170.2316
53.1716 170.4237
53.1717 170.4928
53.1718 170.4692
53.1720 170.3911
53.1725 170.4494
53.1732 170.4391
53.1735 170.4054
53.1736 170.3850
53.1739 170.4391
53.1740 170.4453
53.1743 170.4075
53.1746 170.2665
53.1747 170.4523
53.1748 170.3163
53.1748 170.4447
53.1749 170.4943
53.1750 170.3795
53.1750 170.4430
53.1751 170.2355
53.1753 170.4373
53.1758 170.4693
53.1762 170.2551
53.1763 170.2506
53.1763 170.4107
53.1763 170.4397
53.1763 170.4879
53.1769 170.4067
53.1775 170.4470
53.1779 170.2336
53.1782 170.4445
53.1784 170.3875
53.1786 170.2557
53.1794 170.4106
53.1798 170.4391
53.1798 170.4562
53.1803 170.3969
53.1807 170.2230
53.1811 170.4497
53.1812 170.3208
53.1814 170.3689
53.1816 170.4818
53.1823 170.4731
53.1825 170.4630
53.1828 170.2909
53.1829 170.4228
53.1832 170.4223
53.1835 170.4101
53.1835 170.4208
53.1838 170.3558
53.1846 170.1939
53.1846 170.3569
53.1847 170.2222
53.1848 170.4282
53.1849 170.4517
53.1853 170.3685
53.1858 170.2845
53.1860 170.3222
53.1867 170.4409
53.1870 170.5837
53.1875 170.5560
53.1880 170.2067
53.1881 170.4002
53.1883 170.2525
53.1890 170.3047
53.1890 170.4087
53.1891 170.4584
53.1892 170.4298
53.1896 170.4124
53.1896 170.5541
53.1898 170.1949
53.1898 170.6195
53.1903 170.3938
53.1903 170.4897
53.1905 170.3806
53.1910 170.4125
53.1910 170.4144
53.1911 170.4755
53.1914 170.4068
53.1916 170.4790
53.1917 170.4395
53.1920 170.1999
53.1926 170.6523
53.1933 170.4211
53.1938 170.4548
53.1939 170.4336
53.1940 170.4712
53.1945 170.2680
53.1946 170.3904
53.1947 170.4481
53.1950 170.4470
53.1956 170.4691
53.1959 170.3294
53.1960 170.1935
53.1965 170.4426
53.1966 170.4182
53.1969 170.4388
53.1974 170.3013
53.1980 170.3972
53.1981 170.4109
53.1981 170.4698
53.1990 170.4045
53.1991 170.4367
53.1991 170.5117
53.1992 170.5000
53.1997 170.5050
53.1998 170.4144
53.2001 170.4451
53.2006 170.4303
53.2012 170.5354
53.2013 170.2776
53.2014 170.1624
53.2016 170.3311
53.2017 170.4857
53.2025 170.3858
53.2025 170.3914
53.2025 170.4840
53.2027 170.4199
53.2032 170.4100
53.2035 170.3301
53.2039 170.4433
53.2040 170.3017
53.2046 170.5632
53.2048 170.3875
53.2049 170.4181
53.2051 170.2178
53.2054 170.4178
53.2056 170.4517
53.2059 170.3528
53.2059 170.4105
53.2061 170.4436
53.2063 170.2454
53.2070 170.4381
53.2074 170.2889
53.2077 170.4167
53.2078 170.1359
53.2079 170.4411
53.2082 170.4702
53.2085 170.3723
53.2087 170.4862
53.2091 170.5159
53.2093 170.5041
53.2101 170.2547
53.2101 170.4131
53.2101 170.4501
53.2101 170.4663
53.2101 170.5479
53.2103 170.2968
53.2103 170.4265
53.2115 170.3222
53.2121 170.2174
53.2124 170.2593
53.2132 170.2481
53.2133 170.4736
53.2134 170.1471
53.2138 170.3084
53.2141 170.4149
53.2145 170.3782
53.2146 170.3396
53.2146 170.4225
53.2147 170.3107
53.2147 170.3180
53.2148 170.3660
53.2150 170.3605
53.2150 170.4525
53.2152 170.2654
53.2153 170.4119
53.2154 170.4559
53.2155 170.3108
53.2155 170.4382
53.2160 170.3831
53.2162 170.2364
53.2163 170.1917
53.2163 170.3161
53.2169 170.2068
53.2171 170.5520
53.2174 170.2320
53.2175 170.1057
53.2182 170.4038
53.2185 170.4752
53.2187 170.1790
53.2191 170.4307
53.2193 170.1931
53.2193 170.4239
53.2197 170.3523
53.2199 170.4244
53.2204 170.2455
53.2208 170.2653
53.2208 170.4065
53.2211 170.2127
53.2211 170.4524
53.2213 170.4612
53.2215 170.4068
53.2220 170.4307
53.2220 170.4972
53.2227 170.4960
53.2232 170.4600
53.2236 170.2769
53.2237 170.2744
53.2241 170.5277
53.2242 170.4471
53.2243 170.4151
53.2245 170.3741
53.2245 170.4400
53.2249 170.4967
53.2249 170.4971
53.2254 170.1397
53.2256 170.2227
53.2256 170.2486
53.2257 170.4748
53.2258 170.3243
53.2259 170.1558
53.2264 170.3452
53.2266 170.5253
53.2267 170.5217
53.2274 170.1538
53.2275 170.5408
53.2281 170.4503
53.2285 170.1735
53.2286 170.2686
53.2288 170.4003
53.2290 170.3270
53.2292 170.2104
53.2292 170.2415
53.2297 170.2276
53.2301 170.3265
53.2303 170.4945
53.2309 170.2374
53.2310 170.4615
53.2311 170.3589
53.2315 170.3146
53.2315 170.4029
53.2317 170.2540
53.2317 170.3782
53.2318 170.4662
53.2321 170.4639
53.2323 170.2390
53.2325 170.3805
53.2328 170.3710
53.2328 170.4127
53.2329 170.3237
53.2332 170.3990
53.2332 170.4031
53.2336 170.4342
53.2339 170.1343
53.2339 170.2067
53.2340 170.5667
53.2341 170.2297
53.2342 170.1869
53.2347 170.3121
53.2348 170.4348
53.2350 170.2214
53.2350 170.4288
53.2357 170.3297
53.2361 170.1537
53.2365 170.2359
53.2370 170.5233
53.2374 170.3870
53.2375 170.3925
53.2376 170.2871
53.2377 170.4220
53.2377 170.4683
53.2386 170.2670
53.2389 170.4397
53.2390 170.4438
53.2408 170.4054
53.2411 170.3791
53.2415 170.3939
53.2416 170.4008
53.2418 170.4278
53.2420 170.2444
53.2421 170.3457
53.2422 170.1549
53.2426 170.2198
53.2428 170.3323
53.2428 170.3840
53.2431 170.5561
53.2432 170.2518
53.2435 170.4434
53.2441 170.2038
53.2443 170.1281
53.2445 170.4404
53.2448 170.2370
53.2449 170.4265
53.2449 170.4523
53.2453 170.1805
53.2454 170.2774
53.2459 170.1825
53.2459 170.2394
53.2464 170.1410
53.2470 170.4227
53.2477 170.4994
53.2481 170.3132
53.2485 170.1692
53.2486 170.1898
53.2486 170.2185
53.2486 170.4405
53.2487 170.1370
53.2492 170.1774
53.2492 170.4636
53.2493 170.4723
53.2494 170.2442
53.2501 170.4954
53.2504 170.3438
53.2507 170.4160
53.2508 170.3353
53.2517 170.2992
53.2518 170.2517
53.2518 170.4274
53.2522 170.4373
53.2522 170.4751
53.2523 170.0899
53.2524 170.4092
53.2528 170.3490
53.2529 170.4442
53.2532 170.2845
53.2534 170.4225
53.2537 170.2342
53.2550 170.2558
53.2550 170.2569
53.2551 170.1001
53.2554 170.3277
53.2556 170.3617
53.2559 170.2092
53.2565 170.2179
53.2566 170.5096
53.2568 170.3437
53.2568 170.3585
53.2570 170.5057
53.2572 170.4144
53.2582 170.3570
53.2584 170.2901
53.2585 170.5655
53.2592 170.3478
53.2593 170.2431
53.2596 170.5157
53.2598 170.4299
53.2598 170.4432
53.2605 170.1519
53.2608 170.1603
53.2608 170.4035
53.2611 170.1160
53.2611 170.1839
53.2612 170.3360
53.2614 170.4170
53.2624 170.3361
53.2628 170.4458
53.2629 170.3122
53.2637 170.2514
53.2637 170.3876
53.2639 170.4303
53.2643 170.2153
53.2643 170.2242
53.2646 170.4728
53.2650 170.3300
53.2654 170.4725
53.2656 170.2874
53.2663 170.2666
53.2665 170.2170
53.2673 170.3948
53.2674 170.2635
53.2678 170.3978
53.2678 170.4002
53.2678 170.4117
53.2686 170.1996
53.2698 170.1989
53.2699 170.1684
53.2711 170.3750
53.2721 170.2565
53.2722 170.1089
53.2725 170.1942
53.2730 170.3692
53.2735 170.4389
53.2736 170.1298
53.2736 170.3348
53.2740 170.3028
53.2743 170.3255
53.2748 170.3557
53.2758 170.4573
53.2763 170.3334
53.2764 170.1361
53.2767 170.1870
53.2767 170.2312
53.2767 170.2479
53.2768 170.1228
53.2777 170.1192
53.2781 170.1649
53.2790 170.1603
53.2815 170.3625
53.2816 170.2133
53.2817 170.1685
53.2817 170.1980
53.2833 170.1821
53.2840 170.1899
53.2844 170.2929
53.2845 170.1687
53.2846 170.4039
53.2855 170.4520
53.2866 170.2247
53.2870 170.3518
53.2876 170.3234
53.2877 170.4553
53.2891 170.4350
53.2898 170.4723
53.2910 170.4605
53.2911 170.2249
53.2916 170.3354
53.2918 170.4463
53.2920 170.2463
53.2926 170.3837
53.2928 170.1435
53.2929 170.1476
53.2938 170.5027
53.2945 170.2401
53.2949 170.3818
53.2959 170.1960
53.2963 170.3027
53.2965 170.4400
53.2973 170.2052
53.2977 170.1922
53.2980 170.4869
53.2993 170.1202
53.3012 170.7135
53.3030 170.4405
53.3032 170.1917
53.3033 170.0727
53.3045 170.1287
53.3049 170.3985
53.3057 170.2285
53.3057 170.3862
53.3058 170.1839
53.3063 170.4224
53.3064 170.4755
53.3069 170.6517
53.3074 170.3255
53.3076 170.4163
53.3083 170.3335
53.3090 170.4426
53.3097 170.3925
53.3103 170.1699
53.3104 170.4042
53.3108 170.2420
53.3108 170.5334
53.3128 170.1842
53.3141 170.3750
53.3144 170.2423
53.3146 170.3151
53.3148 170.3883
53.3154 170.4033
53.3159 170.2748
53.3160 170.4303
53.3171 170.1379
53.3171 170.3963
53.3172 170.1219
53.3176 170.2754
53.3177 170.3813
53.3183 170.2747
53.3193 170.4052
53.3201 170.3755
53.3202 170.3717
53.3202 170.4241
53.3212 170.3329
53.3212 170.4830
53.3215 170.2849
53.3220 170.3681
53.3221 170.4895
53.3252 170.2992
53.3253 170.3080
53.3259 170.2884
53.3276 170.6560
53.3277 170.4008
53.3280 170.3445
53.3281 170.1711
53.3291 170.3318
53.3296 170.3244
53.3300 170.2514
53.3302 170.4387
53.3306 170.3327
53.3317 170.4188
53.3320 170.2573
53.3337 170.4832
53.3351 170.4410
53.3353 170.5203
53.3355 170.3955
53.3357 170.3706
53.3361 170.3540
53.3385 170.4377
53.3392 170.3982
53.3413 170.1738
53.3426 170.3049
53.3430 170.3602
53.3431 170.4395
53.3452 170.5694
53.3466 170.1099
53.3471 170.4398
53.3473 170.5287
53.3479 170.2264
53.3488 170.5451
53.3493 170.5099
53.3500 170.3301
53.3504 170.2131
53.3509 170.3231
53.3517 170.5053
53.3533 170.3492
53.3534 170.2589
53.3547 170.4596
53.3549 170.3560
53.3553 170.3349
53.3571 170.5297
53.3599 170.4375
53.3605 170.4928
53.3607 170.4924
53.3627 170.1750
53.3645 170.5387
53.3667 170.5443
53.3667 170.5958
53.3668 170.2603
53.3679 170.3436
53.3680 170.3301
53.3685 170.5610
53.3689 170.1453
53.3694 170.4415
53.3717 170.5204
53.3718 170.5156
53.3741 170.4799
53.3751 170.5046
53.3762 170.4817
53.3768 170.4678
53.3772 170.5096
53.3774 170.1879
53.3800 170.4165
53.3810 170.5649
53.3817 170.5099
53.3822 170.5125
53.3829 170.4991
53.3829 170.5441
53.3838 170.5230
53.3849 170.4669
53.3850 170.2365
53.3851 170.5734
53.3853 170.3251
53.3863 170.4347
53.3897 170.4446
53.3912 170.4840
53.3920 170.2401
53.3921 170.5576
53.3922 170.4941
53.3924 170.5580
53.3926 170.5285
53.3927 170.5228
53.3934 170.5344
53.3939 170.5565
53.3949 170.4620
53.3952 170.5238
53.3960 170.3080
53.3960 170.4856
53.3968 170.5190
53.3970 170.4540
53.3991 170.5631
53.4007 170.5360
53.4008 170.5572
53.4034 170.5120
53.4038 170.4863
53.4052 170.5235
53.4055 170.4591
53.4061 170.5933
53.4063 170.2370
53.4065 170.4992
53.4066 170.5421
53.4066 170.6256
53.4074 170.5163
53.4076 170.5067
53.4086 170.5183
53.4087 170.5930
53.4101 170.4649
53.4113 170.5072
53.4113 170.5368
53.4113 170.5376
53.4118 170.5146
53.4123 170.2418
53.4123 170.5302
53.4133 170.5443
53.4134 170.5563
53.4138 170.4052
53.4143 170.5584
53.4146 170.6121
53.4151 170.5487
53.4177 170.0816
53.4184 170.5374
53.4186 170.5292
53.4193 170.6726
53.4195 170.5612
53.4196 170.4682
53.4197 170.5126
53.4205 170.4860
53.4207 170.5270
53.4212 170.3790
53.4213 170.5643
53.4214 170.2935
53.4219 170.4425
53.4221 170.5318
53.4228 170.5068
53.4238 170.5437
53.4244 170.5420
53.4256 170.5924
53.4263 170.4871
53.4265 170.5141
53.4266 170.4954
53.4278 170.4999
53.4281 170.1613
53.4282 170.2663
53.4282 170.4957
53.4282 170.5188
53.4284 170.1719
53.4289 170.4976
53.4298 170.5648
53.4302 170.5394
53.4307 170.5244
53.4310 170.4712
53.4315 170.4500
53.4316 170.2609
53.4317 170.2119
53.4335 170.4740
53.4335 170.5014
53.4337 170.4941
53.4337 170.5122
53.4339 170.5020
53.4341 170.2498
53.4341 170.4714
53.4341 170.5142
53.4347 170.4095
53.4354 170.1651
53.4357 170.4381
53.4359 170.4735
53.4359 170.5096
53.4362 170.1682
53.4362 170.5922
53.4364 170.4987
53.4367 170.2120
53.4367 170.5150
53.4372 170.5278
53.4374 170.3650
53.4380 170.5419
53.4385 170.4769
53.4386 170.5039
53.4388 170.5249
53.4392 170.5306
53.4393 170.5050
53.4395 170.1887
53.4406 170.1852
53.4406 170.5301
53.4410 170.5639
53.4412 170.4979
53.4417 170.4897
53.4422 170.5370
53.4423 170.5168
53.4428 170.4793
53.4429 170.4714
53.4441 170.3709
53.4447 170.2254
53.4453 170.4768
53.4458 170.4858
53.4459 170.5066
53.4466 170.5378
53.4472 170.5019
53.4483 170.5822
53.4485 170.4777
53.4486 170.5504
53.4490 170.4735
53.4493 170.1834
53.4496 170.4938
53.4498 170.5530
53.4500 170.3727
53.4500 170.4792
53.4502 170.5008
53.4503 170.2503
53.4508 170.5564
53.4513 170.5604
53.4514 170.5027
53.4514 170.5290
53.4517 170.2010
53.4519 170.5060
53.4522 170.3983
53.4523 170.4807
53.4525 170.4646
53.4528 170.4633
53.4535 170.2196
53.4535 170.3583
53.4540 170.2201
53.4540 170.2594
53.4544 170.4936
53.4545 170.4753
53.4554 170.2327
53.4554 170.4615
53.4555 170.2271
53.4555 170.4842
53.4556 170.4891
53.4563 170.5475
53.4571 170.5427
53.4572 170.5279
53.4572 170.6019
53.4573 170.4672
53.4580 170.2610
53.4596 170.4649
53.4597 170.4893
53.4599 170.5441
53.4604 170.5052
53.4604 170.5146
53.4606 170.4873
53.4608 170.4496
53.4613 170.2707
53.4614 170.4958
53.4617 170.4355
53.4619 170.4915
53.4619 170.4999
53.4620 170.4995
53.4620 170.5266
53.4627 170.2448
53.4628 170.2067
53.4635 170.5772
53.4638 170.4750
53.4640 170.2161
53.4642 170.5244
53.4643 170.5365
53.4646 170.0910
53.4647 170.2542
53.4648 170.5158
53.4650 170.5456
53.4657 170.2150
53.4658 170.5538
53.4659 170.5271
53.4662 170.2404
53.4664 170.5262
53.4665 170.4852
53.4666 170.5293
53.4668 170.5245
53.4671 170.4375
53.4675 170.1960
53.4676 170.4958
53.4679 170.5589
53.4682 170.4856
53.4685 170.2678
53.4691 170.3067
53.4697 170.2456
53.4722 170.5204
53.4734 170.4469
53.4735 170.3833
53.4737 170.2362
53.4738 170.4711
53.4742 170.5572
53.4743 170.3224
53.4752 170.2217
53.4757 170.4984
53.4759 170.2484
53.4760 170.4859
53.4765 170.4857
53.4772 170.5473
53.4773 170.2644
53.4773 170.5163
53.4774 170.2684
53.4775 170.2086
53.4777 170.3762
53.4781 170.5720
53.4783 170.5567
53.4784 170.4162
53.4795 170.5657
53.4798 170.2296
53.4809 170.1977
53.4811 170.2091
53.4812 170.5189
53.4815 170.6005
53.4820 170.2597
53.4823 170.1903
53.4825 170.4931
53.4831 170.2552
53.4832 170.5135
53.4835 170.5090
53.4838 170.1966
53.4840 170.2340
53.4840 170.5088
53.4841 170.4759
53.4843 170.2795
53.4844 170.1215
53.4848 170.1940
53.4848 170.4908
53.4849 170.2997
53.4856 170.2074
53.4858 170.1925
53.4859 170.2175
53.4873 170.2682
53.4876 170.2134
53.4881 170.2864
53.4884 170.5357
53.4888 170.2424
53.4890 170.2415
53.4891 170.4579
53.4894 170.4148
53.4897 170.3671
53.4909 170.7569
53.4910 170.2728
53.4912 170.4823
53.4912 170.5015
53.4914 170.1933
53.4915 170.1535
53.4918 170.2495
53.4918 170.4719
53.4923 170.2473
53.4925 170.3030
53.4926 170.2402
53.4926 170.2562
53.4927 170.2016
53.4930 170.1654
53.4932 170.2225
53.4935 170.2088
53.4935 170.5716
53.4941 170.2201
53.4941 170.4806
53.4942 170.2086
53.4945 170.2099
53.4966 170.0987
53.4973 170.1840
53.4976 170.2080
53.4988 170.2348
53.4993 170.2547
53.5000 170.1522
53.5007 170.7554
53.5012 170.2273
53.5021 170.2464
53.5021 170.5434
53.5024 170.2858
53.5027 170.2120
53.5035 170.2292
53.5035 170.2620
53.5042 170.4537
53.5045 170.4945
53.5053 170.5033
53.5060 170.5293
53.5061 170.4206
53.5065 170.2604
53.5071 170.1750
53.5071 170.2188
53.5079 170.5539
53.5082 170.4720
53.5092 170.8154
53.5097 170.1804
53.5097 170.2097
53.5098 170.2396
53.5107 170.5666
53.5110 170.2079
53.5114 170.3956
53.5122 170.1704
53.5125 170.4859
53.5129 170.2316
53.5132 170.1878
53.5133 170.1560
53.5133 170.6052
53.5137 170.1953
53.5139 170.2553
53.5140 170.1140
53.5143 170.5502
53.5145 170.1668
53.5148 170.0672
53.5153 170.2479
53.5155 170.2286
53.5157 170.4939
53.5160 170.4737
53.5166 170.2145
53.5171 170.2577
53.5172 170.2008
53.5174 170.5085
53.5175 170.5005
53.5179 170.1909
53.5183 170.0910
53.5183 170.6713
53.5187 170.2560
53.5195 170.1306
53.5198 170.2325
53.5201 170.4652
53.5208 170.2787
53.5221 170.2118
53.5224 170.1850
53.5229 170.1805
53.5235 170.5107
53.5247 170.1478
53.5268 170.3101
53.5282 170.4363
53.5283 170.1945
53.5300 170.2184
53.5312 170.1817
53.5322 170.1426
53.5328 170.2305
53.5329 170.5560
53.5332 170.1568
53.5335 170.1553
53.5351 170.2375
53.5354 170.2186
53.5357 170.2037
53.5371 170.2069
53.5374 170.1692
53.5381 170.2278
53.5383 170.5302
53.5405 170.1828
53.5406 170.3791
53.5424 170.5014
53.5446 170.2039
53.5447 170.5332
53.5457 170.1943
53.5469 170.1927
53.5470 170.0876
53.5483 170.6825
53.5490 170.5144
53.5493 170.1601
53.5510 170.5627
53.5528 170.1958
53.5533 170.1730
53.5539 170.2576
53.5551 170.1835
53.5565 170.1797
53.5574 170.1783
53.5622 170.2533
53.5624 170.1496
53.5626 170.2110
53.5656 170.1272
53.5656 170.1435
53.5731 170.2016
53.5793 170.1491
53.5794 170.3573
53.5812 170.6147
53.5822 170.2074
53.5865 170.1986
53.5871 170.3061
53.5894 170.1299
53.5916 170.1534
53.5942 170.5424
53.5948 170.2180
53.5998 170.1116
53.6193 170.1171
53.6323 170.1061
53.6403 170.3325
53.6588 170.4301
53.8164 170.2985
