76.6701 41.3945
76.6861 41.4886
76.6905 41.5670
76.7077 41.4958
76.7114 41.4106
76.7122 41.5423
76.7206 41.5645
76.7251 41.5413
76.7300 41.5583
76.7301 41.3612
76.7374 41.3855
76.7400 41.3266
76.7407 41.5338
76.7466 41.4468
76.7489 41.3540
76.7490 41.4033
76.7596 41.4639
76.7599 41.4581
76.7630 41.3777
76.7634 41.3986
76.7668 41.4989
76.7671 41.4467
76.7677 41.3308
76.7677 41.4795
76.7711 41.5780
76.7727 41.2600
76.7729 41.5639
76.7758 41.4964
76.7759 41.3557
76.7773 41.4921
76.7846 41.4323
76.7897 41.5126
76.7910 41.3963
76.7914 41.4818
76.7923 41.4778
76.7954 41.4479
76.7976 41.6377
76.7978 41.4877
76.8019 41.3105
76.8019 41.5038
76.8039 41.5356
76.8041 41.5199
76.8052 41.4589
76.8057 41.5479
76.8064 41.4826
76.8099 41.5429
76.8103 41.5389
76.8120 41.5566
76.8145 41.4957
76.8152 41.6506
76.8173 41.4785
76.8189 41.5743
76.8196 41.5119
76.8200 41.5181
76.8204 41.5298
76.8210 41.2866
76.8211 41.4740
76.8214 41.5123
76.8221 41.5265
76.8226 41.5255
76.8236 41.2869
76.8236 41.4910
76.8244 41.3023
76.8245 41.4519
76.8245 41.4916
76.8248 41.5215
76.8251 41.4658
76.8281 41.5149
76.8285 41.4216
76.8292 41.5420
76.8295 41.5155
76.8299 41.2994
76.8309 41.4546
76.8316 41.5369
76.8328 41.5214
76.8328 41.5348
76.8339 41.4745
76.8342 41.4297
76.8348 41.4908
76.8357 41.5156
76.8362 41.2029
76.8363 41.5122
76.8369 41.4819
76.8371 41.5528
76.8381 41.5065
76.8383 41.5119
76.8389 41.5168
76.8391 41.4837
76.8395 41.5243
76.8397 41.5281
76.8401 41.5397
76.8408 41.5396
76.8409 41.5469
76.8420 41.4439
76.8420 41.5851
76.8423 41.4920
76.8424 41.4811
76.8428 41.5432
76.8430 41.1851
76.8435 41.5667
76.8436 41.5222
76.8439 41.4959
76.8450 41.5458
76.8455 41.5065
76.8465 41.4690
76.8469 41.5319
76.8475 41.5203
76.8477 41.5342
76.8482 41.4544
76.8486 41.2721
76.8492 41.5115
76.8496 41.2323
76.8500 41.5154
76.8504 41.4894
76.8507 41.5082
76.8508 41.5559
76.8512 41.4428
76.8522 41.4627
76.8525 41.4176
76.8525 41.4701
76.8529 41.2010
76.8533 41.4675
76.8542 41.4683
76.8542 41.5171
76.8545 41.1656
76.8553 41.4189
76.8553 41.5273
76.8556 41.3949
76.8588 41.5388
76.8591 41.6238
76.8596 41.5006
76.8598 41.5261
76.8601 41.5602
76.8609 41.2862
76.8610 41.4539
76.8613 41.5326
76.8625 41.5294
76.8625 41.5583
76.8628 41.5043
76.8632 41.4815
76.8633 41.2535
76.8646 41.5026
76.8648 41.2588
76.8652 41.4769
76.8662 41.4613
76.8662 41.5186
76.8667 41.4658
76.8668 41.5105
76.8669 41.5279
76.8670 41.5230
76.8670 41.5273
76.8672 41.4626
76.8672 41.4905
76.8672 41.5622
76.8680 41.4991
76.8681 41.4769
76.8685 41.5478
76.8686 41.4593
76.8686 41.4950
76.8687 41.2849
76.8689 41.3882
76.8692 41.5621
76.8693 41.5145
76.8695 41.2804
76.8697 41.4830
76.8707 41.3933
76.8711 41.4832
76.8711 41.5011
76.8712 41.5266
76.8715 41.5279
76.8715 41.5863
76.8718 41.4743
76.8725 41.4595
76.8726 41.5979
76.8738 41.5275
76.8740 41.5030
76.8741 41.5092
76.8744 41.5048
76.8748 41.2376
76.8752 41.4624
76.8753 41.4492
76.8758 41.4918
76.8762 41.5322
76.8766 41.4499
76.8766 41.4900
76.8769 41.4958
76.8771 41.5382
76.8773 41.4466
76.8777 41.4553
76.8779 41.4628
76.8780 41.5345
76.8783 41.4402
76.8788 41.1589
76.8789 41.2047
76.8792 41.2156
76.8794 41.5093
76.8798 41.4646
76.8799 41.4973
76.8803 41.3655
76.8805 41.2446
76.8806 41.4524
76.8807 41.5067
76.8808 41.4709
76.8809 41.5117
76.8811 41.2304
76.8817 41.4953
76.8821 41.5151
76.8822 41.5176
76.8824 41.5104
76.8828 41.5154
76.8831 41.5754
76.8834 41.2349
76.8834 41.5155
76.8838 41.2115
76.8839 41.2795
76.8839 41.4822
76.8840 41.4531
76.8842 41.4032
76.8848 41.4576
76.8852 41.5207
76.8856 41.4876
76.8860 41.1806
76.8872 41.5082
76.8874 41.5371
76.8882 41.2808
76.8885 41.5176
76.8893 41.2923
76.8893 41.4091
76.8894 41.1978
76.8894 41.2958
76.8896 41.5571
76.8902 41.2569
76.8906 41.3115
76.8907 41.4708
76.8910 41.1892
76.8910 41.5268
76.8911 41.4869
76.8912 41.2330
76.8913 41.4667
76.8914 41.5245
76.8915 41.5415
76.8918 41.2670
76.8918 41.4638
76.8921 41.2398
76.8921 41.4624
76.8923 41.4707
76.8926 41.2498
76.8929 41.1680
76.8930 41.1516
76.8933 41.4687
76.8940 41.1949
76.8940 41.4900
76.8942 41.3582
76.8942 41.5188
76.8943 41.1813
76.8948 41.4904
76.8950 41.4745
76.8950 41.4915
76.8951 41.1399
76.8951 41.2753
76.8951 41.4970
76.8957 41.2336
76.8959 41.5133
76.8959 41.5360
76.8960 41.4499
76.8962 41.3947
76.8962 41.4916
76.8963 41.4869
76.8966 41.4987
76.8968 41.4691
76.8973 41.2554
76.8975 41.4956
76.8978 41.5030
76.8981 41.5005
76.8983 41.2594
76.8987 41.5530
76.8989 41.2572
76.8996 41.2075
76.8996 41.5257
76.9000 41.5183
76.9001 41.4881
76.9002 41.5387
76.9006 41.4650
76.9012 41.4902
76.9012 41.4963
76.9015 41.4684
76.9021 41.3378
76.9022 41.2299
76.9022 41.3279
76.9023 41.4842
76.9024 41.4722
76.9035 41.5159
76.9037 41.4431
76.9038 41.4785
76.9039 41.4827
76.9041 41.4586
76.9044 41.3164
76.9045 41.3217
76.9046 41.2809
76.9047 41.4409
76.9048 41.4626
76.9053 41.3688
76.9057 41.1257
76.9057 41.5131
76.9058 41.3466
76.9064 41.2564
76.9064 41.3130
76.9065 41.2472
76.9065 41.4678
76.9071 41.5236
76.9076 41.2297
76.9080 41.3124
76.9082 41.5465
76.9085 41.2100
76.9087 41.5282
76.9088 41.3485
76.9089 41.3059
76.9092 41.4673
76.9095 41.5200
76.9096 41.2980
76.9097 41.1992
76.9098 41.3726
76.9099 41.4764
76.9106 41.3061
76.9106 41.3712
76.9108 41.5156
76.9110 41.5456
76.9111 41.2139
76.9112 41.4729
76.9113 41.4442
76.9117 41.1958
76.9117 41.4947
76.9118 41.2645
76.9123 41.4931
76.9124 41.2203
76.9126 41.2532
76.9127 41.4973
76.9129 41.4111
76.9132 41.4538
76.9145 41.2242
76.9149 41.2589
76.9155 41.4356
76.9159 41.2261
76.9161 41.4879
76.9163 41.2869
76.9169 41.2318
76.9176 41.1879
76.9176 41.2722
76.9176 41.5781
76.9179 41.1932
76.9179 41.5104
76.9180 41.4904
76.9186 41.2090
76.9188 41.5719
76.9192 41.2284
76.9194 41.1976
76.9201 41.4994
76.9204 41.5205
76.9208 41.4810
76.9209 41.2481
76.9211 41.3239
76.9211 41.5321
76.9212 41.2081
76.9214 41.2786
76.9214 41.2907
76.9215 41.4931
76.9217 41.4774
76.9218 41.2816
76.9219 41.4524
76.9221 41.1495
76.9221 41.1827
76.9225 41.4297
76.9227 41.2905
76.9228 41.4633
76.9230 41.3130
76.9231 41.4469
76.9234 41.2558
76.9238 41.2274
76.9238 41.4638
76.9239 41.2470
76.9239 41.2864
76.9240 41.0980
76.9243 41.2095
76.9244 41.2604
76.9244 41.4826
76.9249 41.5163
76.9254 41.2439
76.9256 41.3051
76.9258 41.4748
76.9261 41.3217
76.9263 41.2250
76.9263 41.2262
76.9263 41.3970
76.9265 41.1598
76.9284 41.3623
76.9285 41.3519
76.9289 41.4685
76.9290 41.3018
76.9294 41.2532
76.9295 41.5310
76.9296 41.1644
76.9304 41.4543
76.9306 41.2052
76.9310 41.4845
76.9315 41.2451
76.9315 41.3127
76.9315 41.5300
76.9318 41.2157
76.9318 41.3171
76.9322 41.2662
76.9325 41.4336
76.9325 41.4402
76.9333 41.3632
76.9334 41.2586
76.9334 41.4590
76.9336 41.1882
76.9343 41.2906
76.9345 41.2527
76.9345 41.3261
76.9346 41.2242
76.9347 41.1933
76.9351 41.4831
76.9352 41.2191
76.9353 41.3066
76.9355 41.2988
76.9357 41.2853
76.9358 41.5499
76.9363 41.2502
76.9364 41.4970
76.9364 41.5167
76.9368 41.4573
76.9369 41.1592
76.9370 41.4888
76.9372 41.2066
76.9372 41.5367
76.9373 41.4913
76.9374 41.5020
76.9378 41.4343
76.9380 41.2331
76.9380 41.3291
76.9382 41.5543
76.9385 41.2422
76.9389 41.3724
76.9390 41.2788
76.9392 41.5364
76.9397 41.2010
76.9398 41.1980
76.9398 41.4736
76.9399 41.2739
76.9400 41.2292
76.9400 41.4750
76.9401 41.2674
76.9403 41.4000
76.9404 41.2825
76.9410 41.2224
76.9410 41.4919
76.9410 41.5193
76.9415 41.2575
76.9415 41.4743
76.9421 41.1708
76.9424 41.4846
76.9428 41.4418
76.9428 41.4730
76.9430 41.5068
76.9431 41.2735
76.9434 41.2590
76.9437 41.2361
76.9438 41.1007
76.9438 41.5548
76.9440 41.2764
76.9444 41.3724
76.9451 41.2061
76.9453 41.3889
76.9455 41.1939
76.9456 41.4561
76.9456 41.5095
76.9457 41.5150
76.9457 41.5661
76.9458 41.2704
76.9459 41.2845
76.9462 41.3511
76.9467 41.1856
76.9469 41.3224
76.9472 41.3134
76.9474 41.2660
76.9475 41.1852
76.9476 41.2307
76.9476 41.3625
76.9478 41.4893
76.9481 41.4661
76.9482 41.2605
76.9485 41.1072
76.9485 41.4478
76.9486 41.3082
76.9487 41.2917
76.9487 41.4436
76.9490 41.4975
76.9492 41.2361
76.9495 41.5014
76.9497 41.3420
76.9500 41.3982
76.9503 41.3379
76.9504 41.4469
76.9506 41.2597
76.9506 41.3198
76.9508 41.2830
76.9509 41.2497
76.9509 41.4434
76.9509 41.5588
76.9511 41.2950
76.9512 41.2812
76.9519 41.2802
76.9523 41.5403
76.9525 41.2846
76.9532 41.5144
76.9534 41.5394
76.9538 41.2396
76.9539 41.4751
76.9539 41.4892
76.9543 41.4926
76.9543 41.5592
76.9544 41.2080
76.9545 41.5507
76.9547 41.5275
76.9549 41.4457
76.9550 41.3128
76.9552 41.1727
76.9562 41.3226
76.9562 41.5188
76.9571 41.2273
76.9571 41.4448
76.9572 41.1229
76.9575 41.4649
76.9577 41.2155
76.9579 41.4062
76.9584 41.2654
76.9589 41.1915
76.9591 41.2379
76.9592 41.3178
76.9596 41.2868
76.9601 41.3140
76.9601 41.3350
76.9601 41.4908
76.9604 41.2042
76.9606 41.2032
76.9614 41.3404
76.9614 41.4230
76.9618 41.2774
76.9626 41.3973
76.9627 41.2824
76.9628 41.2016
76.9633 41.1821
76.9637 41.2647
76.9639 41.0938
76.9641 41.0910
76.9646 41.3901
76.9654 41.1868
76.9656 41.2405
76.9656 41.2568
76.9656 41.6003
76.9658 41.2070
76.9659 41.2450
76.9667 41.2027
76.9667 41.3006
76.9671 41.2677
76.9672 41.2636
76.9680 41.2897
76.9686 41.2590
76.9686 41.5019
76.9695 41.1991
76.9695 41.3002
76.9698 41.4216
76.9701 41.3619
76.9702 41.3335
76.9707 41.2035
76.9721 41.2117
76.9721 41.4758
76.9723 41.2775
76.9727 41.2025
76.9735 41.2193
76.9737 41.3465
76.9738 41.2003
76.9738 41.4812
76.9739 41.1845
76.9741 41.2063
76.9742 41.2724
76.9742 41.2816
76.9755 41.3060
76.9756 41.2291
76.9756 41.2772
76.9761 41.3822
76.9768 41.1842
76.9768 41.2182
76.9771 41.5299
76.9773 41.1923
76.9774 41.2156
76.9776 41.3392
76.9785 41.2762
76.9789 41.4654
76.9790 41.3591
76.9793 41.1927
76.9796 41.1236
76.9799 41.2602
76.9800 41.3878
76.9801 41.2558
76.9803 41.2159
76.9803 41.3166
76.9805 41.4625
76.9806 41.4167
76.9807 41.2982
76.9809 41.2033
76.9810 41.3408
76.9812 41.1809
76.9812 41.4041
76.9813 41.2915
76.9816 41.2919
76.9821 41.3685
76.9821 41.4775
76.9822 41.2645
76.9823 41.1039
76.9823 41.3143
76.9827 41.2439
76.9827 41.5334
76.9828 41.3372
76.9828 41.4726
76.9830 41.2502
76.9832 41.3089
76.9833 41.4750
76.9834 41.5227
76.9835 41.3113
76.9838 41.2070
76.9839 41.1860
76.9847 41.4547
76.9852 41.1477
76.9853 41.2769
76.9859 41.2936
76.9860 41.5195
76.9862 41.1481
76.9866 41.2740
76.9869 41.2970
76.9871 41.2989
76.9872 41.2996
76.9876 41.4772
76.9876 41.4996
76.9878 41.1917
76.9879 41.2372
76.9882 41.2818
76.9888 41.2017
76.9888 41.2590
76.9890 41.2539
76.9892 41.3815
76.9893 41.2807
76.9895 41.3283
76.9897 41.1743
76.9897 41.1812
76.9897 41.3497
76.9898 41.1672
76.9900 41.2057
76.9903 41.4470
76.9904 41.2916
76.9904 41.4834
76.9905 41.4625
76.9906 41.2318
76.9910 41.2397
76.9910 41.2826
76.9911 41.2272
76.9917 41.1033
76.9923 41.1845
76.9925 41.2857
76.9930 41.1692
76.9931 41.4307
76.9932 41.5243
76.9936 41.2956
76.9937 41.4510
76.9945 41.1587
76.9945 41.2043
76.9946 41.1679
76.9947 41.1655
76.9951 41.2366
76.9951 41.2793
76.9956 41.3070
76.9959 41.2889
76.9961 41.1630
76.9961 41.3768
76.9962 41.1937
76.9965 41.2982
76.9968 41.2127
76.9972 41.3226
76.9972 41.5303
76.9973 41.2059
76.9973 41.3627
76.9977 41.4588
76.9980 41.2719
76.9982 41.1987
76.9987 41.3053
76.9989 41.4871
76.9992 41.2027
76.9992 41.3640
76.9995 41.2013
76.9997 41.3202
76.9999 41.2959
77.0008 41.2404
77.0011 41.1749
77.0014 41.1908
77.0016 41.3250
77.0020 41.4605
77.0021 41.4073
77.0023 41.2572
77.0023 41.3473
77.0026 41.4698
77.0028 41.3448
77.0029 41.0671
77.0029 41.4710
77.0030 41.2819
77.0032 41.4100
77.0033 41.5619
77.0034 41.2708
77.0036 41.5241
77.0038 41.2394
77.0047 41.5178
77.0053 41.2887
77.0053 41.5545
77.0057 41.2898
77.0059 41.2716
77.0059 41.4411
77.0061 41.3195
77.0062 41.3923
77.0065 41.3148
77.0069 41.2501
77.0071 41.3910
77.0082 41.4203
77.0083 41.2059
77.0085 41.4466
77.0090 41.2897
77.0091 41.5128
77.0093 41.2679
77.0094 41.3144
77.0095 41.2277
77.0097 41.2025
77.0101 41.1953
77.0101 41.2474
77.0104 41.5309
77.0106 41.1085
77.0106 41.4224
77.0108 41.1867
77.0110 41.2032
77.0111 41.1694
77.0112 41.2444
77.0113 41.4599
77.0115 41.2086
77.0115 41.2725
77.0116 41.1518
77.0118 41.2340
77.0118 41.2636
77.0122 41.1514
77.0125 41.2252
77.0128 41.4349
77.0129 41.2671
77.0133 41.2157
77.0133 41.2541
77.0139 41.1656
77.0140 41.4117
77.0141 41.2798
77.0143 41.5129
77.0147 41.4858
77.0148 41.2393
77.0150 41.3426
77.0154 41.4951
77.0156 41.2302
77.0158 41.2540
77.0158 41.2557
77.0158 41.3519
77.0161 41.2015
77.0164 41.2589
77.0164 41.2948
77.0168 41.5157
77.0170 41.3899
77.0171 41.2765
77.0172 41.2034
77.0179 41.1701
77.0185 41.2633
77.0190 41.2552
77.0195 41.2413
77.0200 41.1782
77.0200 41.2471
77.0207 41.1945
77.0208 41.2219
77.0210 41.2177
77.0211 41.2381
77.0211 41.4208
77.0216 41.2446
77.0219 41.4278
77.0219 41.4678
77.0220 41.6112
77.0236 41.2784
77.0237 41.4818
77.0239 41.2745
77.0241 41.2259
77.0251 41.5316
77.0258 41.2742
77.0265 41.1142
77.0267 41.3187
77.0273 41.4288
77.0278 41.3469
77.0283 41.2992
77.0283 41.3774
77.0284 41.2357
77.0284 41.3166
77.0285 41.1968
77.0290 41.3861
77.0296 41.1953
77.0297 41.3742
77.0300 41.1224
77.0300 41.1467
77.0302 41.3085
77.0304 41.4946
77.0310 41.2128
77.0310 41.5240
77.0311 41.3202
77.0317 41.2719
77.0324 41.5404
77.0325 41.2239
77.0326 41.3240
77.0333 41.4800
77.0338 41.1657
77.0338 41.2136
77.0342 41.1827
77.0345 41.2940
77.0347 41.5325
77.0348 41.3078
77.0348 41.4274
77.0351 41.4351
77.0353 41.1657
77.0353 41.5300
77.0363 41.1957
77.0364 41.2237
77.0365 41.3257
77.0367 41.5176
77.0375 41.2092
77.0375 41.3497
77.0376 41.1488
77.0377 41.4212
77.0380 41.1525
77.0383 41.5747
77.0395 41.3306
77.0399 41.4790
77.0402 41.2221
77.0402 41.2226
77.0408 41.2511
77.0409 41.3099
77.0415 41.2140
77.0417 41.4298
77.0419 41.2613
77.0419 41.3851
77.0421 41.1707
77.0424 41.4715
77.0427 41.3600
77.0428 41.2031
77.0429 41.2688
77.0431 41.2624
77.0433 41.3137
77.0441 41.1286
77.0441 41.2863
77.0443 41.2844
77.0446 41.3703
77.0448 41.3144
77.0455 41.2198
77.0459 41.5051
77.0459 41.5322
77.0460 41.2358
77.0461 41.2313
77.0462 41.1633
77.0463 41.2235
77.0467 41.4453
77.0476 41.3561
77.0484 41.1752
77.0486 41.4334
77.0488 41.2443
77.0502 41.4642
77.0503 41.4316
77.0509 41.4875
77.0509 41.4989
77.0512 41.2295
77.0513 41.3766
77.0516 41.1652
77.0517 41.3352
77.0520 41.2409
77.0521 41.2756
77.0534 41.3020
77.0539 41.2024
77.0542 41.3620
77.0543 41.3170
77.0544 41.3370
77.0545 41.2591
77.0546 41.1314
77.0546 41.4883
77.0550 41.1976
77.0551 41.1877
77.0552 41.4787
77.0555 41.3742
77.0556 41.3124
77.0558 41.4631
77.0560 41.2681
77.0560 41.3755
77.0561 41.2604
77.0563 41.4107
77.0564 41.2812
77.0564 41.4283
77.0571 41.1685
77.0576 41.3792
77.0578 41.1908
77.0581 41.5149
77.0583 41.3198
77.0585 41.5219
77.0589 41.2644
77.0589 41.2707
77.0589 41.3140
77.0593 41.2987
77.0596 41.2703
77.0602 41.1645
77.0611 41.1369
77.0616 41.2873
77.0620 41.4042
77.0621 41.2862
77.0621 41.4288
77.0625 41.2739
77.0627 41.2132
77.0627 41.4340
77.0631 41.2308
77.0632 41.2833
77.0636 41.2942
77.0642 41.1805
77.0654 41.5238
77.0657 41.2214
77.0658 41.3584
77.0664 41.2992
77.0667 41.2791
77.0667 41.4027
77.0670 41.2627
77.0687 41.4318
77.0689 41.2442
77.0717 41.2029
77.0722 41.4955
77.0722 41.5743
77.0727 41.2862
77.0727 41.4127
77.0729 41.2629
77.0729 41.5483
77.0733 41.1839
77.0734 41.0829
77.0734 41.1037
77.0736 41.2554
77.0744 41.2782
77.0749 41.2793
77.0750 41.4437
77.0757 41.3442
77.0769 41.4285
77.0771 41.2923
77.0774 41.4432
77.0776 41.2209
77.0776 41.5411
77.0783 41.2369
77.0785 41.3521
77.0788 41.2109
77.0788 41.3412
77.0791 41.2683
77.0794 41.2975
77.0794 41.4871
77.0797 41.2437
77.0799 41.5657
77.0801 41.3809
77.0805 41.3469
77.0806 41.4724
77.0810 41.4913
77.0814 41.1714
77.0815 41.4530
77.0815 41.5156
77.0823 41.2012
77.0829 41.2821
77.0836 41.4743
77.0837 41.4635
77.0841 41.2736
77.0843 41.5188
77.0847 41.5798
77.0849 41.3058
77.0858 41.4929
77.0867 41.4404
77.0871 41.4515
77.0873 41.4439
77.0880 41.2652
77.0886 41.3133
77.0890 41.3782
77.0894 41.5490
77.0895 41.5384
77.0897 41.3064
77.0898 41.4246
77.0900 41.2849
77.0908 41.2225
77.0909 41.2765
77.0909 41.3339
77.0919 41.5193
77.0926 41.5059
77.0928 41.4069
77.0933 41.4665
77.0934 41.1688
77.0943 41.2464
77.0945 41.5868
77.0950 41.4099
77.0954 41.4616
77.0956 41.2479
77.0965 41.4228
77.0970 41.2293
77.0977 41.4226
77.0989 41.4965
77.0990 41.5802
77.0991 41.5365
77.0991 41.5456
77.0995 41.4625
77.0995 41.5248
77.1008 41.2162
77.1014 41.5231
77.1019 41.3028
77.1020 41.2836
77.1023 41.2404
77.1024 41.2778
77.1028 41.4371
77.1035 41.3999
77.1042 41.3874
77.1043 41.2688
77.1043 41.4801
77.1050 41.2554
77.1055 41.2012
77.1056 41.5862
77.1060 41.5878
77.1061 41.4789
77.1067 41.1540
77.1072 41.2853
77.1073 41.3109
77.1074 41.4188
77.1075 41.2737
77.1077 41.5388
77.1080 41.2985
77.1082 41.4373
77.1092 41.2995
77.1108 41.6033
77.1109 41.4582
77.1112 41.0975
77.1113 41.5395
77.1128 41.3402
77.1128 41.5700
77.1135 41.5085
77.1136 41.5348
77.1136 41.5637
77.1139 41.5890
77.1142 41.4163
77.1145 41.5476
77.1154 41.2741
77.1155 41.4903
77.1174 41.4721
77.1175 41.3822
77.1176 41.5449
77.1179 41.5082
77.1181 41.2229
77.1183 41.1994
77.1186 41.4905
77.1188 41.2489
77.1190 41.5185
77.1193 41.2580
77.1196 41.2372
77.1201 41.5463
77.1201 41.5950
77.1202 41.1814
77.1202 41.2962
77.1202 41.5206
77.1209 41.4834
77.1210 41.2466
77.1212 41.5774
77.1215 41.5382
77.1216 41.6185
77.1217 41.3053
77.1218 41.4937
77.1222 41.4522
77.1225 41.5411
77.1231 41.3318
77.1233 41.5222
77.1234 41.4745
77.1235 41.2581
77.1235 41.4473
77.1237 41.3019
77.1239 41.4654
77.1242 41.3775
77.1243 41.5572
77.1244 41.5316
77.1248 41.4823
77.1249 41.2854
77.1250 41.5485
77.1253 41.5613
77.1254 41.5488
77.1255 41.3898
77.1256 41.2260
77.1257 41.2495
77.1260 41.3225
77.1265 41.6051
77.1266 41.1831
77.1267 41.2343
77.1270 41.3015
77.1273 41.3063
77.1273 41.4655
77.1277 41.2550
77.1281 41.2404
77.1282 41.5360
77.1291 41.5329
77.1291 41.5332
77.1292 41.4119
77.1294 41.2893
77.1295 41.5102
77.1301 41.6043
77.1305 41.4487
77.1310 41.3728
77.1311 41.5629
77.1312 41.3972
77.1313 41.2562
77.1317 41.2029
77.1317 41.3237
77.1318 41.2751
77.1320 41.2631
77.1327 41.2557
77.1327 41.5367
77.1332 41.3465
77.1333 41.3892
77.1333 41.4602
77.1334 41.4666
77.1336 41.3111
77.1337 41.5332
77.1340 41.1907
77.1341 41.1427
77.1343 41.2803
77.1343 41.4150
77.1346 41.2771
77.1353 41.5423
77.1357 41.5796
77.1358 41.4459
77.1360 41.3511
77.1362 41.2073
77.1362 41.6008
77.1363 41.2485
77.1370 41.3348
77.1373 41.5202
77.1383 41.4194
77.1384 41.3219
77.1385 41.3174
77.1387 41.2541
77.1388 41.5242
77.1389 41.4317
77.1391 41.5330
77.1394 41.5451
77.1394 41.5826
77.1395 41.3885
77.1397 41.3781
77.1398 41.5711
77.1402 41.2839
77.1407 41.5257
77.1411 41.2482
77.1413 41.2772
77.1413 41.3015
77.1414 41.1955
77.1422 41.5835
77.1426 41.5507
77.1427 41.3354
77.1430 41.4951
77.1432 41.5375
77.1435 41.6143
77.1439 41.5218
77.1441 41.5321
77.1447 41.6146
77.1451 41.5460
77.1451 41.5605
77.1461 41.5130
77.1463 41.2789
77.1465 41.2848
77.1469 41.5322
77.1475 41.6093
77.1477 41.5018
77.1479 41.1533
77.1480 41.5002
77.1485 41.3949
77.1486 41.2817
77.1487 41.3849
77.1488 41.2824
77.1490 41.4529
77.1492 41.3147
77.1492 41.4817
77.1495 41.1970
77.1495 41.4088
77.1496 41.3624
77.1503 41.5432
77.1504 41.5375
77.1509 41.2788
77.1512 41.2697
77.1513 41.2385
77.1513 41.5554
77.1524 41.2500
77.1525 41.2483
77.1531 41.4763
77.1534 41.2890
77.1535 41.3287
77.1538 41.5736
77.1544 41.5727
77.1545 41.3831
77.1549 41.4442
77.1552 41.1931
77.1554 41.3323
77.1570 41.2984
77.1572 41.2753
77.1576 41.5547
77.1577 41.2524
77.1578 41.3455
77.1580 41.5482
77.1583 41.2341
77.1583 41.4665
77.1587 41.2328
77.1587 41.2950
77.1588 41.4646
77.1589 41.3682
77.1590 41.2949
77.1590 41.5490
77.1591 41.3356
77.1591 41.5479
77.1593 41.4887
77.1596 41.5256
77.1597 41.1292
77.1598 41.2546
77.1600 41.4134
77.1601 41.4225
77.1604 41.5983
77.1605 41.2519
77.1608 41.4663
77.1610 41.5051
77.1611 41.5303
77.1612 41.2224
77.1616 41.5079
77.1617 41.5383
77.1622 41.2789
77.1623 41.5735
77.1624 41.3618
77.1630 41.5152
77.1631 41.1660
77.1633 41.2608
77.1634 41.2980
77.1634 41.3022
77.1635 41.2160
77.1636 41.5597
77.1638 41.1754
77.1643 41.4435
77.1643 41.5437
77.1647 41.5609
77.1649 41.2274
77.1655 41.5976
77.1656 41.2578
77.1658 41.1959
77.1659 41.3104
77.1661 41.2153
77.1662 41.2237
77.1666 41.2895
77.1670 41.2445
77.1670 41.5388
77.1677 41.4583
77.1682 41.3060
77.1682 41.3601
77.1684 41.2774
77.1686 41.2690
77.1689 41.2191
77.1691 41.4893
77.1693 41.2061
77.1694 41.3357
77.1695 41.5534
77.1697 41.5632
77.1702 41.3310
77.1703 41.2164
77.1703 41.2511
77.1708 41.5277
77.1718 41.4106
77.1733 41.1989
77.1735 41.2876
77.1735 41.5147
77.1739 41.5440
77.1744 41.2970
77.1746 41.1076
77.1747 41.4992
77.1751 41.2201
77.1757 41.5778
77.1764 41.2259
77.1764 41.4648
77.1768 41.4715
77.1768 41.4946
77.1769 41.3475
77.1773 41.5258
77.1774 41.2814
77.1776 41.3209
77.1778 41.3313
77.1780 41.5389
77.1784 41.1278
77.1790 41.3915
77.1796 41.2338
77.1798 41.5668
77.1800 41.2103
77.1800 41.4849
77.1800 41.5369
77.1803 41.5391
77.1804 41.5764
77.1806 41.2355
77.1810 41.5042
77.1813 41.2983
77.1815 41.3446
77.1816 41.2458
77.1825 41.6170
77.1827 41.2721
77.1827 41.3063
77.1828 41.3279
77.1828 41.3621
77.1829 41.3078
77.1829 41.3914
77.1831 41.4858
77.1832 41.4784
77.1833 41.5549
77.1842 41.2123
77.1842 41.4994
77.1849 41.3285
77.1858 41.3723
77.1859 41.2717
77.1859 41.5470
77.1859 41.5516
77.1860 41.5883
77.1865 41.4730
77.1867 41.5368
77.1868 41.3748
77.1870 41.2663
77.1871 41.2557
77.1872 41.3613
77.1881 41.3608
77.1881 41.4852
77.1882 41.2299
77.1882 41.3040
77.1884 41.2794
77.1886 41.5095
77.1886 41.5400
77.1890 41.2650
77.1896 41.2919
77.1896 41.3940
77.1901 41.1866
77.1901 41.3962
77.1908 41.4861
77.1920 41.3620
77.1926 41.3700
77.1929 41.5786
77.1930 41.5737
77.1934 41.2618
77.1934 41.4861
77.1935 41.3847
77.1935 41.5607
77.1935 41.5916
77.1937 41.3974
77.1938 41.4377
77.1947 41.3077
77.1950 41.3283
77.1952 41.2629
77.1955 41.3447
77.1955 41.5720
77.1956 41.2988
77.1956 41.5103
77.1958 41.6068
77.1959 41.3694
77.1960 41.4895
77.1961 41.4999
77.1963 41.1937
77.1965 41.2307
77.1967 41.1755
77.1970 41.5772
77.1977 41.5914
77.1982 41.5540
77.1986 41.3617
77.1994 41.3630
77.1995 41.2841
77.1996 41.5047
77.1999 41.3271
77.2002 41.3312
77.2003 41.4623
77.2005 41.2189
77.2005 41.2459
77.2006 41.3222
77.2014 41.2348
77.2015 41.5438
77.2019 41.5721
77.2023 41.3721
77.2031 41.5752
77.2032 41.5533
77.2034 41.5462
77.2038 41.2780
77.2045 41.2429
77.2046 41.2523
77.2047 41.2647
77.2049 41.2912
77.2049 41.5330
77.2052 41.1889
77.2059 41.2224
77.2060 41.3750
77.2062 41.5681
77.2063 41.2406
77.2066 41.4123
77.2069 41.2305
77.2069 41.5656
77.2070 41.4681
77.2076 41.4983
77.2077 41.3649
77.2083 41.1600
77.2083 41.2946
77.2084 41.1927
77.2085 41.6299
77.2086 41.5299
77.2088 41.3007
77.2088 41.4686
77.2089 41.3138
77.2095 41.1953
77.2095 41.2479
77.2097 41.5389
77.2100 41.4839
77.2101 41.5080
77.2101 41.5648
77.2102 41.3795
77.2104 41.5343
77.2107 41.2711
77.2111 41.2953
77.2116 41.3199
77.2118 41.3093
77.2123 41.4986
77.2123 41.5316
77.2124 41.3239
77.2125 41.4015
77.2131 41.2235
77.2131 41.2629
77.2131 41.5035
77.2133 41.2573
77.2133 41.2806
77.2136 41.3088
77.2137 41.2646
77.2138 41.4803
77.2142 41.3144
77.2143 41.2968
77.2146 41.4027
77.2148 41.3561
77.2150 41.5194
77.2151 41.2151
77.2155 41.2623
77.2161 41.2552
77.2161 41.3221
77.2167 41.5687
77.2169 41.1820
77.2170 41.3448
77.2171 41.2061
77.2174 41.5562
77.2180 41.1614
77.2180 41.2681
77.2183 41.2751
77.2186 41.3462
77.2187 41.3636
77.2189 41.3251
77.2191 41.5335
77.2196 41.2456
77.2197 41.2736
77.2208 41.2992
77.2208 41.5317
77.2213 41.5170
77.2214 41.3577
77.2216 41.6089
77.2217 41.5147
77.2220 41.1829
77.2222 41.2032
77.2227 41.5799
77.2228 41.4485
77.2230 41.4506
77.2232 41.3898
77.2233 41.3104
77.2246 41.1469
77.2249 41.3483
77.2249 41.4935
77.2252 41.2416
77.2255 41.4919
77.2258 41.2562
77.2259 41.5345
77.2260 41.5439
77.2261 41.3241
77.2264 41.3986
77.2270 41.4545
77.2273 41.5049
77.2275 41.4356
77.2276 41.2661
77.2277 41.3287
77.2279 41.2911
77.2280 41.1420
77.2282 41.3470
77.2284 41.2322
77.2285 41.3462
77.2286 41.1284
77.2286 41.1666
77.2287 41.2629
77.2288 41.3662
77.2290 41.3132
77.2293 41.3492
77.2294 41.2686
77.2295 41.3220
77.2295 41.3898
77.2297 41.3095
77.2297 41.5037
77.2299 41.2126
77.2307 41.2303
77.2317 41.3023
77.2320 41.4578
77.2324 41.2961
77.2325 41.2642
77.2337 41.2769
77.2338 41.2773
77.2340 41.2830
77.2341 41.2414
77.2342 41.3620
77.2343 41.3732
77.2349 41.2897
77.2349 41.2930
77.2360 41.2187
77.2360 41.3863
77.2362 41.3429
77.2366 41.5621
77.2367 41.2590
77.2369 41.1596
77.2370 41.3012
77.2372 41.3432
77.2372 41.5293
77.2376 41.2360
77.2379 41.2248
77.2379 41.2847
77.2382 41.1304
77.2382 41.2473
77.2382 41.3311
77.2383 41.3420
77.2386 41.5541
77.2387 41.5187
77.2388 41.3582
77.2388 41.6212
77.2389 41.5223
77.2393 41.4460
77.2393 41.5359
77.2393 41.5766
77.2402 41.2989
77.2406 41.1783
77.2414 41.1627
77.2417 41.2676
77.2422 41.2825
77.2424 41.1577
77.2424 41.3419
77.2425 41.2888
77.2428 41.3044
77.2435 41.2891
77.2437 41.2598
77.2439 41.2448
77.2440 41.2824
77.2443 41.2163
77.2445 41.1930
77.2447 41.3733
77.2453 41.2930
77.2461 41.3141
77.2462 41.2451
77.2473 41.2471
77.2475 41.3451
77.2479 41.3663
77.2480 41.2152
77.2481 41.2036
77.2483 41.3023
77.2483 41.3027
77.2484 41.4716
77.2486 41.1353
77.2487 41.4044
77.2489 41.4621
77.2494 41.3033
77.2495 41.3055
77.2496 41.2747
77.2498 41.1864
77.2501 41.2908
77.2503 41.1292
77.2504 41.3297
77.2505 41.3270
77.2506 41.3583
77.2513 41.1693
77.2514 41.3222
77.2515 41.2518
77.2515 41.3277
77.2518 41.3645
77.2519 41.3161
77.2524 41.3048
77.2526 41.1959
77.2532 41.1870
77.2532 41.3510
77.2533 41.3479
77.2533 41.3972
77.2534 41.3837
77.2535 41.5535
77.2537 41.1521
77.2541 41.5565
77.2548 41.5067
77.2558 41.5588
77.2562 41.2510
77.2563 41.1882
77.2563 41.3237
77.2563 41.3265
77.2565 41.6230
77.2567 41.3850
77.2571 41.2052
77.2574 41.2908
77.2576 41.4658
77.2577 41.3189
77.2583 41.1504
77.2584 41.3257
77.2595 41.4719
77.2599 41.1566
77.2602 41.5647
77.2604 41.2892
77.2605 41.1676
77.2607 41.3257
77.2610 41.2373
77.2612 41.2893
77.2616 41.2698
77.2617 41.3203
77.2620 41.2444
77.2628 41.2374
77.2629 41.3237
77.2634 41.2036
77.2635 41.2797
77.2636 41.3145
77.2637 41.5974
77.2638 41.3137
77.2638 41.5599
77.2645 41.5826
77.2646 41.3672
77.2650 41.2718
77.2651 41.2580
77.2659 41.3401
77.2660 41.3047
77.2661 41.6048
77.2664 41.3077
77.2673 41.5519
77.2675 41.2321
77.2681 41.1751
77.2686 41.1736
77.2686 41.5658
77.2687 41.2680
77.2696 41.2368
77.2704 41.3208
77.2705 41.5687
77.2707 41.1539
77.2709 41.1759
77.2709 41.5246
77.2710 41.1969
77.2711 41.5633
77.2714 41.5351
77.2719 41.2570
77.2726 41.1905
77.2728 41.3186
77.2733 41.4085
77.2735 41.3716
77.2736 41.1698
77.2738 41.3301
77.2740 41.2868
77.2744 41.5559
77.2748 41.3724
77.2752 41.1446
77.2754 41.2146
77.2755 41.3166
77.2755 41.4208
77.2758 41.2562
77.2760 41.2931
77.2761 41.3268
77.2765 41.3277
77.2775 41.3032
77.2776 41.1493
77.2788 41.2125
77.2793 41.4625
77.2800 41.1969
77.2800 41.3111
77.2800 41.3798
77.2801 41.2162
77.2803 41.3690
77.2805 41.6840
77.2807 41.1233
77.2810 41.3770
77.2823 41.2528
77.2823 41.3474
77.2830 41.3092
77.2834 41.2717
77.2837 41.2273
77.2842 41.2262
77.2842 41.3436
77.2842 41.5350
77.2846 41.2518
77.2847 41.5429
77.2855 41.4436
77.2859 41.2752
77.2862 41.5477
77.2865 41.5439
77.2866 41.1820
77.2867 41.2648
77.2870 41.2304
77.2870 41.2310
77.2871 41.3201
77.2871 41.3527
77.2877 41.5952
77.2882 41.3123
77.2886 41.4092
77.2888 41.2812
77.2897 41.5085
77.2899 41.4086
77.2902 41.3292
77.2903 41.1964
77.2912 41.2620
77.2916 41.3176
77.2917 41.5058
77.2927 41.2487
77.2928 41.2698
77.2931 41.3309
77.2933 41.2306
77.2934 41.4966
77.2937 41.2772
77.2937 41.3492
77.2938 41.2631
77.2939 41.3132
77.2941 41.2001
77.2942 41.2152
77.2945 41.2258
77.2949 41.3248
77.2952 41.3361
77.2960 41.2604
77.2962 41.3559
77.2976 41.2007
77.2980 41.2854
77.2982 41.3867
77.2983 41.3377
77.2984 41.1690
77.2984 41.3131
77.2986 41.2723
77.2987 41.3274
77.2996 41.4058
77.3005 41.2131
77.3008 41.2097
77.3018 41.2772
77.3019 41.2526
77.3023 41.3319
77.3023 41.3440
77.3035 41.3442
77.3036 41.2941
77.3041 41.2768
77.3042 41.2431
77.3043 41.3106
77.3053 41.1898
77.3053 41.3551
77.3058 41.3538
77.3064 41.2503
77.3066 41.3155
77.3071 41.3635
77.3075 41.2315
77.3076 41.2876
77.3078 41.3276
77.3081 41.3786
77.3087 41.1365
77.3092 41.1433
77.3099 41.2331
77.3105 41.2500
77.3106 41.2632
77.3109 41.3349
77.3114 41.2941
77.3118 41.3323
77.3122 41.2390
77.3130 41.2154
77.3135 41.3646
77.3140 41.3895
77.3148 41.3698
77.3153 41.2011
77.3156 41.2962
77.3163 41.3289
77.3163 41.6127
77.3172 41.3165
77.3177 41.2730
77.3180 41.2631
77.3181 41.3406
77.3182 41.3494
77.3185 41.2500
77.3190 41.1782
77.3191 41.2521
77.3196 41.3433
77.3206 41.2264
77.3222 41.1678
77.3222 41.2834
77.3229 41.5495
77.3239 41.3254
77.3250 41.1916
77.3253 41.5461
77.3263 41.2354
77.3266 41.1909
77.3266 41.3199
77.3272 41.2813
77.3274 41.2550
77.3278 41.1908
77.3280 41.4231
77.3286 41.4919
77.3290 41.3391
77.3291 41.2501
77.3292 41.2092
77.3297 41.3503
77.3299 41.3338
77.3302 41.3055
77.3302 41.5508
77.3303 41.2657
77.3306 41.1640
77.3322 41.3816
77.3324 41.2139
77.3330 41.2902
77.3334 41.4963
77.3335 41.1810
77.3335 41.2454
77.3337 41.2890
77.3340 41.3333
77.3349 41.5235
77.3362 41.1968
77.3398 41.2295
77.3405 41.3549
77.3432 41.3027
77.3437 41.3335
77.3452 41.2105
77.3460 41.2842
77.3465 41.3370
77.3490 41.2674
77.3494 41.3296
77.3495 41.1887
77.3497 41.1720
77.3497 41.4238
77.3507 41.3489
77.3511 41.2522
77.3521 41.4074
77.3525 41.2341
77.3554 41.2388
77.3570 41.3120
77.3587 41.2375
77.3591 41.2126
77.3610 41.3491
77.3632 41.3479
77.3668 41.4874
77.3696 41.2635
77.3707 41.4186
77.3755 41.3149
77.3783 41.2053
77.3791 41.3102
77.3819 41.3606
77.3819 41.3817
77.3826 41.3360
77.3839 41.2244
77.3859 41.3488
77.3865 41.4017
77.3880 41.3726
77.3890 41.2461
77.3922 41.3080
77.3925 41.6595
77.3928 41.2514
77.3956 41.2874
77.3969 41.2630
77.3975 41.3307
77.3994 41.3716
77.3999 41.3238
77.4030 41.3921
77.4044 41.2486
77.4064 41.2562
77.4132 41.4164
77.4152 41.3076
77.4221 41.3845
77.4257 41.3350
77.4270 41.3785
77.4300 41.3295
77.4341 41.3044
77.4436 41.3288
77.4447 41.3743
77.4518 41.3835
77.4528 41.4557
77.4545 41.4041
