56.6673 40.7569
56.6796 40.5175
56.6929 40.7834
56.6973 40.6703
56.7147 40.5955
56.7149 40.7561
56.7234 40.4495
56.7264 40.8935
56.7286 40.6465
56.7357 40.6114
56.7487 40.7706
56.7495 40.6612
56.7516 40.7831
56.7577 40.7305
56.7601 40.8521
56.7613 40.8967
56.7662 40.8226
56.7706 40.4931
56.7719 40.7788
56.7757 40.7075
56.7779 40.3906
56.7804 40.7422
56.7812 40.8946
56.7821 40.7723
56.7836 40.5543
56.7853 40.7118
56.7868 40.5090
56.7904 40.7164
56.7929 40.5662
56.7938 40.8230
56.7941 40.4626
56.7951 40.8460
56.7966 40.4550
56.7987 40.6032
56.7994 40.8703
56.7999 40.7942
56.8002 40.4883
56.8067 40.5062
56.8075 40.3980
56.8082 40.7213
56.8085 40.4550
56.8111 40.3751
56.8134 40.7533
56.8138 40.7532
56.8149 40.5391
56.8149 40.6340
56.8159 40.7414
56.8167 40.7594
56.8170 40.6824
56.8176 40.5895
56.8186 40.8083
56.8231 40.5150
56.8236 40.8401
56.8253 40.6492
56.8257 40.3616
56.8274 40.5893
56.8274 40.8435
56.8286 40.5952
56.8287 40.7935
56.8312 40.7559
56.8316 40.5485
56.8331 40.5306
56.8335 40.5331
56.8352 40.7703
56.8355 40.8435
56.8358 40.5262
56.8360 40.5231
56.8361 40.6391
56.8371 40.7297
56.8374 40.7713
56.8390 40.7719
56.8398 40.8980
56.8403 40.7574
56.8404 40.6416
56.8406 40.6714
56.8414 40.5833
56.8417 40.5409
56.8419 40.5009
56.8423 40.6685
56.8436 40.5231
56.8439 40.6817
56.8440 40.6114
56.8441 40.6896
56.8447 40.7502
56.8451 40.5704
56.8451 40.6941
56.8458 40.4954
56.8458 40.5969
56.8460 40.5531
56.8461 40.4555
56.8466 40.4826
56.8475 40.8843
56.8483 40.5262
56.8485 40.5618
56.8485 40.8276
56.8487 40.4708
56.8487 40.5203
56.8494 40.5446
56.8495 40.5531
56.8499 40.5248
56.8505 40.5205
56.8505 40.7281
56.8514 40.6295
56.8517 40.5094
56.8518 40.4850
56.8518 40.8096
56.8523 40.4626
56.8523 40.4988
56.8525 40.4703
56.8526 40.5223
56.8527 40.8055
56.8545 40.6757
56.8547 40.7370
56.8548 40.5890
56.8549 40.7817
56.8551 40.5701
56.8551 40.8659
56.8556 40.6026
56.8559 40.4699
56.8564 40.6427
56.8564 40.6865
56.8565 40.5042
56.8566 40.5763
56.8570 40.6606
56.8571 40.8187
56.8578 40.7256
56.8578 40.8269
56.8580 40.4997
56.8583 40.4959
56.8588 40.5513
56.8590 40.7457
56.8598 40.5117
56.8599 40.5521
56.8606 40.7457
56.8609 40.4292
56.8615 40.5065
56.8623 40.6645
56.8629 40.4782
56.8632 40.6579
56.8632 40.8858
56.8635 40.7374
56.8641 40.9003
56.8642 40.5553
56.8656 40.5774
56.8667 40.5718
56.8679 40.6442
56.8684 40.6300
56.8685 40.5533
56.8690 40.7900
56.8693 40.4888
56.8693 40.7588
56.8702 40.5718
56.8703 40.4465
56.8705 40.5333
56.8705 40.8000
56.8709 40.5265
56.8710 40.4980
56.8710 40.5341
56.8721 40.5412
56.8724 40.4641
56.8727 40.7753
56.8729 40.5040
56.8729 40.5952
56.8733 40.7772
56.8735 40.5358
56.8736 40.5278
56.8744 40.5514
56.8749 40.5845
56.8751 40.5313
56.8754 40.8034
56.8755 40.6326
56.8755 40.7375
56.8755 40.7824
56.8758 40.7121
56.8759 40.5355
56.8762 40.8309
56.8767 40.4200
56.8769 40.8100
56.8773 40.4435
56.8785 40.8667
56.8788 40.7850
56.8790 40.7363
56.8792 40.6394
56.8793 40.5274
56.8795 40.5239
56.8799 40.7940
56.8799 40.7974
56.8801 40.5219
56.8804 40.8092
56.8804 40.8517
56.8811 40.7675
56.8818 40.7467
56.8821 40.5761
56.8823 40.5500
56.8826 40.4850
56.8826 40.5382
56.8826 40.6842
56.8827 40.7534
56.8827 40.7677
56.8829 40.5928
56.8830 40.7826
56.8832 40.6228
56.8836 40.6036
56.8840 40.7767
56.8841 40.7366
56.8845 40.8281
56.8849 40.8807
56.8852 40.5432
56.8852 40.6975
56.8855 40.5277
56.8856 40.5291
56.8865 40.8781
56.8866 40.5804
56.8867 40.7909
56.8868 40.4757
56.8868 40.5254
56.8869 40.6375
56.8872 40.4192
56.8873 40.5538
56.8874 40.7720
56.8878 40.5202
56.8881 40.5490
56.8882 40.5210
56.8886 40.7179
56.8895 40.4990
56.8898 40.8224
56.8899 40.3989
56.8902 40.8161
56.8907 40.7555
56.8909 40.5205
56.8909 40.5297
56.8909 40.5409
56.8909 40.5553
56.8910 40.8550
56.8912 40.5358
56.8912 40.8022
56.8913 40.3651
56.8918 40.8707
56.8925 40.8240
56.8926 40.5721
56.8933 40.7583
56.8934 40.4729
56.8934 40.5346
56.8938 40.5337
56.8940 40.8209
56.8943 40.4808
56.8944 40.7056
56.8944 40.8293
56.8949 40.4452
56.8955 40.5701
56.8961 40.7480
56.8964 40.4557
56.8966 40.7135
56.8967 40.8268
56.8974 40.5484
56.8980 40.7869
56.8981 40.6003
56.9000 40.7555
56.9004 40.5153
56.9006 40.7653
56.9009 40.5109
56.9013 40.4854
56.9016 40.7142
56.9022 40.4866
56.9022 40.7941
56.9023 40.5048
56.9024 40.7469
56.9024 40.8212
56.9027 40.5749
56.9028 40.5449
56.9035 40.8631
56.9036 40.5810
56.9037 40.7723
56.9038 40.8589
56.9042 40.5330
56.9043 40.7212
56.9043 40.8102
56.9044 40.7787
56.9050 40.6950
56.9052 40.4950
56.9052 40.8012
56.9057 40.7732
56.9060 40.5422
56.9061 40.5207
56.9063 40.5388
56.9063 40.5415
56.9065 40.5481
56.9065 40.7414
56.9072 40.4788
56.9072 40.7747
56.9079 40.7464
56.9083 40.6852
56.9086 40.6727
56.9095 40.5178
56.9096 40.6070
56.9098 40.7745
56.9100 40.5817
56.9100 40.7552
56.9100 40.7643
56.9103 40.4698
56.9103 40.7805
56.9108 40.8343
56.9111 40.7606
56.9119 40.8460
56.9121 40.8835
56.9124 40.8600
56.9128 40.5664
56.9129 40.5233
56.9130 40.4911
56.9132 40.5746
56.9133 40.4787
56.9133 40.5444
56.9135 40.5613
56.9138 40.7979
56.9144 40.5572
56.9145 40.4836
56.9148 40.4407
56.9152 40.7199
56.9158 40.4969
56.9159 40.7993
56.9160 40.8137
56.9166 40.8044
56.9167 40.5148
56.9173 40.5591
56.9173 40.7578
56.9179 40.8551
56.9180 40.6462
56.9181 40.7144
56.9185 40.5545
56.9185 40.7679
56.9185 40.8056
56.9185 40.8153
56.9190 40.4546
56.9191 40.7697
56.9193 40.4639
56.9193 40.7785
56.9195 40.9033
56.9202 40.4685
56.9203 40.4859
56.9203 40.7898
56.9205 40.5133
56.9209 40.5134
56.9211 40.5203
56.9214 40.8359
56.9222 40.5081
56.9225 40.7555
56.9227 40.7669
56.9232 40.7254
56.9233 40.6003
56.9236 40.8346
56.9239 40.4198
56.9246 40.8477
56.9250 40.8097
56.9251 40.8403
56.9253 40.4758
56.9253 40.7291
56.9253 40.8202
56.9254 40.7155
56.9256 40.5726
56.9257 40.4952
56.9259 40.7393
56.9261 40.8047
56.9262 40.7716
56.9264 40.6369
56.9266 40.6923
56.9267 40.5149
56.9267 40.7335
56.9268 40.7735
56.9274 40.4616
56.9275 40.4929
56.9276 40.5401
56.9280 40.7800
56.9292 40.7624
56.9295 40.7259
56.9298 40.7577
56.9299 40.8185
56.9314 40.4816
56.9314 40.5492
56.9315 40.5299
56.9322 40.5307
56.9324 40.7938
56.9328 40.5175
56.9330 40.5195
56.9330 40.8281
56.9331 40.4878
56.9331 40.7152
56.9336 40.4939
56.9337 40.5184
56.9339 40.4923
56.9341 40.5602
56.9345 40.5277
56.9358 40.8541
56.9359 40.5342
56.9362 40.7522
56.9367 40.5151
56.9367 40.7561
56.9370 40.4940
56.9373 40.8464
56.9375 40.5428
56.9376 40.7461
56.9381 40.4569
56.9381 40.4954
56.9383 40.8551
56.9385 40.7914
56.9386 40.8450
56.9394 40.4225
56.9397 40.7298
56.9399 40.5499
56.9399 40.6757
56.9400 40.6134
56.9402 40.9094
56.9403 40.7537
56.9406 40.7527
56.9408 40.6038
56.9408 40.8211
56.9409 40.8929
56.9410 40.5512
56.9411 40.5514
56.9412 40.6091
56.9413 40.6399
56.9416 40.8136
56.9416 40.8189
56.9418 40.7548
56.9421 40.7681
56.9424 40.7684
56.9425 40.4778
56.9426 40.8193
56.9427 40.7851
56.9427 40.8069
56.9429 40.4778
56.9430 40.6050
56.9431 40.5517
56.9432 40.5595
56.9436 40.4953
56.9436 40.5278
56.9462 40.5258
56.9468 40.5104
56.9469 40.8125
56.9472 40.4871
56.9475 40.6015
56.9480 40.5106
56.9484 40.5655
56.9485 40.5044
56.9489 40.4804
56.9489 40.7227
56.9491 40.6919
56.9493 40.5200
56.9494 40.7024
56.9495 40.7808
56.9496 40.4416
56.9497 40.8239
56.9500 40.7819
56.9503 40.7957
56.9509 40.5284
56.9522 40.5619
56.9526 40.7236
56.9526 40.7317
56.9527 40.7964
56.9529 40.8835
56.9532 40.5589
56.9536 40.3696
56.9537 40.8387
56.9541 40.5211
56.9542 40.5536
56.9544 40.7610
56.9556 40.7967
56.9559 40.8243
56.9561 40.5262
56.9563 40.8179
56.9570 40.8427
56.9572 40.7946
56.9579 40.4416
56.9580 40.4883
56.9583 40.5439
56.9586 40.4856
56.9587 40.6654
56.9591 40.5247
56.9596 40.6836
56.9596 40.8566
56.9611 40.7152
56.9611 40.8500
56.9617 40.5509
56.9631 40.5911
56.9640 40.4806
56.9641 40.5076
56.9644 40.5295
56.9648 40.8013
56.9651 40.5236
56.9656 40.4575
56.9660 40.4430
56.9663 40.5933
56.9664 40.4644
56.9675 40.7356
56.9684 40.4390
56.9688 40.4829
56.9689 40.7733
56.9695 40.6728
56.9696 40.7368
56.9697 40.8340
56.9701 40.5149
56.9703 40.8230
56.9706 40.7063
56.9707 40.7254
56.9710 40.7888
56.9710 40.8140
56.9711 40.8986
56.9712 40.5405
56.9713 40.9356
56.9716 40.7186
56.9716 40.8274
56.9717 40.4693
56.9718 40.5206
56.9720 40.7287
56.9723 40.6129
56.9730 40.5016
56.9734 40.7406
56.9735 40.4939
56.9741 40.4820
56.9747 40.7796
56.9752 40.8806
56.9755 40.4921
56.9762 40.4921
56.9762 40.7392
56.9772 40.4557
56.9783 40.7664
56.9784 40.7583
56.9785 40.4978
56.9788 40.5372
56.9799 40.7992
56.9801 40.4941
56.9802 40.7295
56.9803 40.4849
56.9814 40.6870
56.9814 40.6960
56.9816 40.8162
56.9823 40.7270
56.9829 40.4928
56.9830 40.8481
56.9833 40.5817
56.9839 40.5866
56.9842 40.8769
56.9844 40.8427
56.9848 40.5248
56.9848 40.6628
56.9852 40.5424
56.9854 40.6836
56.9883 40.6702
56.9886 40.7274
56.9888 40.5029
56.9895 40.7317
56.9900 40.6513
56.9902 40.5331
56.9904 40.4646
56.9919 40.5265
56.9925 40.7960
56.9928 40.8107
56.9935 40.7647
56.9936 40.6732
56.9944 40.8591
56.9950 40.6658
56.9952 40.5393
56.9956 40.7408
56.9957 40.6645
56.9957 40.7246
56.9961 40.6664
56.9962 40.5682
56.9979 40.4902
57.0003 40.8158
57.0010 40.8853
57.0020 40.7008
57.0020 40.7743
57.0022 40.6528
57.0028 40.5047
57.0038 40.8985
57.0042 40.8567
57.0049 40.8464
57.0054 40.6602
57.0055 40.8554
57.0062 40.5473
57.0071 40.4728
57.0071 40.5902
57.0087 40.6759
57.0106 40.7431
57.0123 40.5344
57.0125 40.7426
57.0141 40.8373
57.0149 40.6888
57.0150 40.9471
57.0153 40.6830
57.0154 40.7241
57.0167 40.7026
57.0172 40.7667
57.0195 40.6365
57.0210 40.6977
57.0215 40.4181
57.0219 40.5470
57.0226 40.6744
57.0231 40.7643
57.0234 40.3002
57.0234 40.6624
57.0240 40.5529
57.0246 40.5645
57.0264 40.8296
57.0272 40.6026
57.0278 40.8424
57.0304 40.5837
57.0309 40.7507
57.0313 40.5904
57.0314 40.7897
57.0345 40.8566
57.0362 40.5230
57.0374 40.6795
57.0383 40.8317
57.0396 40.5327
57.0407 40.7813
57.0412 40.7365
57.0427 40.7722
57.0430 40.6565
57.0431 40.8082
57.0436 40.7864
57.0438 40.6863
57.0441 40.8938
57.0467 40.7701
57.0467 40.8396
57.0518 40.7506
57.0520 40.6653
57.0523 40.8144
57.0524 40.6428
57.0527 40.5768
57.0527 40.7109
57.0537 40.8837
57.0542 40.8085
57.0545 40.5662
57.0552 40.6471
57.0556 40.4867
57.0560 40.3936
57.0563 40.7877
57.0579 40.7224
57.0582 40.6800
57.0620 40.8343
57.0623 40.5505
57.0628 40.7333
57.0630 40.5715
57.0634 40.5653
57.0646 40.5932
57.0651 40.5610
57.0676 40.5434
57.0695 40.7575
57.0707 40.6213
57.0713 40.5496
57.0719 40.5762
57.0721 40.5381
57.0734 40.6781
57.0745 40.5376
57.0754 40.4310
57.0771 40.7825
57.0788 40.6053
57.0789 40.4912
57.0792 40.5892
57.0795 40.7071
57.0806 40.5359
57.0817 40.6133
57.0820 40.8226
57.0821 40.4759
57.0830 40.8306
57.0849 40.5565
57.0855 40.7500
57.0866 40.5894
57.0873 40.6001
57.0873 40.8472
57.0896 40.8787
57.0904 40.7900
57.0906 40.6307
57.0906 40.6412
57.0908 40.6293
57.0912 40.5108
57.0913 40.6239
57.0921 40.4890
57.0938 40.5204
57.0941 40.5924
57.0948 40.6451
57.0949 40.5965
57.0952 40.8090
57.0963 40.6592
57.0966 40.8070
57.0985 40.6362
57.0988 40.5024
57.0989 40.9220
57.0996 40.5938
57.1000 40.7770
57.1003 40.5405
57.1013 40.6167
57.1013 40.7455
57.1017 40.5379
57.1021 40.7072
57.1026 40.8528
57.1027 40.7948
57.1040 40.4689
57.1050 40.4469
57.1054 40.6227
57.1060 40.4918
57.1062 40.7037
57.1065 40.8490
57.1069 40.5230
57.1076 40.4797
57.1077 40.8686
57.1078 40.4965
57.1078 40.6087
57.1080 40.6258
57.1082 40.7884
57.1088 40.6430
57.1093 40.5559
57.1105 40.5257
57.1113 40.6045
57.1115 40.5182
57.1117 40.7451
57.1122 40.5230
57.1122 40.8372
57.1128 40.5051
57.1131 40.8485
57.1133 40.3784
57.1134 40.4811
57.1136 40.4517
57.1143 40.7462
57.1150 40.3033
57.1150 40.5448
57.1151 40.7875
57.1151 40.8492
57.1159 40.5617
57.1160 40.8380
57.1161 40.7895
57.1166 40.5275
57.1169 40.8218
57.1172 40.5549
57.1175 40.5394
57.1179 40.5870
57.1181 40.5200
57.1183 40.8644
57.1188 40.5059
57.1188 40.5689
57.1189 40.7419
57.1192 40.5702
57.1199 40.6246
57.1202 40.6165
57.1202 40.8574
57.1208 40.6196
57.1212 40.5874
57.1212 40.6332
57.1213 40.6136
57.1213 40.6972
57.1215 40.5321
57.1221 40.4818
57.1223 40.6113
57.1228 40.4254
57.1228 40.5445
57.1230 40.6610
57.1230 40.7487
57.1255 40.4836
57.1256 40.7515
57.1262 40.5823
57.1280 40.4227
57.1281 40.4954
57.1282 40.8450
57.1285 40.5632
57.1287 40.5295
57.1289 40.5370
57.1289 40.5551
57.1290 40.5248
57.1292 40.6257
57.1297 40.5046
57.1299 40.5222
57.1301 40.6847
57.1302 40.6850
57.1307 40.8249
57.1310 40.6896
57.1311 40.5565
57.1311 40.7450
57.1314 40.6185
57.1318 40.5762
57.1318 40.6504
57.1319 40.5461
57.1321 40.5540
57.1322 40.5601
57.1322 40.5830
57.1324 40.7402
57.1329 40.5518
57.1332 40.8023
57.1333 40.5554
57.1340 40.5124
57.1340 40.5162
57.1340 40.5550
57.1342 40.6704
57.1345 40.4612
57.1349 40.7887
57.1350 40.5675
57.1350 40.7303
57.1351 40.6647
57.1352 40.4645
57.1352 40.5579
57.1355 40.8379
57.1361 40.7059
57.1363 40.7894
57.1364 40.6242
57.1365 40.4553
57.1384 40.4814
57.1389 40.5249
57.1390 40.5031
57.1391 40.6291
57.1392 40.7382
57.1399 40.5665
57.1400 40.5925
57.1404 40.6655
57.1409 40.5113
57.1410 40.6020
57.1411 40.5890
57.1414 40.7553
57.1415 40.6002
57.1415 40.6843
57.1418 40.5999
57.1419 40.8457
57.1420 40.7400
57.1421 40.5706
57.1421 40.5940
57.1426 40.5055
57.1426 40.5886
57.1434 40.7081
57.1436 40.7963
57.1438 40.5528
57.1443 40.8897
57.1444 40.6136
57.1449 40.5567
57.1455 40.6798
57.1457 40.5693
57.1464 40.5487
57.1465 40.7523
57.1465 40.8143
57.1467 40.4907
57.1474 40.7868
57.1477 40.5811
57.1477 40.6448
57.1481 40.5125
57.1484 40.8252
57.1486 40.4893
57.1489 40.5274
57.1493 40.8162
57.1496 40.5473
57.1498 40.7260
57.1500 40.8332
57.1504 40.7580
57.1505 40.6940
57.1509 40.5461
57.1511 40.8169
57.1513 40.5392
57.1515 40.8030
57.1516 40.7636
57.1516 40.8348
57.1517 40.7557
57.1523 40.5499
57.1529 40.6360
57.1529 40.8186
57.1530 40.5706
57.1534 40.7414
57.1540 40.7670
57.1543 40.5200
57.1544 40.5487
57.1544 40.5697
57.1546 40.4790
57.1546 40.8258
57.1547 40.4984
57.1550 40.4868
57.1552 40.6120
57.1552 40.7641
57.1553 40.6270
57.1555 40.5082
57.1555 40.7671
57.1557 40.5785
57.1561 40.5458
57.1565 40.5783
57.1565 40.7407
57.1566 40.5060
57.1567 40.5498
57.1572 40.5172
57.1583 40.5498
57.1587 40.5884
57.1588 40.5964
57.1591 40.7276
57.1591 40.7860
57.1592 40.5856
57.1592 40.6069
57.1592 40.7444
57.1593 40.4915
57.1595 40.6202
57.1602 40.4403
57.1602 40.5239
57.1603 40.6446
57.1604 40.6286
57.1606 40.4652
57.1610 40.5804
57.1611 40.5109
57.1612 40.7846
57.1613 40.8365
57.1614 40.7373
57.1616 40.5294
57.1617 40.7791
57.1618 40.5127
57.1620 40.7126
57.1623 41.0246
57.1625 40.3456
57.1627 40.7998
57.1641 40.5501
57.1642 40.8149
57.1644 40.5428
57.1644 40.7913
57.1644 40.8153
57.1646 40.8115
57.1647 40.6569
57.1648 40.6579
57.1648 40.8202
57.1649 40.5434
57.1649 40.8884
57.1649 40.9347
57.1652 40.7082
57.1653 40.5047
57.1653 40.5296
57.1655 40.5804
57.1656 40.5299
57.1656 40.6352
57.1662 40.7841
57.1663 40.6051
57.1664 40.5306
57.1665 40.9242
57.1666 40.6966
57.1671 40.5812
57.1674 40.6355
57.1675 40.5276
57.1680 40.5871
57.1684 40.4495
57.1688 40.7321
57.1689 40.5579
57.1689 40.7700
57.1692 40.5337
57.1692 40.5500
57.1694 40.4605
57.1696 40.8593
57.1697 40.5233
57.1701 40.8849
57.1704 40.7532
57.1707 40.7826
57.1711 40.5174
57.1712 40.5402
57.1718 40.8077
57.1719 40.6134
57.1723 40.5656
57.1724 40.5615
57.1729 40.7904
57.1730 40.6018
57.1730 40.7729
57.1736 40.8680
57.1739 40.4918
57.1740 40.5159
57.1744 40.8357
57.1749 40.8343
57.1753 40.6530
57.1756 40.8574
57.1763 40.5471
57.1772 40.5167
57.1776 40.8622
57.1777 40.9807
57.1782 40.5413
57.1783 40.4861
57.1786 40.5703
57.1793 40.8176
57.1799 40.6173
57.1809 40.5714
57.1813 40.6378
57.1819 40.5541
57.1823 40.6251
57.1824 40.7827
57.1828 40.6693
57.1832 40.7703
57.1834 40.5207
57.1834 40.7597
57.1841 40.6271
57.1842 40.4702
57.1846 40.5143
57.1850 40.6616
57.1850 40.6999
57.1858 40.7034
57.1859 40.6348
57.1864 40.4929
57.1867 40.5855
57.1871 40.5223
57.1872 40.7647
57.1873 40.9396
57.1877 40.5564
57.1884 40.7332
57.1888 40.4210
57.1888 40.4771
57.1892 40.4904
57.1896 40.5885
57.1896 40.7893
57.1906 40.4768
57.1906 40.7962
57.1906 40.8358
57.1918 40.5694
57.1933 40.8108
57.1938 40.5909
57.1938 40.6085
57.1940 40.4758
57.1946 40.7531
57.1948 40.8219
57.1951 40.8226
57.1962 40.5285
57.1962 40.8427
57.1968 40.5461
57.1968 40.8365
57.1970 40.6828
57.1972 40.5980
57.1977 40.6273
57.1979 40.9201
57.1980 40.5913
57.1981 40.8828
57.1996 40.5426
57.1997 40.8804
57.2000 40.7290
57.2002 40.5210
57.2003 40.4705
57.2006 40.5019
57.2007 40.5427
57.2014 40.6714
57.2018 40.4865
57.2027 40.8284
57.2030 40.4065
57.2033 40.7570
57.2036 40.4859
57.2036 40.6815
57.2040 40.5023
57.2045 40.7636
57.2047 40.7922
57.2052 40.8474
57.2056 40.4650
57.2064 40.5807
57.2076 40.8557
57.2077 40.7154
57.2078 40.7040
57.2080 40.7281
57.2080 40.7996
57.2081 40.6102
57.2082 40.5669
57.2093 40.4878
57.2093 40.6489
57.2096 40.5770
57.2097 40.5437
57.2102 40.9067
57.2108 40.7575
57.2112 40.7340
57.2115 40.7692
57.2122 40.5752
57.2122 40.7980
57.2135 40.8474
57.2158 40.7849
57.2160 40.5630
57.2170 40.7441
57.2176 40.6738
57.2176 40.8107
57.2199 40.6502
57.2215 40.6059
57.2231 40.6942
57.2233 40.9077
57.2240 40.7608
57.2255 40.6017
57.2256 40.5160
57.2257 40.3843
57.2268 40.5350
57.2268 40.6496
57.2270 40.5404
57.2271 40.5564
57.2278 40.5561
57.2283 40.7157
57.2297 40.8202
57.2299 40.5106
57.2312 40.5800
57.2319 40.5867
57.2322 40.5710
57.2325 40.8753
57.2332 40.9162
57.2336 40.6388
57.2339 40.5525
57.2353 40.7807
57.2368 40.5982
57.2374 40.5678
57.2387 40.4247
57.2387 40.4960
57.2399 40.8079
57.2405 40.8496
57.2409 40.6792
57.2423 40.6551
57.2425 40.4864
57.2425 40.5214
57.2441 40.5949
57.2443 40.7983
57.2454 40.9327
57.2456 40.4834
57.2460 40.6421
57.2471 40.7258
57.2510 40.5605
57.2537 40.8653
57.2551 40.4559
57.2562 40.5322
57.2562 40.7094
57.2569 40.9343
57.2592 40.7692
57.2595 40.6287
57.2605 40.7027
57.2620 40.7436
57.2645 40.4774
57.2649 40.6381
57.2653 40.6185
57.2656 40.8664
57.2661 40.7252
57.2661 40.8002
57.2673 40.7617
57.2679 40.8282
57.2691 40.9568
57.2726 40.7549
57.2733 40.6213
57.2772 40.5816
57.2785 40.8699
57.2788 40.6129
57.2794 40.8929
57.2795 40.8330
57.2814 40.5484
57.2817 40.8954
57.2825 40.7851
57.2829 40.8981
57.2835 40.5564
57.2841 40.7515
57.2841 40.7976
57.2886 40.7881
57.2938 40.8036
57.2941 40.8749
57.2991 40.8490
57.3016 40.5672
57.3050 40.7317
57.3071 40.5600
57.3077 40.5230
57.3161 40.6214
57.3221 40.5797
57.3364 40.6128
57.3491 40.5490
57.3518 40.7571
57.3811 40.7469
