139.4465 56.3665
139.4499 56.2572
139.4514 56.1431
139.4737 56.2662
139.4855 56.1136
139.4993 56.0868
139.5021 56.2873
139.5210 56.0263
139.5289 56.3140
139.5465 56.2606
139.5473 55.9519
139.5483 56.2224
139.5575 56.2505
139.5622 56.1800
139.5663 56.2459
139.5668 56.3317
139.5698 56.2443
139.5710 56.2986
139.5742 56.3550
139.5745 56.2007
139.5807 56.2100
139.5869 56.3230
139.5872 56.3484
139.5876 56.3556
139.5897 56.2714
139.5908 56.2965
139.5938 56.2832
139.5955 56.1272
139.5981 56.3543
139.6008 56.3686
139.6130 56.3293
139.6135 56.2707
139.6142 56.2791
139.6159 56.3141
139.6165 56.2562
139.6192 56.1658
139.6198 56.3075
139.6204 56.2808
139.6207 56.2739
139.6208 56.3219
139.6217 56.2220
139.6218 56.3330
139.6219 56.2825
139.6228 56.3972
139.6230 56.3353
139.6238 56.2970
139.6240 56.3074
139.6242 56.2912
139.6246 56.2854
139.6248 56.2713
139.6252 56.2428
139.6258 56.2429
139.6259 56.3866
139.6266 56.3256
139.6267 56.2624
139.6289 56.1917
139.6295 56.3686
139.6300 56.3076
139.6300 56.3193
139.6316 56.0940
139.6324 56.2064
139.6333 56.1554
139.6344 56.0383
139.6372 56.3186
139.6373 56.4481
139.6383 56.4169
139.6399 56.3343
139.6404 56.3640
139.6431 56.3199
139.6437 56.2731
139.6440 56.0730
139.6441 56.1972
139.6446 56.2702
139.6466 56.3451
139.6485 56.0142
139.6489 56.3261
139.6491 56.2800
139.6491 56.3616
139.6500 56.3978
139.6520 56.2746
139.6521 56.3219
139.6525 56.4384
139.6528 56.2889
139.6536 56.2509
139.6537 56.1834
139.6541 56.0385
139.6541 56.4066
139.6544 56.3339
139.6545 55.9850
139.6552 56.2044
139.6552 56.3415
139.6555 56.3081
139.6578 55.8975
139.6585 56.3414
139.6589 55.8315
139.6589 56.2499
139.6590 56.2904
139.6590 56.3214
139.6595 56.2814
139.6609 56.2637
139.6609 56.4164
139.6610 56.1833
139.6614 56.2088
139.6617 56.2598
139.6617 56.3437
139.6619 56.0023
139.6626 56.3774
139.6627 56.3508
139.6627 56.3972
139.6648 56.0099
139.6649 56.3550
139.6653 56.1808
139.6667 56.3327
139.6682 56.2779
139.6683 56.2524
139.6685 56.2824
139.6686 56.3181
139.6697 56.3427
139.6698 56.0734
139.6699 56.1973
139.6699 56.2673
139.6711 56.2475
139.6720 56.1843
139.6723 56.2269
139.6732 56.2103
139.6732 56.3212
139.6733 56.2634
139.6734 56.1608
139.6736 56.2751
139.6745 56.2352
139.6758 56.3664
139.6759 56.1333
139.6778 56.2013
139.6782 56.0539
139.6786 56.3123
139.6796 55.9337
139.6796 56.2681
139.6798 56.3840
139.6800 56.1809
139.6800 56.4794
139.6806 56.2949
139.6812 56.2790
139.6813 56.3209
139.6813 56.3887
139.6814 56.1326
139.6815 56.2737
139.6820 56.2796
139.6822 56.3379
139.6823 56.0472
139.6823 56.2364
139.6826 56.2938
139.6826 56.4068
139.6833 56.2334
139.6835 56.3343
139.6837 56.2829
139.6839 56.2438
139.6842 56.3781
139.6845 56.0372
139.6861 56.2533
139.6864 56.2395
139.6864 56.3192
139.6872 56.2877
139.6887 56.3656
139.6888 56.3121
139.6888 56.3125
139.6891 56.2974
139.6898 56.2794
139.6898 56.2884
139.6902 56.2619
139.6916 56.3470
139.6926 56.2997
139.6930 56.2659
139.6938 56.3514
139.6940 56.2571
139.6945 56.1737
139.6953 56.3352
139.6956 56.3511
139.6965 56.1980
139.6968 56.2802
139.6977 56.1320
139.6981 56.3739
139.6993 56.2537
139.6994 55.9881
139.6994 56.0167
139.6994 56.1872
139.7002 56.2726
139.7007 56.3076
139.7017 56.0879
139.7024 56.1057
139.7031 56.2915
139.7032 56.0313
139.7034 56.0358
139.7037 56.2939
139.7039 55.8622
139.7046 56.2269
139.7054 55.9945
139.7056 56.2500
139.7057 56.2872
139.7061 55.9870
139.7065 56.2547
139.7070 56.0447
139.7072 56.0670
139.7072 56.1537
139.7072 56.2632
139.7076 56.1886
139.7076 56.3656
139.7078 56.3904
139.7080 56.3138
139.7087 56.3067
139.7098 56.3336
139.7099 56.0601
139.7121 56.2942
139.7127 56.1110
139.7128 56.0933
139.7128 56.3157
139.7132 56.3004
139.7136 56.2932
139.7139 56.1332
139.7142 56.2747
139.7143 56.0907
139.7153 56.3560
139.7160 56.3050
139.7173 56.2136
139.7176 55.9979
139.7177 56.2572
139.7177 56.3350
139.7181 56.2541
139.7181 56.4039
139.7183 56.2476
139.7185 56.0678
139.7187 56.2784
139.7191 56.3252
139.7192 56.0047
139.7195 56.0784
139.7195 56.3099
139.7198 56.1502
139.7198 56.2023
139.7205 56.2801
139.7205 56.3096
139.7222 56.3233
139.7224 56.0880
139.7225 56.3431
139.7227 56.1707
139.7228 56.3233
139.7233 56.0609
139.7238 56.3892
139.7248 56.0672
139.7248 56.2542
139.7250 56.3826
139.7258 55.8156
139.7258 56.1563
139.7261 56.0725
139.7270 56.0794
139.7275 56.1443
139.7279 56.0460
139.7279 56.0816
139.7280 56.3582
139.7287 56.3892
139.7298 56.2701
139.7299 56.2972
139.7302 56.0933
139.7302 56.2055
139.7307 56.2238
139.7310 56.2205
139.7316 56.0157
139.7317 55.9765
139.7318 56.3665
139.7322 56.3330
139.7329 56.0866
139.7330 56.0504
139.7334 56.1888
139.7347 56.3689
139.7354 56.1534
139.7356 56.2628
139.7361 56.2132
139.7372 56.1431
139.7374 56.2710
139.7375 56.3812
139.7379 56.1515
139.7380 56.1170
139.7389 55.9159
139.7391 56.3093
139.7394 55.9937
139.7395 56.1462
139.7396 55.9355
139.7396 56.2083
139.7397 56.1803
139.7398 56.3016
139.7399 56.2617
139.7403 56.0978
139.7404 56.0114
139.7404 56.3070
139.7405 56.1869
139.7413 56.0147
139.7422 55.9880
139.7423 56.0831
139.7434 56.0817
139.7435 56.0935
139.7435 56.2301
139.7438 56.4412
139.7439 55.9727
139.7444 56.4400
139.7445 56.0584
139.7445 56.3178
139.7447 56.1115
139.7453 56.3692
139.7455 56.0128
139.7458 56.1812
139.7473 56.0789
139.7474 56.2899
139.7482 56.0580
139.7492 55.9284
139.7505 56.3025
139.7511 56.2824
139.7512 56.1070
139.7513 56.1602
139.7521 56.2007
139.7526 56.1976
139.7531 56.1987
139.7542 56.0548
139.7543 56.0430
139.7545 56.1858
139.7547 56.3243
139.7549 56.0746
139.7552 56.3825
139.7554 55.9241
139.7555 55.9575
139.7556 56.1853
139.7558 56.2435
139.7558 56.3105
139.7582 55.9642
139.7582 56.1448
139.7584 56.1027
139.7586 56.1249
139.7599 55.8177
139.7602 56.1148
139.7619 56.0202
139.7630 56.3384
139.7637 56.0930
139.7648 56.3440
139.7650 56.2117
139.7665 56.0680
139.7667 56.0560
139.7674 56.3975
139.7677 56.2654
139.7696 56.3736
139.7703 56.0495
139.7707 56.0565
139.7714 56.0393
139.7715 55.9585
139.7716 56.0476
139.7717 55.9566
139.7727 56.0763
139.7738 56.3555
139.7740 56.0137
139.7756 56.3373
139.7777 56.0372
139.7778 56.0197
139.7787 55.9743
139.7795 56.1905
139.7796 56.0729
139.7798 56.3729
139.7811 55.9719
139.7820 56.2455
139.7821 56.2763
139.7824 56.0426
139.7830 56.0308
139.7833 56.0607
139.7854 56.0384
139.7856 56.4130
139.7863 56.0306
139.7867 56.0351
139.7894 56.1330
139.7901 56.2564
139.7906 56.4350
139.7927 56.0884
139.7941 56.3771
139.7950 56.1193
139.7954 56.3994
139.7976 55.9882
139.7979 56.3496
139.7980 56.1579
139.7988 56.3933
139.7989 55.8369
139.7996 56.3507
139.8002 56.4029
139.8008 56.0940
139.8008 56.2415
139.8012 56.2094
139.8014 55.9315
139.8018 56.0276
139.8029 56.0727
139.8031 56.0394
139.8034 55.8880
139.8051 56.0443
139.8055 56.0637
139.8057 56.1541
139.8058 56.4309
139.8090 56.1208
139.8091 56.0763
139.8098 56.0213
139.8100 56.2627
139.8104 56.0126
139.8106 56.1283
139.8112 56.4057
139.8112 56.4375
139.8128 56.0425
139.8142 56.3868
139.8143 56.0381
139.8151 56.0441
139.8153 56.4747
139.8158 56.0843
139.8162 56.0895
139.8170 56.1313
139.8174 56.2402
139.8176 55.9945
139.8197 56.3822
139.8200 56.3933
139.8205 56.0011
139.8205 56.0611
139.8208 55.9315
139.8208 56.1995
139.8211 56.0897
139.8211 56.2384
139.8213 56.2498
139.8223 56.4314
139.8227 56.0386
139.8235 56.2552
139.8236 56.1778
139.8239 56.1594
139.8246 55.9694
139.8247 56.3552
139.8250 56.0291
139.8257 56.1213
139.8266 56.3929
139.8268 56.0703
139.8270 56.0570
139.8271 56.4225
139.8272 56.3676
139.8288 56.4124
139.8290 56.2675
139.8300 56.2231
139.8301 56.1350
139.8303 56.0480
139.8309 56.1844
139.8309 56.4004
139.8310 56.2122
139.8313 56.1090
139.8314 56.0124
139.8317 56.3800
139.8327 56.3695
139.8351 55.9912
139.8355 56.3818
139.8357 56.0680
139.8384 56.3884
139.8388 56.2641
139.8392 56.1020
139.8392 56.1632
139.8393 56.5927
139.8396 56.2774
139.8401 55.9882
139.8406 56.3821
139.8410 56.0394
139.8414 55.9955
139.8419 56.0037
139.8422 56.4592
139.8425 56.3535
139.8433 56.1064
139.8439 56.0423
139.8439 56.3889
139.8442 56.1009
139.8452 56.4515
139.8453 56.1434
139.8454 56.4116
139.8456 56.4605
139.8465 56.2625
139.8472 56.1999
139.8474 56.0619
139.8478 56.0310
139.8483 56.1394
139.8506 56.4045
139.8512 56.4058
139.8533 56.4049
139.8538 56.2772
139.8539 56.4414
139.8543 56.1423
139.8554 56.0795
139.8567 56.2961
139.8581 56.0895
139.8589 56.3898
139.8593 56.4430
139.8601 56.4444
139.8615 56.3015
139.8616 56.2451
139.8621 56.4071
139.8622 56.0566
139.8625 56.4385
139.8637 56.2397
139.8642 56.4068
139.8644 56.3922
139.8644 56.4161
139.8654 56.3942
139.8656 56.1082
139.8656 56.4249
139.8657 56.4768
139.8663 56.4298
139.8664 56.3533
139.8670 55.9809
139.8679 56.3720
139.8679 56.4258
139.8683 56.4408
139.8691 56.0728
139.8695 56.3136
139.8699 56.0844
139.8699 56.3356
139.8707 56.2035
139.8714 56.3927
139.8718 56.4683
139.8722 56.1050
139.8723 56.0902
139.8724 56.3650
139.8736 56.3849
139.8749 56.0785
139.8752 56.3309
139.8758 56.2041
139.8765 56.4204
139.8766 56.3451
139.8766 56.3675
139.8767 56.3262
139.8767 56.4178
139.8771 56.4413
139.8773 56.0448
139.8774 56.1394
139.8778 56.1560
139.8784 56.1486
139.8786 56.3356
139.8787 56.2375
139.8788 56.1204
139.8799 56.2132
139.8802 56.2261
139.8805 56.3616
139.8808 56.3698
139.8811 56.3215
139.8813 56.3013
139.8813 56.4032
139.8814 56.1592
139.8828 56.2747
139.8832 56.4227
139.8835 56.1317
139.8840 56.4375
139.8842 56.3057
139.8842 56.4073
139.8845 55.9747
139.8849 56.1754
139.8850 56.0290
139.8851 56.1298
139.8852 56.3197
139.8861 56.0606
139.8862 56.2952
139.8864 56.0760
139.8874 56.2608
139.8876 56.3322
139.8879 56.4280
139.8883 56.3520
139.8883 56.4220
139.8891 56.0736
139.8891 56.2273
139.8908 56.1882
139.8938 56.2254
139.8939 56.1081
139.8939 56.4722
139.8942 56.4236
139.8948 56.0711
139.8951 56.2867
139.8964 56.1879
139.8970 56.4118
139.8971 56.1180
139.8972 56.1391
139.8973 56.0934
139.8973 56.3103
139.8984 56.1857
139.8989 56.3313
139.8989 56.3921
139.8993 56.2165
139.9002 56.4162
139.9009 56.2355
139.9014 56.2955
139.9018 56.3896
139.9021 56.1100
139.9024 56.3223
139.9027 56.4021
139.9038 56.2591
139.9044 56.1138
139.9046 56.2657
139.9053 56.0064
139.9053 56.3053
139.9056 56.4017
139.9057 56.1830
139.9058 56.2500
139.9060 56.2475
139.9064 56.3852
139.9073 56.1260
139.9076 56.3757
139.9077 56.2280
139.9087 56.2878
139.9094 56.3552
139.9105 56.3877
139.9106 56.1741
139.9106 56.4126
139.9107 56.1350
139.9111 56.1707
139.9111 56.3475
139.9116 56.2380
139.9116 56.3546
139.9117 56.1350
139.9117 56.2679
139.9118 56.1801
139.9121 56.1662
139.9124 56.3665
139.9127 56.1977
139.9131 56.4396
139.9134 55.8684
139.9134 56.3758
139.9139 56.0991
139.9144 56.1782
139.9151 56.1681
139.9158 56.1278
139.9160 56.0918
139.9165 55.9804
139.9166 56.2904
139.9178 56.2557
139.9179 56.2494
139.9188 56.1057
139.9205 56.1299
139.9209 56.4987
139.9211 56.3661
139.9212 56.0574
139.9222 56.2898
139.9223 56.3880
139.9224 56.2537
139.9227 56.2702
139.9228 56.2358
139.9233 56.4196
139.9240 55.9534
139.9244 56.1330
139.9255 56.4406
139.9265 56.1684
139.9269 56.1067
139.9269 56.4267
139.9277 56.2269
139.9288 56.1456
139.9299 56.1626
139.9306 56.0636
139.9315 56.2666
139.9319 56.0487
139.9322 56.1017
139.9322 56.2533
139.9326 56.1774
139.9333 56.0510
139.9353 56.0800
139.9354 56.2243
139.9366 56.0608
139.9378 56.0639
139.9379 56.0551
139.9386 56.2580
139.9390 56.2088
139.9414 56.3212
139.9424 55.9943
139.9429 56.1375
139.9434 56.1963
139.9436 56.3288
139.9437 56.3718
139.9439 56.1537
139.9445 56.1497
139.9456 56.4467
139.9458 56.1322
139.9460 56.2217
139.9483 56.1894
139.9498 56.3913
139.9506 56.1300
139.9519 56.0187
139.9530 56.1110
139.9540 56.3978
139.9541 56.1316
139.9562 56.0971
139.9562 56.1521
139.9564 56.1181
139.9566 56.3081
139.9570 56.1924
139.9586 56.0456
139.9590 56.1182
139.9600 56.2779
139.9600 56.4664
139.9610 56.1169
139.9610 56.1294
139.9615 56.1293
139.9626 56.0599
139.9630 56.1944
139.9634 56.3870
139.9643 56.0415
139.9644 56.1085
139.9644 56.4780
139.9652 56.1779
139.9658 56.1372
139.9666 56.2118
139.9668 55.9966
139.9671 56.1742
139.9674 56.1693
139.9694 56.2014
139.9710 56.1582
139.9713 56.0837
139.9718 56.1772
139.9729 56.0737
139.9738 56.3099
139.9742 56.1299
139.9754 56.0399
139.9755 56.0673
139.9782 56.1495
139.9807 55.8713
139.9817 56.3092
139.9824 56.4683
139.9826 56.1182
139.9829 56.1377
139.9830 56.1512
139.9830 56.2882
139.9832 56.0848
139.9840 56.1628
139.9848 56.1099
139.9862 56.1115
139.9865 56.1285
139.9867 56.1040
139.9876 56.0815
139.9886 56.1451
139.9895 56.1450
139.9897 56.0694
139.9904 56.1279
139.9932 56.1758
139.9940 56.1833
139.9943 56.0930
139.9950 56.1076
139.9956 56.1804
139.9967 56.0466
139.9991 56.1067
140.0028 56.2795
140.0031 56.1009
140.0039 56.2685
140.0056 56.0435
140.0064 56.0832
140.0066 56.3044
140.0075 56.2194
140.0077 56.1498
140.0093 55.9634
140.0120 56.0748
140.0123 56.3295
140.0132 55.9783
140.0142 56.1265
140.0145 56.0818
140.0177 56.1062
140.0197 56.1552
140.0201 56.0848
140.0202 55.9801
140.0209 56.1292
140.0214 56.1700
140.0244 55.9281
140.0247 56.1348
140.0289 56.0775
140.0334 56.1515
140.0351 56.0563
140.0353 56.0864
140.0355 56.0108
140.0403 56.1339
140.0412 56.0859
140.0423 56.1029
140.0432 56.1034
140.0434 56.0368
140.0461 56.0919
140.0467 56.0606
140.0507 56.1750
140.0626 56.0722
140.0638 56.0811
140.0827 56.0670
140.1042 56.0215
140.1150 56.0621
140.1404 56.3559
