138.2776 40.5352
137.8598 40.2884
138.2211 40.3795
138.1644 40.5170
138.1927 40.6355
138.2130 40.6584
138.0406 40.4707
138.1158 40.5190
138.0182 40.7254
138.4285 40.4947
138.3661 40.6495
138.1275 40.8005
138.1915 40.3257
138.1691 40.8224
138.2347 40.6568
138.1303 40.4530
138.1934 40.6311
138.4294 40.4689
138.2660 40.5784
137.9629 40.5517
138.2880 40.5243
138.0231 40.3899
138.0582 40.5649
138.1971 40.5160
138.3318 40.5881
137.9991 40.3366
138.2889 40.7318
137.9890 40.7366
138.1761 40.3793
138.4145 40.6026
138.0150 40.4468
137.9624 40.3948
138.2419 40.6429
138.3410 40.3487
137.9723 40.4680
137.9928 40.9188
137.9859 40.4988
137.9922 40.4914
138.2086 40.5470
138.1771 40.4419
138.1320 40.5283
138.4096 40.6572
137.7332 40.7502
137.6923 40.5324
138.1033 40.5690
137.9041 40.6842
137.8811 40.4770
138.2657 40.7375
137.7844 40.7355
138.0921 40.5781
137.7720 40.9387
137.9523 40.3758
137.8268 40.7630
137.6106 40.8410
137.7086 40.6212
137.8777 40.7016
137.6698 40.3786
137.7736 40.8007
137.9657 40.5553
137.8311 40.6686
138.2471 40.2209
138.0359 40.8053
137.7809 40.6429
137.7234 40.7697
138.1782 40.5779
137.7204 40.3423
137.6436 40.7785
137.8538 40.6649
138.1190 40.8342
137.8034 40.3849
137.8229 40.8841
137.8843 40.6319
137.7202 40.3374
137.6844 40.5474
137.8855 40.5650
137.9097 40.7225
137.7398 40.4666
138.0851 40.6093
137.9291 40.4351
138.1168 40.3605
137.9964 40.3977
138.2018 40.6198
137.9857 40.3312
138.0020 40.3128
137.9990 40.3129
137.7397 40.2383
137.8476 40.4086
137.8425 40.3671
137.8582 40.4229
137.9106 40.4239
137.9388 40.7212
137.7403 40.5464
137.7438 40.9509
137.7560 40.5714
137.8126 40.3467
137.6930 40.6308
137.8384 40.5656
138.0700 40.6352
138.2532 40.3845
138.0865 40.7341
138.4163 40.3798
138.1633 40.5842
138.0464 40.3379
137.5496 40.5876
137.8191 40.6106
137.9272 40.7297
138.1348 40.6807
137.9151 40.3809
137.6897 40.3860
137.8480 40.2736
137.8254 40.2359
138.1113 40.4136
137.7886 40.5814
138.0094 40.1942
137.7990 40.2976
137.8503 40.3825
137.9744 40.3358
138.0934 40.4361
137.8038 40.3822
137.7930 40.1798
137.9776 40.2572
137.7333 40.3332
138.0840 40.3172
137.9218 40.2261
137.8482 40.5612
137.8754 40.4760
137.7766 40.2269
137.8945 40.3081
137.9523 40.3487
137.8063 40.3360
138.0943 40.4369
138.3397 40.5900
138.3126 40.5709
138.4549 40.5742
138.3658 40.4933
138.2514 40.6472
138.3924 40.4164
138.2712 40.5668
138.4528 40.4751
138.4171 40.6391
138.3469 40.5660
138.2769 40.5635
138.3486 40.6019
138.1104 40.5354
138.1633 40.5133
138.1046 40.4675
138.3887 40.4327
137.8531 40.5488
138.1796 40.5887
138.1060 40.4311
138.3517 40.4817
138.2882 40.5276
138.0614 40.5076
138.1757 40.5008
138.1836 40.5233
138.2999 40.7061
138.2015 40.5946
138.2954 40.3686
138.0741 40.5567
138.3891 40.5750
138.3347 40.4470
138.3903 40.4107
138.1135 40.5856
138.1090 40.3828
138.2418 40.7482
138.2599 40.5691
138.2074 40.5676
138.2348 40.5113
138.2161 40.5670
138.2073 40.4428
138.2432 40.4911
138.1286 40.5603
137.9248 40.7401
137.9260 40.6602
137.9831 40.6853
137.8692 40.5726
137.7100 40.6804
137.9760 40.7180
137.9370 40.6740
137.9618 40.6522
138.0762 40.7358
137.9691 40.6809
138.0736 40.5765
137.9042 40.5803
137.7511 40.4259
137.9049 40.6119
137.9179 40.8062
137.8044 40.5166
137.8164 40.4513
137.8617 40.3975
137.8508 40.6121
137.7951 40.5861
137.8504 40.6017
138.0558 40.4604
137.7242 40.5833
137.7274 40.6358
137.9983 40.7861
138.0567 40.5824
137.9162 40.6670
138.0584 40.4569
138.0229 40.6700
137.8929 40.7225
138.0015 40.6214
138.0608 40.6693
137.9680 40.6029
137.8383 40.4956
137.8476 40.6954
137.9350 40.5627
138.0201 40.6366
137.9451 40.4194
137.9520 40.6144
138.1080 40.8031
138.0778 40.6166
137.6327 40.6137
137.8275 40.5004
137.9439 40.6822
137.8851 40.5578
137.9838 40.7149
137.9570 40.7158
137.7480 40.6177
137.8193 40.7310
138.0021 40.5848
137.9236 40.6616
137.7057 40.5946
137.8991 40.6566
137.8394 40.5939
137.8196 40.6830
137.8920 40.5962
137.9452 40.6360
137.8873 40.7202
137.7769 40.6850
137.8848 40.5891
137.8903 40.6152
137.8795 40.5986
137.9208 40.6633
137.7979 40.5434
137.8880 40.5564
137.8070 40.6843
137.9359 40.6737
137.8984 40.5909
137.9475 40.6053
137.9589 40.6272
137.9167 40.7037
137.8594 40.6210
137.8953 40.6195
137.8739 40.6862
137.8773 40.6658
137.9895 40.3097
138.0345 40.3335
137.9849 40.1139
137.8729 40.1823
138.0066 40.2934
138.1629 40.5242
137.8725 40.2973
137.8322 40.5405
138.1313 40.3552
137.8886 40.3264
138.1911 40.2706
137.6736 40.5599
137.9873 40.3949
137.9730 40.3215
137.9830 40.3372
137.8124 40.4157
138.1042 40.5536
137.6794 40.5412
137.6211 40.8645
137.5732 40.5048
137.9491 40.4854
137.8237 40.4047
138.0583 40.3420
137.7839 40.6078
137.8405 40.3046
137.8612 40.6263
138.0503 40.4820
137.9683 40.2963
137.9336 40.2990
137.9786 40.2305
137.6511 40.4404
138.2617 40.3176
137.7165 40.3203
137.8347 40.4111
138.1158 40.2424
137.8298 40.3929
137.9891 40.1346
138.0641 40.3289
138.0116 40.3113
138.1442 40.2580
137.8685 40.1579
138.0234 40.3687
137.9054 40.3109
137.9200 40.3201
138.0609 40.2643
137.9953 40.3570
137.8368 40.2751
137.9286 40.3963
137.9207 40.2052
137.9902 40.2269
137.8054 40.3099
138.0487 40.2779
138.0823 40.2670
137.6374 40.4456
138.0482 40.4239
137.8002 40.2383
137.9737 40.3126
138.1461 40.3253
137.8448 40.4101
137.9756 40.4541
137.7828 40.5129
137.8659 40.2901
137.9748 40.4341
137.9552 40.2472
138.0116 40.3449
137.9195 40.3177
137.9888 40.3278
137.8598 40.3947
137.9202 40.2571
137.9394 40.3187
137.8580 40.2862
137.9222 40.2964
137.9644 40.3272
137.9510 40.3823
137.8123 40.4215
137.9756 40.4666
137.9513 40.3754
137.9547 40.3634
137.9023 40.4128
137.9162 40.3126
137.8589 40.2111
137.8968 40.3309
137.9497 40.2993
137.8913 40.3003
137.8084 40.3115
137.9466 40.2467
138.0659 40.2298
137.9609 40.2340
137.8835 40.3345
138.0157 40.3368
137.9855 40.2947
137.8954 40.3165
138.0039 40.2868
137.8883 40.3483
137.8802 40.2510
137.9456 40.3249
137.8782 40.2460
138.0872 40.3681
137.9775 40.2810
137.9206 40.3614
137.8407 40.3681
137.9943 40.2388
137.9857 40.3042
137.9224 40.3244
137.8876 40.3263
137.9147 40.2971
137.8744 40.3715
137.9217 40.3200
137.9617 40.3692
137.9739 40.3270
137.9866 40.3059
137.9598 40.2833
137.9496 40.3808
137.8813 40.3633
138.0263 40.3004
138.0086 40.3877
137.9098 40.4467
138.0461 40.2960
137.9888 40.3536
137.8746 40.3970
137.7741 40.4126
137.9687 40.1590
138.0711 40.2712
137.7408 40.2670
137.8879 40.3733
138.1341 40.3095
137.8299 40.2329
137.9931 40.2669
137.9922 40.2269
137.9458 40.2791
137.9900 40.3285
137.9662 40.3750
137.9605 40.2574
137.9627 40.3033
137.9248 40.3263
137.9838 40.3583
138.0696 40.3225
138.1902 40.4763
138.2566 40.5261
138.2074 40.4697
138.2374 40.4422
138.3918 40.5044
138.2672 40.3759
138.0632 40.4496
138.1193 40.5683
138.3190 40.5209
138.2672 40.2475
138.3228 40.7407
138.2011 40.4112
138.0622 40.6081
138.4173 40.5292
137.9679 40.5567
137.9208 40.6652
138.1014 40.5763
138.0043 40.4230
137.7829 40.8133
137.7052 40.7612
138.0327 40.7213
137.9092 40.3884
138.0619 40.7787
137.7078 40.7768
138.0626 40.4955
137.9220 40.7730
137.7592 40.7287
137.9257 40.6899
137.8959 40.4676
137.8991 40.6258
137.8244 40.6484
137.9851 40.5352
137.8507 40.6052
137.8166 40.6683
137.9957 40.5524
137.9157 40.6869
138.0682 40.7146
137.9297 40.2423
137.8666 40.3169
137.9479 40.2087
138.0241 40.2100
137.7860 40.2360
137.8082 40.2449
137.8039 40.3717
137.7241 40.4861
138.0073 40.3529
137.9927 40.4596
137.8430 40.2335
138.0391 40.5933
137.8569 40.3180
137.9879 40.2913
138.0860 40.3129
138.0776 40.2572
137.9063 40.2011
138.0902 40.2663
138.1113 40.2898
137.7042 40.3257
137.8776 40.3925
137.8225 40.3402
138.0489 40.3149
138.0374 40.3014
138.0583 40.4939
137.7360 40.2873
137.9979 40.2925
138.0190 40.1610
137.9644 40.4605
137.9777 40.2654
137.9721 40.4149
138.0988 40.2981
138.0424 40.3151
137.9911 40.2778
138.1396 40.2582
137.7890 40.2363
137.9223 40.3994
137.9173 40.3450
138.0156 40.3769
138.0666 40.3394
137.9995 40.2934
137.9455 40.2956
137.9449 40.1535
138.1731 40.2361
138.1380 40.2240
137.8782 40.2873
137.9756 40.2527
137.8248 40.4202
137.9339 40.3954
138.1198 40.2677
138.0221 40.4447
137.9148 40.3196
137.9018 40.4050
138.2759 40.4900
137.9880 40.2431
137.9725 40.1653
137.9830 40.2775
137.9297 40.1409
137.8517 40.3383
137.9498 40.2373
137.8462 40.4199
138.1976 40.3903
138.0920 40.4454
138.1002 40.3134
137.8096 40.3337
137.8290 40.3452
138.0216 40.3249
138.0706 40.1594
137.8692 40.2691
137.9251 40.7110
137.9926 40.3107
138.2185 40.1440
138.0065 40.3510
138.0002 40.4371
138.2529 40.5579
138.0019 40.6491
137.7073 40.3188
137.7381 40.6068
138.1180 40.3734
138.0424 40.1952
138.0886 40.4281
137.7280 40.2733
137.9578 40.3094
138.0280 40.1821
138.2309 40.3930
137.9205 40.3411
137.9275 40.2960
138.0562 40.3366
138.0185 40.2569
137.9285 40.1577
137.9700 40.2833
137.9792 40.1861
137.8591 40.4314
138.0099 40.1625
138.0046 40.3893
137.9462 40.2545
138.1228 40.2812
137.9101 40.4695
138.3044 40.5316
138.3082 40.3518
137.8787 40.5006
138.3134 40.2143
