11.5538 124.5382
11.7429 124.3791
11.7079 124.9390
11.8222 124.9369
11.5332 124.3992
11.5748 124.3368
11.6220 124.7682
11.5011 124.7791
11.3746 124.7536
11.6186 125.0774
11.5567 124.5354
11.8109 124.5286
11.7104 124.6974
11.3340 124.5279
11.5547 124.5957
11.4065 124.5381
11.1024 124.9746
11.4019 125.2131
11.6210 125.0080
11.6921 124.9647
11.5987 124.9648
11.5140 125.0743
11.5641 125.0345
11.5233 124.7981
11.8198 124.9487
11.6533 124.8620
11.5193 125.0250
11.6449 125.0059
11.6517 125.0746
11.5628 125.0729
11.6032 124.9918
11.5351 125.0687
11.6353 125.0674
11.5848 124.9772
11.6412 124.9977
11.4305 125.0401
11.5982 124.7518
11.6733 124.8891
11.6193 124.9375
11.8117 125.0355
11.5200 125.0539
11.5185 125.0180
11.7631 125.1043
11.7299 124.9843
11.5856 124.9769
11.5884 124.9818
11.5276 124.9003
11.6999 125.1205
11.6352 125.1726
11.7604 124.8709
11.6678 125.0374
11.6769 125.0754
11.4898 125.0208
11.6509 125.0528
11.6826 125.0742
11.6393 125.0404
11.3255 124.8804
11.2130 124.7687
11.2587 124.8049
11.3547 124.8020
11.3046 124.7882
11.4179 124.9534
11.2421 124.8688
11.3015 124.7925
11.3725 124.8178
11.2712 124.8812
11.2330 124.8781
11.3370 124.7084
11.1808 124.7790
11.3462 124.7969
11.3808 124.9311
11.4305 124.8104
11.3583 124.7879
11.2935 124.8153
11.1957 124.8780
11.3626 124.7975
11.3861 124.8790
11.3310 124.7385
11.3433 124.7909
11.3748 124.9210
11.4968 124.7225
11.4406 124.9206
11.3451 124.8828
11.4112 124.7181
11.3795 124.8883
11.3664 124.8097
11.4525 124.7995
11.3727 124.8240
11.3390 124.8027
11.2795 124.7541
11.3617 124.9292
11.3036 124.8066
11.3687 124.8049
11.3031 124.8497
11.4317 124.8443
11.4914 124.8931
11.2858 124.7330
11.4102 124.7931
11.2723 124.7773
11.3712 124.8517
11.3257 124.9022
11.3245 124.8510
11.3928 124.8256
11.4985 124.9205
11.2457 124.7770
11.4079 124.6518
11.4167 124.7932
11.2794 124.8332
11.3584 124.8558
11.4342 124.9086
11.5650 124.7994
11.3227 124.7982
11.2286 124.6587
11.3893 124.8034
11.2056 124.7326
11.3053 124.7612
11.3499 124.8840
11.2815 124.7655
11.3852 124.7552
11.3797 124.9063
11.2692 124.9812
11.4466 124.6792
11.4278 124.7745
11.4237 124.8347
11.4259 124.8385
11.2668 124.6525
11.3938 124.9110
11.3389 124.8135
11.5301 124.8104
11.5206 124.7679
11.6624 124.6493
11.5247 124.6817
11.7064 124.4926
11.6456 124.7396
11.5779 124.7357
11.6313 124.7146
11.9245 124.6380
11.4648 125.0079
11.4597 124.5360
11.4690 124.3612
11.5304 124.8120
11.6463 124.6581
11.6239 124.6550
11.6841 124.6807
11.7121 124.7059
11.6264 124.7265
11.6904 124.6356
11.7076 124.6352
11.6901 124.6804
11.6872 124.6934
11.6214 124.6872
11.7135 124.7260
11.6388 124.4498
11.7670 124.6660
11.6903 124.6250
11.6990 124.6314
11.6563 124.5154
11.6915 124.6212
11.6066 124.5565
11.5831 124.6586
11.6996 124.6070
11.6176 124.6672
11.6456 124.7040
11.6355 124.6326
11.6883 124.5988
11.6580 124.6576
12.0200 124.7353
11.7374 124.6437
11.6662 125.0102
11.6409 125.0642
11.7159 125.0539
11.6781 125.0836
11.5106 125.1227
11.6243 125.0365
11.6496 125.1421
11.5912 125.0962
11.7210 124.8984
11.7080 125.1082
11.7688 124.9833
11.6471 124.9906
11.5947 124.9775
11.6922 124.9720
11.6558 124.8393
11.6590 124.9319
11.6393 124.8801
11.7801 124.9031
11.7568 125.0238
11.7996 125.0710
11.6389 124.9114
11.5490 125.0608
11.5959 125.0796
11.6202 125.1522
11.5902 124.9876
11.6542 125.0633
11.6644 125.0101
11.3514 124.9009
11.3119 124.7164
11.2474 124.8627
11.6288 124.7781
11.3893 124.7122
11.5249 124.6251
11.3462 124.8918
11.2032 124.7406
11.1651 124.8465
11.3751 124.8122
11.2534 124.8764
11.1237 124.9196
11.4207 124.9687
11.4176 124.8107
11.2821 124.8861
11.3551 124.8788
11.4305 124.7683
11.3301 124.7999
11.3546 124.6974
11.4934 124.8715
11.3459 124.8205
11.3527 124.7973
11.2847 124.8403
11.2994 124.8638
11.2740 124.8573
11.4716 124.8990
11.4726 124.7957
11.3093 124.8077
11.3361 125.0051
11.3578 124.7469
11.3640 124.7883
11.3716 124.8221
11.4729 124.8388
11.3273 124.8024
11.4421 124.9094
11.3694 124.8129
11.5306 124.8012
11.2688 124.8372
11.4764 124.8428
11.3012 124.8342
11.4767 124.9303
11.4409 124.9617
11.3099 124.9720
11.3480 124.6975
11.2745 124.9607
11.3943 124.7827
11.3529 124.9888
11.3140 124.8528
11.3509 124.7812
11.3859 124.8543
11.4267 124.8029
11.3434 124.6967
11.4080 124.8218
11.3641 124.8660
11.4652 124.9847
11.3190 124.8811
11.4270 124.8783
11.2665 124.9747
11.3580 124.7753
11.3648 124.7597
11.2372 125.0417
11.5700 125.1417
11.8516 125.1730
11.4986 125.0678
11.6678 125.0545
11.7234 125.1302
11.7597 125.1811
11.8034 125.0710
11.6485 125.1363
11.7190 124.7569
11.5805 124.8206
11.7446 124.8913
11.5736 125.0154
11.5718 125.0559
11.6910 124.9657
11.6832 124.9512
11.7309 124.9579
11.5880 125.0464
11.6389 124.8731
11.7162 124.9720
11.8282 125.0546
11.6635 125.0278
11.7462 125.1979
11.6438 125.0118
11.8335 125.0713
11.7648 125.1241
11.6585 125.0433
11.8010 124.9762
11.6265 124.9939
11.6502 125.1193
11.5878 125.0537
11.6816 125.1486
11.7401 125.0119
11.7592 124.8998
11.7981 124.8333
11.6166 125.0842
11.7018 124.9258
11.6837 124.9931
11.6977 125.0289
11.6476 125.0629
11.5493 125.0164
11.6130 124.7159
11.7564 124.7088
11.7488 124.6535
11.6929 124.7532
11.5292 124.7013
11.7229 124.8824
11.6659 124.6218
11.7080 124.6458
11.7259 124.9580
11.7084 124.6593
11.6454 124.5469
11.6815 124.8727
11.6803 124.5799
11.6608 124.7116
11.5994 124.7951
11.7605 124.9085
11.6476 124.6508
11.6951 124.7573
11.7863 124.6739
11.6813 124.7267
11.6973 124.7151
11.6571 124.7040
11.5242 124.6736
11.6632 125.0309
11.6978 125.1331
11.7293 125.0037
11.5960 124.9755
11.6699 125.0636
11.5577 124.9328
11.7248 125.0709
11.8055 125.0534
11.5238 124.8722
11.6049 124.9625
11.6338 124.9498
11.6922 125.1611
11.7703 124.9060
11.8540 124.9705
11.7404 124.9509
11.7083 125.0785
11.6378 124.9847
11.7526 125.1369
11.6754 125.0427
11.6375 125.0099
11.5400 125.0436
11.6514 125.0496
11.7651 124.9935
11.6569 124.8387
11.7302 125.1259
11.6573 125.0835
11.6653 125.0062
11.6144 125.1065
11.6599 124.9683
11.5987 125.0158
11.6826 124.9382
11.6657 125.0501
11.7045 125.0332
11.6873 125.0914
11.6537 125.0286
11.6770 125.0394
