18.4934 155.1926
18.1541 155.1263
18.0880 155.2737
18.2385 155.0522
18.3272 155.0788
18.2280 155.1425
18.0737 154.9581
18.2821 155.2076
18.1393 155.1976
18.2474 155.0475
18.1489 155.2673
18.2380 154.9776
18.0516 155.0502
18.3064 155.1399
18.1759 154.9089
18.2200 155.0903
17.8551 155.3129
18.1744 155.1034
18.0857 155.2531
18.0577 154.9513
18.2458 155.2991
18.2900 155.2222
18.2138 155.1617
18.1569 155.2003
18.1230 155.1198
18.0817 155.0350
18.0966 155.1327
18.2114 155.1241
18.2297 155.1958
17.9923 155.2192
17.9961 154.9839
18.1703 155.0721
18.1369 155.1984
18.0869 155.0835
18.1421 155.2679
18.2452 155.1734
18.1104 155.0591
18.0691 155.1708
18.0122 155.1927
18.0695 155.1239
18.4871 155.1601
18.0473 155.0925
18.2624 155.1142
18.0710 155.1821
18.2676 155.0719
18.1424 155.0048
18.1719 154.9713
18.0199 155.1691
18.3332 155.1694
17.9385 154.9480
17.7774 154.8584
17.7946 154.9816
18.1440 155.1388
18.1672 155.1037
18.1439 155.0735
18.1491 155.0787
18.1666 155.0830
18.1866 155.0988
18.1911 155.0879
18.1329 155.0165
18.2116 155.1011
18.1350 155.0551
18.1621 155.1365
18.1869 155.0614
18.2474 155.0957
18.1636 155.0370
18.1832 155.0566
18.0857 155.1037
18.1892 155.0544
18.2253 155.0474
18.1152 155.0469
18.2055 155.0201
18.1975 155.0728
18.0658 155.0664
18.1047 155.0901
18.1967 155.1408
18.1991 155.0300
18.1545 155.0715
18.1754 155.0882
18.1404 155.0436
18.1354 155.0968
18.2061 155.1187
18.0675 155.0922
18.1688 155.0639
18.1316 155.0992
18.2164 155.0793
18.1407 155.0754
18.1824 155.1149
18.2068 155.0554
18.1004 155.1894
18.1165 155.1808
17.8887 155.0138
17.8461 155.0933
17.9744 154.8858
17.8442 155.2751
17.7003 155.3339
18.0753 154.9349
17.9488 155.2288
17.8668 155.1402
17.8280 155.0705
17.8769 155.2492
17.8227 155.1840
17.8637 155.4347
17.6674 155.0845
17.9664 155.2488
17.7862 155.1807
17.8502 155.3425
17.9247 155.2702
17.9130 155.2769
17.7830 155.4364
17.6558 155.3717
17.8243 155.1228
17.9346 155.3264
17.8657 155.1727
18.0222 155.2316
17.7319 155.1900
17.6105 155.3051
17.7402 155.1512
17.7174 155.1988
17.8255 155.1829
17.8461 155.2341
17.7963 155.2144
17.6475 155.1663
18.0046 155.2545
17.9937 155.1865
17.8384 155.2859
17.8985 155.1074
17.7844 155.2626
17.8247 155.1618
17.6681 155.3480
17.8581 155.3103
17.8101 155.1629
17.8965 155.2424
17.9694 155.3990
18.1042 155.1537
17.8567 155.0578
17.9001 155.3259
17.9287 155.2050
17.7807 155.3763
17.7536 155.3651
17.7136 155.2681
18.0359 155.1884
18.0043 155.2177
17.8988 155.2563
18.0265 155.4316
17.9056 155.1591
17.7883 155.5330
17.7192 155.2601
17.9774 155.2986
17.8987 155.2629
17.8927 155.3177
17.9179 155.1560
17.8743 155.1582
17.8462 155.2142
17.8485 155.1860
17.8459 155.2909
17.9892 155.3054
18.0363 155.3043
17.8098 155.1315
17.6614 155.2366
17.8626 155.2308
17.7910 155.2637
18.0851 155.3240
17.9022 155.1523
17.6971 155.2369
17.8733 155.3117
17.9968 155.4169
17.8113 155.3828
17.7812 155.2558
17.7173 154.7733
18.2406 155.3642
17.6723 154.9262
17.8755 155.3794
17.9294 155.2355
17.8881 155.2087
17.8462 155.2052
17.8880 155.1989
17.8591 155.2132
17.8728 155.2754
17.9199 155.2557
18.1877 154.8100
18.1203 154.7139
17.8624 155.0433
18.2544 154.9171
17.9855 154.9347
17.8633 154.8449
17.7939 154.8889
17.8655 154.8010
18.0458 154.8568
17.9590 154.8372
17.9229 154.9473
17.8810 154.9507
18.0660 155.2459
17.9011 154.8226
17.9203 154.9051
17.8398 154.8478
17.9459 155.0301
17.9526 154.9627
17.9083 154.9452
17.8924 154.7985
17.9449 155.0428
17.9288 154.8410
17.9369 154.8964
17.9033 154.7864
17.9875 154.8213
17.8919 155.2291
18.0289 155.0839
17.9160 154.9310
18.0802 154.9476
17.9893 155.0522
18.0377 154.7393
18.0250 154.8842
17.8739 154.9349
18.0104 154.8028
18.0502 154.9373
17.7365 154.7714
18.0589 154.7092
17.9305 154.9136
17.9904 154.8341
17.9852 155.0690
17.9477 154.9219
17.9487 154.9317
17.9020 154.8703
18.0889 154.8880
17.9478 155.0099
17.9411 154.9825
18.0188 155.0582
17.9255 154.9299
17.9850 154.9546
18.0238 154.7696
17.9912 154.9435
17.9186 154.8781
18.0534 154.8127
17.8640 154.9759
17.8290 154.8087
18.0244 154.8335
17.8440 154.9077
17.9541 154.9403
17.8916 154.7749
18.2205 154.9059
18.0720 154.8432
17.9501 154.7416
18.0319 154.8913
17.9466 154.8200
17.9724 154.9190
18.0107 154.9752
18.0375 154.9135
17.9774 154.8400
18.0813 154.9213
18.1076 154.8196
17.9788 154.9540
17.9439 154.9195
18.0633 154.8559
17.9202 154.9138
18.0246 154.8141
17.8007 154.9315
18.0289 154.7695
17.9516 154.8793
17.8997 154.9096
18.0108 154.8266
17.9435 154.8826
18.0089 154.8794
17.9088 154.8380
18.1052 154.8621
18.0571 154.9146
17.8414 154.8860
17.8287 155.0196
17.9339 154.8413
17.6858 155.0240
17.9747 155.0588
17.8546 155.0263
17.8047 154.7675
17.9759 155.0582
18.0657 154.9876
18.0151 154.9672
18.2719 154.8579
17.7015 154.7791
17.9269 154.8340
17.6064 154.9349
18.4221 154.9668
17.5304 155.0683
17.7946 155.3444
17.7401 155.3383
17.8381 155.2200
17.8851 155.2745
17.7984 155.2893
17.8703 155.3537
18.1564 155.0838
17.8960 154.9204
17.8373 154.9666
17.8798 154.8321
18.0614 154.9014
17.9237 154.9149
17.8722 154.7392
17.9358 154.9613
17.8972 154.9209
18.1076 155.4371
18.0193 155.2532
17.9477 155.0096
18.0117 155.3442
17.8812 154.9544
18.0322 155.0202
17.9172 154.9984
18.0021 155.3866
18.0902 155.4675
17.9291 154.9711
17.9255 154.9534
18.0132 154.9536
17.9640 155.0197
17.9310 154.9366
18.1126 154.9093
17.8700 155.0178
18.1182 154.8058
17.8275 154.7572
18.0052 154.9264
17.9426 155.0018
17.9205 154.8933
17.8431 154.9710
17.8467 154.9017
17.9039 154.9698
17.9890 154.9230
17.8871 154.9619
17.8826 154.8261
17.8632 154.8575
17.8892 154.9429
17.8956 154.9221
17.8779 154.9505
18.0364 154.8521
17.7818 154.9052
17.9811 154.9237
17.9358 154.8859
17.9067 154.9489
17.9537 154.8288
17.9083 154.8999
17.8803 155.0031
17.9670 154.9219
17.8947 154.9597
17.8050 154.8672
18.0127 155.3214
17.7864 155.2889
17.8851 155.1327
17.9441 155.2743
17.8929 155.1105
17.8645 155.2213
17.8562 155.0957
17.9372 155.3533
17.7478 155.2201
17.8857 155.2323
17.7890 155.2637
17.8847 155.2435
17.8271 155.2911
17.8755 155.1880
17.9499 155.1927
17.7773 155.3086
17.9609 155.2945
17.7582 155.1877
17.7368 155.1928
17.8851 155.2697
17.8714 155.2347
17.9053 155.3010
17.9236 155.2181
17.9448 155.2482
17.8969 155.3289
17.9435 155.2667
17.8258 155.2996
17.8532 155.1823
17.8765 155.2825
18.0252 155.5397
17.8037 155.3883
18.1145 155.2754
17.7755 155.3123
17.7663 155.1607
17.8144 155.2610
17.9906 155.2624
17.7948 155.1868
17.7935 155.2327
17.7572 155.2445
17.7869 155.2928
17.8972 155.2515
17.8962 155.3061
17.8536 155.2386
17.9334 155.2549
17.8817 155.2371
17.8906 155.2472
17.8882 155.1756
17.8564 155.2051
17.8254 155.2074
17.8028 155.2618
17.7939 155.1955
17.8019 155.2168
17.8155 155.2669
17.8435 155.2726
17.8515 155.1579
17.8322 155.3049
17.9757 155.3369
17.8801 155.2497
17.8104 155.2456
17.8156 155.1324
17.9053 155.2112
17.8632 155.3346
17.9130 155.2539
17.8188 155.2156
17.8216 155.3324
17.8455 155.2506
17.8221 155.2528
17.8979 155.3437
17.8695 155.2512
17.8733 155.1360
17.7876 155.2294
17.8179 155.1733
17.8784 155.2359
17.7422 155.3412
17.7377 155.2731
17.8260 155.2405
17.8480 155.1978
17.9059 155.1844
17.8538 155.2439
17.8680 155.2142
17.7600 155.1915
17.7348 155.2921
17.9380 155.2769
17.9183 155.2526
17.9174 155.1883
17.9035 155.3641
17.9039 155.2455
17.9140 155.2380
17.8072 155.2464
17.8176 155.2181
17.9795 155.2303
17.8586 155.2393
17.9209 155.2108
17.7833 155.3249
17.8963 155.1812
17.8857 155.2728
17.8651 155.3307
18.2042 155.4599
18.2095 155.0287
18.2464 155.2233
18.1899 155.2476
18.1897 155.2108
18.3088 155.0752
18.2344 155.0841
18.2342 155.1079
18.2683 155.0844
18.1229 155.1195
18.1742 155.0606
18.2086 155.1891
18.3372 155.0424
18.1621 155.0611
18.2195 155.1869
18.2020 155.1021
18.2586 155.1461
18.1429 155.0934
18.1673 154.9876
18.1383 155.1633
18.2186 155.1835
18.1774 155.1709
18.2205 155.1623
18.4622 155.1052
18.3007 154.9582
18.2674 155.1330
18.2975 155.2017
18.1964 155.1075
18.2226 155.2206
18.2000 155.2078
18.1822 155.1292
18.2276 155.1117
18.2517 155.1536
18.1551 155.0848
18.2049 155.1417
18.2014 155.1065
18.2222 155.1097
18.2024 155.1020
18.2015 155.0939
18.1913 155.1329
18.2347 155.1282
18.3592 155.1046
18.2009 155.1133
18.2706 155.1026
18.2180 155.1021
18.2571 155.1322
18.1894 155.0760
18.2732 155.1748
18.1682 155.1320
18.1887 155.1340
18.2655 155.0872
18.1710 155.1263
18.2200 155.1237
18.1930 155.1032
18.2265 155.1019
18.1982 155.0964
18.2125 155.1291
18.2145 155.1368
18.2329 155.1439
18.4131 155.1905
18.2189 155.1146
17.9665 154.9525
17.7772 154.9357
17.9423 154.9515
