31.7986 119.1361
32.1373 118.8979
32.1648 118.9660
32.1698 118.8359
32.1428 118.8090
31.9262 119.1131
31.9179 119.1805
32.0872 119.2963
31.8601 119.2310
32.0285 119.3985
31.9527 119.4724
32.1162 119.3544
31.8592 119.3189
32.0948 119.4164
31.9900 119.3013
32.0615 119.3196
32.1866 119.2359
31.9973 119.2160
31.9987 119.3947
32.1434 119.4254
32.2075 119.5419
32.2094 119.3165
32.0382 119.3687
32.1065 119.3655
31.9419 119.4373
31.8764 119.4473
32.2074 119.3438
31.8949 119.4380
31.9947 119.3314
32.1150 119.2242
32.1213 119.1676
32.1717 119.2714
31.9737 119.3157
31.9480 119.2581
32.3290 119.4217
32.1136 119.3879
32.0796 119.3868
32.1367 119.3625
32.1338 119.4167
32.0557 119.3821
32.0401 119.3060
31.9909 119.2925
32.0144 119.2611
32.0367 119.2866
32.0072 119.4164
31.9902 119.1903
32.2694 119.4977
32.1174 119.3636
32.0732 119.3843
32.2241 119.2401
32.0097 119.4365
31.9563 119.3307
32.0998 119.3677
31.9202 119.2817
32.2379 119.4401
32.1592 119.4269
31.9515 119.1672
32.0128 119.4444
32.2369 119.2311
32.0119 119.3771
32.0239 119.3788
32.0508 119.4585
32.1022 119.4315
32.3148 119.0856
32.3254 119.0120
32.2152 119.0020
32.3282 119.0934
32.4291 119.3044
32.4263 119.0834
32.4812 119.2564
32.3315 119.0628
32.3464 119.1291
32.4955 119.1379
32.3815 119.1497
32.5176 119.0760
32.3473 119.1463
32.2901 119.0481
32.3984 119.0762
32.3883 119.0309
32.3194 119.0277
32.2570 119.2242
32.5865 119.0857
32.3511 119.0935
32.4214 119.2199
32.3610 119.1462
32.3579 119.1255
32.4122 119.1464
32.3615 119.0631
32.4748 119.1025
32.4087 119.1529
32.3847 119.2322
32.3506 119.1282
32.4278 119.0584
32.3990 119.1615
32.2868 119.2122
32.3754 119.1930
32.3263 119.2288
32.4544 119.0745
32.4602 119.2113
32.4069 119.2722
32.3493 119.2737
32.4789 119.1813
32.3594 119.0467
32.2634 119.1470
32.3658 119.0720
32.0582 119.1470
32.1079 119.0443
31.9559 119.0082
31.9743 119.0449
31.9279 119.0089
32.0485 119.2973
32.1999 119.4270
32.3063 119.5563
31.9594 119.3964
32.0206 119.2908
32.2172 119.3361
32.1799 119.3463
32.0361 119.4655
32.0713 119.2644
32.0859 119.3774
32.1529 119.4840
32.1787 118.9960
32.4873 119.1825
32.3733 119.0417
32.3615 119.2605
32.4574 119.1042
32.5006 119.1403
32.4861 119.2172
32.3734 119.1704
32.3827 119.1617
32.4782 118.9888
32.3716 119.0714
32.2327 119.0105
32.4075 119.2603
32.4497 119.3246
32.2033 119.4732
32.1954 119.2997
32.6580 119.3518
32.3347 119.0497
32.3086 119.1436
32.4863 119.0613
32.3580 119.1136
32.3435 119.1463
32.3388 119.1141
32.3430 119.1257
32.2783 119.1266
32.1967 119.3807
32.0799 119.1782
32.0553 119.0540
32.0960 119.0085
32.0503 119.1399
31.9780 119.0423
32.1004 119.0246
32.0797 119.2747
32.2047 119.7496
32.0635 119.1880
32.0678 119.0223
32.0793 119.0110
32.0958 118.9656
32.1110 119.0809
32.0874 119.0378
32.0937 119.0225
32.0303 119.1442
32.2291 119.0782
32.0996 119.1546
31.9992 119.0162
31.9099 119.0604
32.0207 118.9911
31.9810 119.1000
32.0724 118.9650
32.0738 119.0665
32.0079 119.1476
32.0126 119.0208
32.0502 119.0734
32.1669 119.0507
32.1984 119.0080
32.0194 119.0232
32.0815 119.1388
32.0292 119.0112
32.1501 119.0352
32.1285 119.0490
32.0166 119.1566
32.1278 118.9836
32.0532 119.0532
32.1183 119.0357
32.0024 118.9912
32.0278 119.0957
32.0705 119.0783
32.0074 119.2114
32.3426 118.8450
32.2292 118.9119
32.2090 118.9246
31.9672 119.3016
32.0804 119.2149
32.1275 119.0077
31.9917 119.1112
32.1015 119.3269
32.1211 119.0364
32.0623 119.0315
31.8398 118.9975
31.9912 118.9915
32.0231 118.8467
32.0352 119.0414
32.3582 119.3379
32.2097 119.0099
32.0412 119.2273
32.1568 118.9602
31.9085 119.1189
32.3668 118.7733
32.4065 119.2472
32.1889 118.8511
31.8919 119.1304
31.8954 119.0858
31.9965 119.4035
32.2842 119.3296
31.9639 119.3006
32.0985 119.3118
32.0856 119.3182
32.1697 119.2770
32.0572 119.3713
32.0728 119.3418
32.1075 119.3182
32.0777 119.3620
32.0983 119.4159
32.1524 119.2483
32.0693 119.4413
32.1691 119.4655
32.1199 119.4148
32.1613 119.4760
32.0593 119.3961
32.0157 119.3715
32.1087 119.2401
32.0139 119.3852
32.0942 119.3766
32.1239 119.4324
32.0560 119.3955
31.9511 119.0232
31.9760 118.9091
32.0494 119.0302
31.9823 119.1828
32.1401 118.9773
32.1467 119.0506
31.9678 119.0711
31.9949 119.0721
31.9647 118.9845
31.9604 118.9219
32.0488 118.9280
32.2013 119.0023
32.0351 119.1810
31.9300 119.1197
32.0376 119.1102
31.9853 119.1079
32.0475 118.9358
32.1008 119.1746
32.0378 119.0147
32.1415 119.0160
32.0214 119.0531
32.0259 118.9783
32.0426 118.9666
32.1431 118.9434
32.1003 118.9335
31.9611 119.0509
32.1155 119.0474
31.9305 118.9699
31.9443 118.9444
32.0080 118.9986
32.1570 119.0598
31.9213 118.9104
32.1349 119.2303
32.1146 119.0819
32.0711 119.0583
31.9333 119.0734
31.8842 118.9937
31.9528 118.9586
32.0167 119.0005
32.1811 118.9396
32.0835 119.0404
32.0703 119.0191
31.9485 119.0136
32.0686 119.0162
32.0952 118.9529
32.0021 119.0852
32.1246 119.0443
32.1028 119.0474
31.9269 118.9977
31.9877 119.0933
32.0345 119.0339
32.0995 119.0518
32.0759 119.0189
31.9991 119.0190
32.0121 119.0073
32.1062 118.9420
31.9228 119.0212
31.8429 119.0759
32.0962 118.9649
31.9744 119.0202
31.9850 118.9884
32.0408 119.0892
31.8874 118.9686
32.1013 119.0758
32.0540 119.0972
31.9750 119.0200
32.0615 119.0701
31.9587 119.0141
32.0764 119.0812
32.0023 119.0164
31.9688 119.0784
32.1194 118.8728
32.0129 119.0530
32.1213 119.0773
32.0836 119.2087
31.8331 119.1824
32.1322 119.0295
32.0122 118.9615
32.0686 119.1022
31.9623 119.0764
32.0773 119.0633
31.9181 119.0213
31.9954 119.0255
31.9223 119.0753
32.0573 118.9670
31.9938 119.0767
31.9645 119.0470
32.0481 119.0976
31.9992 118.9648
32.0770 119.0988
32.0528 119.0657
32.0404 119.0751
32.0464 119.0245
32.0392 119.0325
32.0087 119.0729
32.0023 119.0586
32.0416 119.0151
32.0317 119.0635
32.0246 118.9580
32.0151 119.0603
32.0268 119.0062
31.9975 119.0183
32.0109 119.1194
32.0037 119.0921
32.0228 119.0453
32.0564 119.0369
32.0522 119.0217
31.9067 119.1860
32.1687 119.4301
32.1745 119.3468
32.2607 119.3179
32.1132 119.4595
32.2792 119.3684
32.1662 119.4033
32.0458 119.3963
32.1502 119.3365
32.1230 119.4246
32.1057 119.3225
32.1072 119.4124
32.1259 119.4341
32.3904 119.1816
32.2558 119.0706
32.3649 119.0991
32.2853 119.1158
32.3033 119.1118
