122.7918 63.8483
122.8539 63.6321
122.9997 63.8650
122.8083 63.5942
122.9025 63.9051
122.7864 63.7882
122.7470 63.7262
122.5652 63.6498
122.8789 63.7432
122.8654 63.7528
122.8848 63.7803
122.9461 63.8171
122.8443 63.9251
122.8092 63.7673
122.7246 63.5756
122.6697 63.9558
122.7647 63.8547
122.5469 63.6595
122.9803 63.7517
122.6917 63.8795
122.4770 63.7397
122.6633 63.8588
122.9008 63.7798
122.8439 63.7936
122.6900 63.6997
122.5812 63.5831
122.9542 63.8502
122.9259 63.8241
122.6830 63.7642
122.9050 63.7203
122.6375 63.8361
122.8394 63.6653
122.9440 63.7407
122.7647 63.7978
122.7967 63.8486
122.6580 63.7078
122.8055 63.7040
122.8811 63.9037
122.8930 63.8649
122.9333 63.8044
122.8347 63.7738
122.6468 63.8301
122.9277 63.8446
122.8828 63.8112
122.9844 63.8515
122.7648 63.8737
122.9436 63.7544
122.8172 63.7964
122.8951 63.7637
122.9969 63.8013
122.9509 63.7809
122.8099 63.8039
122.8039 63.7944
122.7596 63.6827
122.8319 63.7234
122.8163 63.7095
123.0021 63.7666
122.4963 63.6650
122.9203 63.9686
122.8264 63.8604
122.7991 63.7533
122.7646 63.6156
122.6400 63.6726
122.7441 63.7461
122.7947 63.7572
122.8697 63.7393
122.7664 63.8260
122.7099 63.8294
122.8305 63.8452
122.6757 63.7639
122.8930 63.8769
122.9424 63.8463
122.8104 63.7974
122.8007 63.7227
122.9222 63.8962
122.8136 63.5998
122.8479 63.9764
122.8144 63.7980
122.6613 63.6971
122.9792 63.8408
123.1305 63.7843
122.9207 63.6550
123.0443 63.6759
122.6916 63.8114
122.8911 63.6722
122.8724 63.6335
122.6567 63.6976
122.9787 63.7620
122.8238 63.7619
122.8071 63.7332
122.8350 63.8514
123.0789 63.7003
122.6964 63.9207
123.0863 63.7505
122.5134 63.5675
122.5938 63.4806
122.6389 63.5482
122.5407 63.6815
122.8599 63.7009
122.4146 63.6311
122.5013 63.4738
122.6380 63.7958
122.6373 63.5956
122.6355 63.6132
122.4912 63.6668
122.5581 63.7125
122.4406 63.5824
122.4839 63.5225
122.5806 63.7505
122.3724 63.6048
122.5219 63.7556
122.6501 63.6994
122.6697 63.8339
122.7883 63.7935
122.7056 63.6681
122.8324 63.6124
122.6352 63.4517
122.7155 63.7694
122.5013 63.4620
122.6467 63.4582
122.8664 63.7668
122.4921 63.4976
122.4242 63.7232
122.5970 63.6463
122.6394 63.7320
122.5664 63.6480
122.6727 63.7404
122.7155 63.7171
122.5373 63.6460
122.6999 63.7963
122.7259 63.7415
122.5449 63.5594
122.5045 63.5093
122.4654 63.6062
122.5084 63.5144
122.6781 63.5328
122.4638 63.5490
122.6245 63.6972
122.4899 63.6819
122.5208 63.6101
122.5603 63.5316
122.5200 63.6331
122.4584 63.5772
122.3827 63.6102
122.4596 63.4952
122.5849 63.6659
122.5270 63.6177
122.6140 63.5909
122.6084 63.6460
122.5808 63.6319
122.4535 63.5969
122.5645 63.6015
122.5863 63.6165
122.5337 63.6505
122.5638 63.6627
122.5881 63.6551
122.4555 63.6110
122.6005 63.6432
122.5552 63.6251
122.4308 63.5811
122.5086 63.6385
122.4953 63.6696
122.8725 63.2845
122.8725 63.9020
123.0111 63.8507
122.8307 63.7820
122.8317 63.8224
122.9170 63.7542
122.7530 63.8704
122.9296 63.8946
123.1501 63.8278
122.4065 63.4103
122.6308 63.6807
122.4686 63.5893
122.9081 63.6947
122.8655 63.8083
122.7705 63.6701
122.8196 63.8853
122.7857 63.9239
122.9690 63.8928
122.8932 63.8158
122.8803 63.6136
123.0119 63.7126
122.8927 63.8522
122.9623 63.8329
122.8348 63.7814
122.7590 63.8848
122.8537 63.6846
122.9426 63.7044
122.9531 63.8339
122.7076 63.9024
122.7235 63.7457
122.8019 63.8181
122.8621 63.9841
122.9431 63.8364
122.8480 63.6858
122.7891 63.7740
122.6857 63.9449
122.7000 63.7148
122.9979 63.7623
122.8629 63.7451
122.8891 63.6429
122.8782 63.8454
122.9564 63.8321
122.7633 63.9413
123.0132 63.7295
122.7009 63.7815
122.8382 63.8427
122.8113 63.7150
122.8329 63.9077
122.8440 63.6758
122.9383 63.8602
122.7583 63.7864
122.9500 63.7613
122.8894 63.8342
122.9611 63.8951
122.9871 63.7142
122.7255 63.7251
122.9917 63.9280
122.8740 63.8600
122.7769 63.6679
122.6709 63.8258
122.9008 63.7276
122.9565 63.8318
122.9112 63.8169
122.7800 63.8042
122.8082 63.8872
122.9143 63.8359
122.9877 63.4241
122.7515 63.2831
122.7666 63.4052
122.9621 63.4586
122.8944 63.4787
123.0149 63.3695
123.0142 63.4739
122.9445 63.5194
122.8378 63.5233
122.8089 63.4331
122.6720 63.6769
122.9596 63.4726
122.9969 63.4173
122.8394 63.6313
122.9684 63.4865
122.8268 63.6058
122.8099 63.5663
123.0354 63.6232
123.0159 63.5003
122.9378 63.4850
123.0589 63.4343
122.8664 63.3082
122.9370 63.4879
123.0880 63.6084
122.9703 63.3193
122.8395 63.6310
122.8863 63.5538
123.0248 63.4486
123.0628 63.5238
122.8963 63.4431
122.9209 63.4859
122.8581 63.5087
123.0078 63.3245
122.7817 63.6063
123.0028 63.4433
123.0073 63.4150
122.9707 63.4195
122.9017 63.4417
123.0048 63.5728
122.9918 63.4554
123.1147 63.3871
122.9888 63.3417
122.8963 63.4671
122.9883 63.4774
122.9547 63.3677
123.1264 63.4596
122.9862 63.3965
122.9434 63.4241
122.8987 63.4794
122.9448 63.4620
122.9184 63.4838
122.9892 63.5075
122.8457 63.4504
122.9589 63.7442
122.7374 63.2502
122.9066 63.5131
123.0886 63.3151
122.9479 63.4785
122.8859 63.4667
122.9898 63.5128
123.0281 63.4445
123.1291 63.3949
122.8553 63.4087
122.6511 63.4991
122.5891 63.5983
122.6074 63.6278
122.6672 63.7346
122.5137 63.5461
122.5610 63.6354
122.6499 63.6923
122.6782 63.6165
122.6635 63.6482
122.5924 63.6017
122.6310 63.5777
122.6103 63.6322
122.6582 63.5872
122.6525 63.6557
122.6682 63.6351
122.7206 63.7577
122.8445 63.7679
122.5834 63.6286
122.8330 63.9115
122.7434 63.6447
122.7710 63.7078
122.7850 63.8028
122.8930 63.7651
122.9184 63.7976
122.9167 63.7464
122.8631 63.7956
122.9137 63.8783
122.8590 63.7764
122.5432 63.7752
122.5182 63.7096
122.9232 63.7144
122.9412 63.8890
122.9744 63.7369
122.7534 63.4915
122.8886 63.5455
123.0724 63.4614
122.9513 63.4589
123.0065 63.4794
122.8834 63.5468
123.0393 63.1917
122.9317 63.6044
122.9558 63.4985
122.8639 63.3586
122.9076 63.5054
122.7608 63.5195
123.0329 63.3362
123.0323 63.4111
122.9593 63.4660
122.8745 63.4178
122.9045 63.4762
123.0877 63.5302
122.8212 63.3209
123.0921 63.3659
122.9959 63.3875
123.0627 63.3463
123.0251 63.5104
123.0608 63.3917
122.8433 63.2975
123.0481 63.4381
122.8398 63.0531
122.9506 63.3771
122.9981 63.4779
123.1682 63.4988
122.9744 63.5457
123.0662 63.4160
122.9171 63.6448
123.0321 63.2907
122.9483 63.4734
122.7164 63.5999
123.0250 63.6234
122.9237 63.8494
122.9053 63.7685
122.9732 63.7575
122.9248 63.6958
122.9683 63.5883
122.8845 63.5758
123.0182 63.3921
122.9630 63.4536
122.9137 63.5355
123.0059 63.5141
123.0132 63.4998
122.9835 63.5224
122.8764 63.4698
122.9450 63.4439
122.6535 63.5768
122.6473 63.6406
122.6263 63.6567
122.7374 63.4801
122.6540 63.6479
122.7464 63.6134
122.5826 63.5410
122.6979 63.6342
122.5879 63.5344
122.6776 63.6645
122.3839 63.5349
122.5293 63.6342
122.5334 63.5949
122.6220 63.6200
122.6786 63.6718
122.6907 63.6171
122.5852 63.5502
122.7041 63.6054
122.6064 63.6279
122.7867 63.5585
122.4691 63.4319
122.7611 63.6264
122.6752 63.6587
122.5772 63.5764
122.7187 63.4151
122.4613 63.5578
122.6079 63.5387
122.7203 63.5942
122.5786 63.5754
122.6941 63.5035
122.6235 63.6080
122.5382 63.5804
122.6374 63.6185
122.5004 63.5590
122.6214 63.6214
122.5752 63.4511
122.6936 63.5767
122.6336 63.5826
122.6519 63.5006
122.6086 63.5912
122.6887 63.5943
122.5985 63.5770
122.5845 63.7429
122.7612 63.6371
122.6787 63.5728
122.7683 63.6676
122.7082 63.6237
122.8566 63.5949
122.7196 63.4986
122.7514 63.4762
122.6406 63.6512
122.7038 63.5497
122.5198 63.5271
122.6559 63.6046
122.6916 63.5465
122.7662 63.7013
122.6828 63.5381
122.7480 63.5177
122.6393 63.5414
122.6094 63.4563
122.6201 63.6133
122.6031 63.5585
122.7176 63.5512
122.7069 63.5878
122.7172 63.6427
122.6496 63.4790
122.7423 63.6037
122.7452 63.5420
122.6366 63.4312
122.4415 63.6241
122.6441 63.7057
122.5453 63.4166
122.7889 63.5551
122.6729 63.4555
122.8537 63.5202
122.7825 63.4494
122.7813 63.5163
122.4846 63.2959
122.6589 63.5422
122.5819 63.4721
122.4953 63.1419
122.6430 63.4789
122.6857 63.5401
122.6527 63.6591
122.7479 63.6654
122.6380 63.5743
122.5471 63.4244
122.6941 63.5588
122.5832 63.4354
122.6336 63.6017
122.6857 63.6251
