26.5478 87.3987
26.9672 87.0646
26.6200 87.2706
26.3843 87.3385
26.5312 87.3484
26.5104 87.3823
26.5621 87.2969
26.4925 87.3549
26.4196 87.2667
26.3697 87.3408
26.4027 87.3284
26.5958 87.4223
26.4451 87.3128
26.3711 87.4253
26.5429 87.2807
26.4377 87.3598
26.5189 87.3589
26.4887 87.3566
26.5509 87.3435
26.5014 87.3400
26.2668 87.4600
26.4584 87.2675
26.5321 87.3606
26.9767 87.1822
26.7498 87.2465
26.3871 86.9011
26.6091 86.8464
26.4171 87.0220
26.4036 87.0155
26.5342 86.9826
26.5639 86.7270
27.0983 87.2472
26.6146 86.6792
26.7291 87.3610
26.8875 87.1384
26.8694 87.1194
26.8510 87.1241
26.8395 87.1128
26.8529 87.1857
26.8211 87.1231
26.8600 87.1136
26.8314 87.1492
26.8352 87.1427
26.8670 87.1694
26.8729 87.1295
26.8529 87.1295
26.8222 87.1509
26.8123 87.1563
26.8567 87.2018
26.8781 87.1384
26.8726 87.1235
26.8415 87.1710
26.9156 87.1474
26.8479 87.1600
26.8423 87.1582
26.8889 87.2103
26.8860 87.1381
26.8367 87.1215
26.8494 87.1768
26.9003 87.1634
26.6413 86.8334
26.7913 86.9871
26.5256 87.0046
26.7301 86.8584
26.7682 86.9072
26.6264 86.9590
26.5687 87.1631
26.5123 87.2404
26.5698 86.8937
26.5905 87.0133
26.5629 87.0719
26.7509 86.9796
26.5438 87.0016
26.5746 86.8898
26.5091 87.0000
26.4416 87.0118
26.5969 87.0177
26.5798 86.8947
26.6525 87.0859
26.7292 87.0510
26.6962 86.8825
26.6655 86.8938
26.7310 87.2633
26.6757 87.2124
26.6977 87.4078
26.6444 87.4173
26.5423 87.4536
26.6768 87.2570
26.4677 87.2650
26.5313 87.3832
26.5738 87.4073
26.6787 87.3337
26.6117 87.4880
26.5722 87.6284
26.7897 87.6222
26.4772 87.4816
26.6557 87.2393
26.6207 87.2859
26.6693 87.3114
26.5187 87.2777
26.7125 87.3308
26.5576 87.2284
26.6485 87.3912
26.6728 87.2888
26.6112 87.3319
26.5491 87.2695
26.5916 87.4402
26.5534 87.4244
26.6971 87.4681
26.5791 87.2309
26.5696 87.3642
26.5783 87.3414
26.4903 87.2526
26.6446 87.3224
26.4882 87.3489
26.4793 87.3659
26.5861 87.2671
26.5761 87.2592
26.4847 87.3937
26.3901 87.3203
26.7065 87.2781
26.5426 87.3379
26.6846 87.4122
26.5924 87.2773
26.6134 87.4041
26.6017 87.3799
26.6236 87.3939
26.5828 87.3933
26.9032 87.0225
26.6457 87.4260
26.4567 87.2161
26.4494 87.3417
26.5960 87.2675
26.5297 87.4139
26.6498 87.2887
26.5052 87.5728
26.8622 87.1971
26.4517 86.8603
26.3336 86.9716
26.6383 87.1376
26.3320 87.1533
26.5642 87.0954
26.4941 87.0381
26.3870 86.8459
26.7269 87.1161
26.6052 86.9096
26.7212 87.1650
26.3816 87.0699
26.8339 87.3848
26.5448 87.3108
26.5563 87.3666
26.7021 87.2685
26.7022 87.2474
26.7784 87.2836
26.9900 86.9286
26.7189 87.2326
26.7199 87.2716
26.7013 87.3497
26.6112 87.2860
26.6652 87.3617
26.5096 87.3038
26.6106 87.4289
26.6506 87.3013
26.5723 87.3262
26.5578 87.2513
26.5397 87.3363
26.6030 87.3136
26.6316 87.3882
26.6002 87.3609
26.6291 87.2721
26.6407 87.3938
26.5882 87.3463
26.8064 87.2102
26.7754 87.0090
26.4911 87.0677
26.7871 87.0489
26.9198 87.1542
26.9029 87.2399
26.9586 87.1495
26.8893 87.2333
26.9489 87.2677
26.8407 87.1504
26.8101 87.1646
26.7730 87.1811
26.9509 87.1766
26.9857 87.1993
26.8349 87.1472
26.8014 87.1853
26.7696 87.0430
26.8819 87.1015
26.8151 86.9964
26.8821 87.1037
26.9142 87.1855
26.7559 87.1876
26.8302 87.1613
26.8633 87.1548
27.0040 87.0220
26.8396 87.1365
26.8425 87.1509
26.8244 87.2156
26.5319 86.9863
26.6773 86.9476
26.6268 86.9887
26.6570 87.1010
26.5888 86.9190
26.6696 86.9072
26.5814 87.0289
26.6207 86.8582
26.7038 87.1640
26.7172 86.8389
26.5622 87.0899
26.4742 87.0813
26.7044 87.1491
26.6122 86.8685
26.7221 86.9925
26.8433 86.9075
26.6631 87.0938
26.4879 87.0283
26.6745 87.0182
26.6042 87.0156
26.6157 86.9706
26.5392 87.0317
26.6697 87.0573
26.6371 87.0088
26.7651 86.9625
26.5483 86.8615
26.5928 87.0873
26.6041 86.8494
26.5993 86.9565
26.4893 86.9545
26.5895 86.9817
26.5638 86.9856
26.4886 87.0411
26.5926 86.9042
26.6033 86.8575
26.5940 87.0192
26.5408 87.2442
26.6174 86.9544
26.6925 86.9283
26.6900 86.9991
26.6101 86.9512
26.5705 86.9859
26.6455 86.9691
26.6669 87.0426
26.6866 87.0164
26.5743 87.0211
26.7172 86.9528
26.6204 86.8197
26.7165 86.9170
26.6144 87.0108
26.6750 86.9567
26.7006 86.9588
26.5128 87.0006
26.5557 86.8839
26.7796 87.0373
26.5400 87.0329
26.7015 86.9766
26.6062 87.0100
26.5658 86.9270
26.5126 87.0171
26.6394 87.0206
26.5624 86.9495
26.5895 87.0686
26.8531 86.8031
26.6130 87.0006
26.5354 86.9736
