52.4313 169.6610
52.1840 169.4919
52.4548 169.3665
52.3929 169.2826
52.3365 169.3506
52.3633 169.4386
52.2458 169.4624
52.2582 169.2087
52.5796 169.2430
52.5070 169.5359
52.3618 169.2780
52.2577 169.4327
52.4353 169.4366
52.3870 169.5375
52.4161 169.3579
52.4202 169.3271
52.4789 169.1931
52.2962 169.4619
52.4219 169.3732
52.5320 169.3577
52.4471 169.1394
52.5101 169.2042
52.3912 169.3068
52.3379 169.2129
52.4462 169.2358
52.5240 169.2457
52.5024 169.3665
52.2154 169.5272
52.4400 169.3547
52.4212 169.3661
52.2677 169.4243
52.3308 169.3507
52.3758 169.3159
52.5957 169.2695
52.4606 169.4043
52.4373 169.2984
52.2676 169.4527
52.2352 169.6940
52.3286 169.6202
52.2317 169.7836
51.9795 169.3186
52.3530 169.7532
52.1872 169.7171
52.1687 169.2812
52.3089 169.3078
52.1615 169.2339
52.1111 169.3506
52.1050 169.2218
52.3147 169.3782
52.2904 169.2499
52.2691 169.2435
52.2112 169.3084
52.2699 169.3748
52.2808 169.6678
52.2948 169.7595
52.2915 169.7470
52.2938 169.6972
52.3206 169.6190
52.2588 169.6501
52.2474 169.6280
52.2366 169.7622
52.3377 169.5696
52.3134 169.8126
52.2612 169.7057
52.2644 169.7219
52.3688 169.5625
52.2633 169.7536
52.3111 169.6805
52.2432 169.7162
52.3006 169.5730
52.3556 169.6934
52.4644 169.7776
52.2599 169.7650
52.3922 169.8182
52.3684 169.6051
52.3978 169.5665
52.2338 169.6136
52.2504 169.5655
52.2977 169.3525
52.2642 169.7783
52.2870 169.6516
52.3078 169.6884
52.2345 169.6840
52.3477 169.7711
52.2458 169.8387
52.2553 169.7781
52.3458 169.6982
52.3324 169.6511
52.3717 169.8019
52.2829 169.6924
52.2628 169.7979
52.3174 169.7814
52.2220 169.6081
52.2432 169.7778
52.3475 169.7782
52.2767 169.7468
52.2370 169.7851
52.2398 169.6779
52.4179 169.7357
52.2585 169.6080
52.2785 169.6550
52.2325 169.7245
52.2910 169.5556
52.2835 169.6831
52.3080 169.7126
52.2830 169.6941
52.3048 169.7057
52.3379 169.6881
52.4153 169.6425
52.3017 169.7062
52.3753 169.7706
52.1939 169.6540
52.4307 169.7597
52.2804 169.6154
52.4050 169.7824
52.3421 169.7425
52.2178 169.7173
52.3180 169.7871
52.4010 169.7148
52.1960 169.7435
52.4191 169.6824
52.3616 169.7211
52.2383 169.6656
52.3320 169.6367
52.3257 169.8515
52.2252 169.5492
52.3090 169.7624
52.1929 169.8266
52.3970 169.7918
52.3606 169.7637
52.3159 169.6812
52.4609 169.7014
52.2949 169.6376
52.2884 169.6746
52.4070 169.6520
52.4661 169.6207
52.2624 169.6615
52.4643 169.6617
52.3859 169.9139
52.2890 169.6487
52.3225 169.6933
52.6562 169.5484
52.0834 169.4691
52.1660 169.4685
52.1711 169.4060
52.2285 169.6909
52.3215 169.3259
52.0452 169.5020
52.1984 169.4324
52.0300 169.3902
52.1488 169.7299
52.2211 169.7551
52.2613 169.6408
52.5497 169.7321
52.2471 169.7822
52.3554 169.7388
52.1606 169.5410
52.3785 169.6142
52.2776 169.8448
52.0563 169.5980
52.3659 169.8357
52.3789 169.7623
52.2963 169.7142
52.2804 169.8531
52.1764 169.6480
52.4010 169.7225
52.3223 169.7317
52.2719 169.7376
52.4208 169.6400
52.3662 169.5992
52.2983 169.6280
52.4096 169.7152
52.3654 169.6531
52.2468 169.8111
52.4053 169.7090
52.4169 169.6963
52.4543 169.6564
52.2783 169.7426
52.4398 169.3999
52.0833 169.4381
52.1829 169.4567
52.0599 169.4648
52.2098 169.4241
52.0375 169.4246
52.0966 169.4876
52.2529 169.4727
52.0743 169.4368
52.0885 169.3646
52.1552 169.4363
52.0538 169.5957
52.1118 169.3828
52.0677 169.4087
52.1366 169.3091
52.1172 169.3936
52.0757 169.4792
52.0757 169.4224
52.0860 169.5080
52.1487 169.3592
52.1526 169.4969
52.3488 169.5354
52.1683 169.3592
52.1102 169.4958
52.0684 169.3434
52.1077 169.4951
52.1466 169.3660
52.0627 169.3407
52.2413 169.3004
52.2193 169.3169
52.1600 169.3418
52.4597 169.3701
52.5084 169.3698
52.4669 169.4068
52.5007 169.3905
52.4579 169.4216
52.5255 169.4285
52.5214 169.3889
52.4902 169.4173
52.4758 169.3983
52.5229 169.3951
52.4865 169.3981
52.4341 169.4067
52.4973 169.4253
52.5266 169.4200
52.4857 169.3644
52.5461 169.4477
52.4924 169.4336
52.5420 169.3665
52.5254 169.3597
52.5694 169.3723
52.5407 169.3770
52.5513 169.3783
52.5559 169.4021
52.5038 169.3241
52.5001 169.4311
52.5143 169.3731
52.4892 169.3715
52.5524 169.3460
52.4841 169.3995
52.5026 169.4326
52.5354 169.4259
52.5145 169.4294
52.5166 169.4270
52.5143 169.4401
52.4849 169.3937
52.4336 169.4191
52.4560 169.3834
