22.5719 92.8982
22.5856 92.4607
22.2274 92.3984
22.1967 92.4733
22.2377 92.4167
22.3646 92.7732
22.5610 93.0526
22.7256 92.9009
22.3952 92.8654
22.5974 92.6929
22.5136 92.7910
22.6569 92.9442
22.5378 92.9449
22.6009 92.8303
22.6474 92.8688
22.1386 92.8330
22.0698 92.6399
22.2758 92.7773
22.3175 92.9135
22.3846 92.8173
22.3748 92.7095
22.0651 92.5924
22.2778 92.9278
22.1983 93.0496
22.7672 92.5386
22.2525 92.7299
22.2121 92.9194
22.1157 92.7477
22.2890 92.8564
22.2108 92.7991
22.1935 92.9831
22.2036 92.9285
22.2007 92.8428
22.2031 92.8914
22.1069 92.8727
22.1951 92.8373
22.0456 92.8557
22.1738 92.7542
22.1660 93.0213
22.7206 92.8548
22.2222 92.5445
22.3250 92.7897
22.4008 92.6790
22.4254 92.4903
22.4731 92.5556
22.4184 92.6247
22.4147 92.5367
22.3740 92.4252
22.2400 92.3646
22.5058 92.6203
22.3649 92.5703
22.4761 92.6387
22.5143 92.5657
22.4580 92.6425
22.1936 92.5366
22.2982 92.5072
22.2297 92.5450
22.4433 92.4544
22.2609 92.5870
22.5022 92.5418
22.3993 92.6417
22.3097 92.4851
22.4055 92.6311
22.3910 92.5495
22.3801 92.5596
22.3807 92.5861
22.5116 92.5403
22.3983 92.5629
22.6374 92.5649
22.2816 92.6924
22.5072 92.4581
22.3859 92.5202
22.4323 92.4425
22.4200 92.4834
22.4282 92.5122
22.4812 92.7595
22.4653 92.4566
22.2960 92.4821
22.3140 92.4237
22.2282 92.4818
22.4613 92.4494
22.6053 92.5495
22.4582 92.5317
22.5071 92.5581
22.2445 92.4277
22.4299 92.7066
22.3970 92.5128
22.3846 92.5131
22.3623 92.6173
22.5991 92.3635
22.4209 92.5981
22.5586 92.4915
22.4222 92.3048
22.4550 92.4560
22.4056 92.6015
22.5234 92.5950
22.3033 92.6752
22.3415 92.6156
22.4157 92.4765
22.4422 92.4188
22.4704 92.4580
22.5562 92.5140
22.3728 92.5294
22.3692 92.6166
22.3451 92.6083
22.3317 92.6058
22.3633 92.5276
22.3800 92.5625
22.4094 92.5604
22.3247 92.5340
22.3537 92.5457
22.3384 92.5593
22.3639 92.5303
22.3919 92.6624
22.2693 92.7972
22.6920 92.8981
22.7065 92.7997
22.6224 92.9028
22.6312 92.8163
22.6570 92.7188
22.6933 92.8328
22.6402 92.8931
22.7244 92.8896
22.4778 92.8269
22.5524 92.7233
22.6197 92.9870
22.5942 92.8506
22.5282 92.8450
22.5553 92.8111
22.6229 92.7937
22.6511 92.7918
22.5639 92.7535
22.5568 92.8587
22.5587 92.8594
22.6218 92.9696
22.3796 92.8321
22.3244 92.8879
22.3522 92.8338
22.2712 92.8915
22.1747 92.8446
22.2028 92.7885
22.2619 92.7852
22.2684 92.8265
22.2758 92.7931
22.2934 92.8613
22.3116 92.8904
22.2554 92.8408
22.2842 92.8063
22.2119 92.8433
22.6458 92.8552
22.4911 92.8849
22.3311 92.7533
22.3056 92.7848
22.2721 92.8440
22.2707 92.8133
22.2618 92.8614
22.2647 92.8034
22.6462 92.7859
22.6683 92.8139
22.6181 93.0029
22.5271 92.7258
22.6862 92.8686
22.6943 92.6584
22.5114 92.8932
22.6067 93.0150
22.5039 92.7850
22.5304 92.8370
22.7182 92.8171
22.6811 92.6288
22.6359 92.9503
22.6142 92.8073
22.5904 92.9322
22.7802 92.7655
22.5487 92.8219
22.5132 92.7937
22.5353 92.8726
22.7264 92.8917
22.7497 92.8645
22.6096 92.7884
22.5249 92.7927
22.4444 92.7294
22.7390 92.7956
22.5187 92.8962
22.7104 92.6814
22.5918 92.8646
22.3328 92.7739
22.3966 92.8906
22.3278 92.7754
22.3225 92.8044
22.1529 92.7446
22.2169 92.9651
22.2613 92.8627
22.2870 92.8184
22.2235 92.7942
22.3050 92.8054
22.1868 92.7986
22.2077 92.8205
22.3193 92.9514
22.2652 92.7504
22.1522 92.8654
22.3572 92.7911
22.1395 92.8222
22.2236 92.5986
22.1804 93.1011
22.3416 92.6915
22.1392 92.8227
22.4468 92.7888
22.2931 92.7686
22.2086 92.7802
22.3362 92.6542
22.1596 92.7871
22.2249 92.8305
22.2381 92.7584
22.2707 92.8053
22.5951 92.7158
22.5704 92.8671
22.7448 92.8336
22.5868 92.9033
22.5520 92.8394
22.7638 92.9739
22.5825 92.7851
22.7627 92.7627
22.6946 92.7939
22.6140 92.7812
22.6703 92.8908
22.4793 92.8856
22.5226 92.7553
22.7263 92.7074
22.7296 92.7458
22.7414 92.7438
22.7288 92.7946
22.5125 92.8546
22.6304 92.7917
22.6449 92.7811
22.5165 92.7517
22.5887 92.8180
22.6107 92.7815
22.6259 92.7796
22.7159 92.7464
22.6701 92.8212
22.7125 92.9584
22.6597 92.7258
22.6193 92.8885
22.6518 92.8677
22.6677 92.8997
22.5800 93.0238
22.7308 92.8212
22.6102 92.7743
22.6595 92.8848
22.4827 92.7835
22.6663 92.9043
22.5858 92.9000
22.6562 92.8833
22.4729 92.7692
22.6227 92.8796
22.4870 92.7748
22.6367 92.8898
22.6557 92.7423
22.5398 92.7974
22.7753 92.7842
22.7747 92.7853
22.6567 92.7448
22.4823 92.9128
22.6614 92.8804
22.7042 92.7052
22.3003 93.1947
22.2465 92.5678
22.4924 92.4913
22.3393 92.2735
22.4803 92.3283
22.3832 92.4706
22.4769 92.4296
22.4070 92.5421
22.4836 92.6628
22.4910 92.5026
22.4862 92.4830
22.4278 92.3930
22.5324 92.5710
22.3902 92.5028
22.4372 92.6647
22.3195 92.4708
22.5007 92.6142
22.3944 92.6266
22.4844 92.5425
22.3829 92.5437
22.3787 92.4952
22.5450 92.5911
22.4727 92.4754
22.4232 92.5352
22.4370 92.5686
22.3918 92.4749
22.3146 92.5439
22.4160 92.4956
22.3697 92.5513
22.4765 92.6307
22.3866 92.5448
22.4810 92.5014
22.4605 92.6211
22.4989 92.5481
22.4434 92.4911
22.3865 92.5958
22.4946 92.5045
22.4285 92.4434
22.4739 92.5475
22.4184 92.6165
22.4843 92.5303
22.4732 92.5369
22.4645 92.4552
22.4967 92.6383
22.5131 92.5913
22.5088 92.3946
22.4568 92.5639
22.3973 92.5374
22.3634 92.3637
22.6011 92.5446
22.0217 92.8456
22.0189 92.5675
22.2853 92.7196
22.2498 92.8763
22.2630 92.6190
22.2874 92.7075
22.3029 92.7941
22.3082 92.8229
22.2808 92.7774
22.2954 92.9399
22.2618 92.9129
22.3549 92.8437
22.3467 92.8727
22.3610 92.8256
22.2328 92.7984
22.2831 92.8036
22.2876 92.8076
22.2840 92.8623
22.2813 92.7805
22.3250 92.8336
22.0313 92.8373
22.0224 92.8766
22.5277 92.4479
22.4330 92.4559
22.4634 92.6492
22.4443 92.4609
22.4323 92.4811
22.5225 92.5265
22.3763 92.7452
22.4086 92.5525
22.4526 92.6279
22.4668 92.5932
22.3738 92.4730
22.4964 92.5457
22.4518 92.7505
22.5039 92.5044
22.5384 92.5606
22.5059 92.4418
22.6050 92.4352
22.5895 92.5019
22.4176 92.5847
22.5378 92.6050
22.4823 92.6013
22.4672 92.5483
22.4810 92.5560
22.2640 92.7319
22.6257 93.0650
22.5795 93.0385
22.3401 92.8223
22.2262 92.6161
22.3627 92.7972
22.6364 93.1180
22.6219 93.1063
22.6127 93.1029
22.6292 93.0703
