189.0312 169.6726
189.2779 169.0074
188.9119 169.1399
189.2007 169.3584
189.1585 169.1365
188.9102 169.5527
188.5834 169.3789
188.4994 169.3604
188.8189 169.1492
188.8950 169.6349
188.7986 169.5020
188.9120 169.3538
189.2734 169.2670
188.8026 169.3197
188.8131 169.2079
188.5835 169.2406
189.0958 169.3630
188.7337 169.3737
188.7963 168.9364
188.8378 169.0794
189.1513 169.4403
188.8061 169.4723
188.7990 169.3677
188.9409 169.6496
189.3718 169.4988
188.8230 169.6138
189.0031 169.2618
188.8079 169.4597
188.8045 169.1810
188.9896 169.5648
188.9310 169.1809
188.7723 169.0394
188.6546 169.6003
188.6760 169.3038
188.8178 169.4068
188.5695 169.3855
189.0234 169.2491
189.3732 169.5216
189.3618 169.1570
188.9170 169.4077
188.8085 169.3438
188.7786 169.3752
188.5692 169.0786
189.3480 169.5865
189.3192 169.7077
188.9481 169.8600
188.8116 169.4627
188.9714 169.8560
189.0492 169.0077
188.9210 169.3270
189.0936 169.1494
189.0341 169.2835
188.8532 169.2098
189.2354 169.2850
188.9412 169.1385
189.3102 169.2941
188.6924 169.0736
188.8832 169.4016
188.9267 169.0642
188.7691 168.9627
188.8938 169.2628
189.0238 168.9959
189.1099 169.4613
188.7558 169.1738
188.6719 169.6013
188.5967 169.5554
188.6930 169.3351
188.7631 169.3376
189.0192 169.3760
188.8430 169.3141
188.6511 169.3759
188.7941 169.3927
188.7917 169.3982
188.9164 169.4443
188.6643 169.3198
188.7383 169.5191
188.7686 169.4770
188.4787 169.4532
188.7372 169.4588
188.6565 169.4403
188.6629 169.4583
188.7466 169.4576
188.8294 169.2984
188.6357 169.3760
188.8177 169.3182
188.9147 169.3695
188.9278 169.4340
188.8896 169.4494
188.8373 169.4756
188.8867 169.4187
188.8831 169.4221
188.7588 169.3971
188.7844 169.4009
188.7809 169.6385
188.6172 169.3686
188.8631 169.5085
188.8400 169.5814
188.6406 169.5229
188.6568 169.5734
188.7567 169.4913
188.8357 169.4013
188.7497 169.6152
188.7633 169.4397
188.7530 169.3338
188.8348 169.4420
188.8130 169.1915
188.6019 169.5302
188.6858 169.4228
188.7803 169.0425
188.4914 169.4020
188.5836 169.5081
188.6281 169.6034
188.8671 169.6451
188.5363 169.0969
188.5699 169.5340
188.6453 169.3025
189.0310 169.7142
188.5251 169.6374
188.6936 169.2191
188.4715 169.3222
188.9544 169.3769
188.7993 169.3459
188.5808 169.4000
188.6920 169.1986
188.6806 169.2758
188.7424 169.0132
188.6177 169.5580
188.8721 169.4092
188.5812 169.5543
188.6238 169.1900
188.5455 169.6625
188.5488 169.5064
188.7847 169.4930
188.4652 169.2562
188.7765 169.5251
188.7233 169.3864
189.0997 169.7215
189.0709 169.3242
189.0654 169.4373
188.5735 169.5813
188.8987 169.6747
189.1963 169.4543
189.0082 169.4265
188.9917 169.5955
189.0387 169.6481
188.8483 169.6697
189.2984 169.2505
188.5847 169.6198
188.8253 169.7850
189.0587 169.4007
188.6839 169.0079
189.2619 169.3365
189.0907 169.6696
188.9723 168.9854
189.0982 169.6246
189.0167 169.3810
189.0690 169.2338
188.7911 169.5266
189.2304 169.3305
188.8222 169.3313
189.0750 169.5938
189.0000 169.6313
189.2129 169.4722
189.1951 169.4986
189.3039 169.5806
189.2993 169.4028
189.1016 169.5134
189.2993 169.4010
189.3414 169.4246
189.1171 169.4026
189.2804 169.5038
189.3311 169.2783
189.4373 169.3664
189.4005 169.3569
189.3366 169.4799
188.9150 169.6355
189.4031 169.4245
189.2866 169.3558
189.2542 169.3219
189.2343 169.3982
189.1678 169.4767
189.3046 169.5611
188.8718 169.4531
188.9544 169.0842
189.1682 169.4474
188.7036 169.0293
188.9297 169.3042
189.2108 169.3737
189.0407 169.1827
188.8595 169.2319
188.8837 168.9545
188.7074 169.2796
188.9471 169.4390
188.8924 169.1018
188.9530 169.1659
188.9959 169.2205
189.1770 169.6501
189.0148 169.2870
189.1513 169.2482
189.0812 169.3852
189.0710 169.1690
188.8391 169.0385
188.9717 169.2168
188.9743 169.1205
188.8800 169.2745
189.1899 169.4699
188.7288 169.0514
189.1247 169.1961
188.6654 169.3509
188.9028 169.4613
189.0302 169.0393
188.8650 169.1969
188.9818 169.2864
189.1679 169.2692
189.1574 169.0622
189.2115 169.1183
189.0321 169.2644
188.8859 169.4792
188.8976 169.3666
188.7177 169.1382
188.9988 169.0307
189.0289 169.1007
189.0357 169.1918
188.9937 168.9451
188.9789 169.3745
188.9382 169.2942
188.9642 168.9867
188.8195 169.1297
189.0717 169.0511
189.2070 169.1990
189.0940 169.2584
189.0278 169.3490
189.1718 169.0304
188.6474 169.3704
189.0106 169.3987
188.8602 169.0864
189.0734 168.9969
189.0607 169.5435
188.9894 169.0836
188.8481 168.9767
189.0378 169.1762
189.2220 169.1743
189.0054 169.0393
188.9108 169.2983
189.0755 169.4009
189.1656 169.1330
189.1503 169.4447
189.1842 169.5346
189.0539 169.0912
188.7598 169.3056
189.1106 168.9325
188.9469 169.1228
188.7186 169.0397
188.6509 169.5660
189.0506 169.2289
189.3436 169.4595
189.1549 169.5251
189.0225 169.1383
189.2696 169.4186
189.1860 168.9720
189.1191 169.2210
188.9541 169.1551
188.8925 169.4145
189.0801 169.2818
189.2220 169.3575
189.0692 169.0419
188.8628 169.1263
189.3794 169.3358
188.9491 169.1316
189.1369 168.9436
188.7642 169.0982
189.0531 169.1610
189.0928 169.1346
188.7628 168.9341
189.0959 169.2870
189.0513 169.0403
189.0245 169.0666
188.9864 169.2505
188.6839 169.3451
188.9463 168.9467
188.8204 169.3302
188.8247 169.1497
188.8791 168.9918
189.1378 169.2520
189.1746 169.2818
189.1744 169.2796
188.8657 169.1642
188.8249 169.4592
189.3723 169.2891
188.8130 169.3150
188.9032 169.2039
188.9759 169.2724
188.8712 169.1846
189.0128 169.2566
189.2043 169.0930
188.8418 169.0726
189.0399 169.0173
189.1778 169.3460
188.9811 169.5332
189.1249 169.3637
189.0480 169.1837
188.9765 169.1321
189.0743 169.2491
189.3828 169.1352
188.9602 169.4002
189.1077 169.1919
188.9950 169.4603
189.0189 169.3574
189.0800 169.1964
188.9357 169.2306
188.9497 169.1701
188.9489 169.3417
188.9694 169.1560
188.8767 169.4131
188.7320 169.6069
189.2008 169.1314
188.7693 169.1184
189.1564 169.2638
188.8107 169.0051
189.1698 169.2560
188.8579 169.1015
188.9768 169.4356
188.7868 169.3053
189.2981 169.0717
189.0078 169.0177
188.9809 169.0164
189.0717 169.2443
189.2422 169.3770
189.0239 169.0712
188.9877 169.1870
189.0278 169.1478
189.1910 169.1703
189.0156 169.1969
189.0675 169.1253
189.0237 169.1700
188.9306 169.1221
189.0087 169.1656
188.9854 169.2058
189.1352 169.1368
188.9913 169.1277
189.0545 169.1829
189.0218 169.1785
188.9436 169.1862
188.9925 169.2458
188.9740 169.2042
188.9100 169.1931
189.0219 169.1356
189.0332 169.1478
189.0549 169.1398
189.0629 169.2139
189.0275 169.1796
188.9969 169.2092
189.0170 169.1430
189.0970 169.1595
188.9027 169.1842
189.0140 169.2072
189.0062 169.1393
188.9673 169.1928
189.0836 169.1159
188.9843 169.2855
188.9793 169.1682
188.9303 169.1835
188.9469 169.1109
188.9655 169.0930
189.0138 169.1340
189.0541 169.1812
189.0175 169.1646
188.9705 169.0932
189.0550 169.1909
189.0413 169.1594
189.0495 169.1953
188.9489 169.2717
188.9704 169.1971
188.9368 169.2234
189.0733 169.1722
188.9329 169.1136
188.9957 169.1514
188.9988 169.1798
189.0347 169.1667
188.9972 169.1776
188.9731 169.0857
189.1293 169.2079
189.0680 169.1379
188.8808 169.1927
189.0224 169.2679
188.9646 169.1572
189.1079 169.1544
188.9245 169.1457
188.9300 169.2305
189.0939 169.1161
188.9686 169.0289
189.0939 169.3809
189.1582 169.2880
189.0686 169.1692
189.0410 169.2442
189.0509 169.0953
188.9993 169.0776
189.0713 169.1349
189.0446 169.3331
189.0263 169.1159
189.1927 169.2249
188.9965 169.1587
189.0004 169.4064
189.0131 169.2672
188.9908 169.1697
189.0247 168.9970
188.9842 169.1405
188.9196 169.1150
189.1431 169.1417
189.0765 169.1604
189.0142 169.1954
188.8367 169.2339
188.9282 169.1739
189.0420 169.3157
189.0047 169.1022
189.1495 169.2591
189.1158 169.2878
188.9910 169.2583
188.9773 169.1443
188.9696 169.2258
189.1675 169.2873
188.9144 169.0764
189.1449 169.2238
189.1333 169.0610
188.9380 169.2684
189.1879 169.2474
189.0342 169.1340
189.0484 169.1838
189.0086 169.1849
188.9145 169.2599
188.9529 169.1843
189.0621 169.1125
189.0046 169.1611
188.9611 169.1504
189.0047 169.0757
188.8996 169.2256
189.0060 169.0701
189.0060 169.2709
189.0350 169.1958
189.0197 169.2068
189.1119 169.2212
189.0955 169.2011
189.0156 169.2733
189.0027 169.2024
189.1186 169.1778
189.0218 169.2193
189.0309 169.2755
189.1755 169.2089
189.0684 169.1706
189.1255 169.1491
188.9095 169.2718
188.9419 169.2944
189.0374 169.1287
189.0927 168.9831
188.9895 169.0931
189.0255 169.0160
189.0861 169.2479
189.0775 169.1570
188.8804 169.0854
189.0289 169.1896
189.0291 169.2140
189.0225 169.2088
188.9865 169.1134
189.0845 169.1130
189.0089 169.2271
189.0734 169.2260
188.9672 169.0591
189.0932 169.2367
189.0333 169.1869
189.0234 169.1250
189.0110 169.1144
189.1437 169.1227
189.0582 169.0922
188.9876 169.2200
189.0204 169.1626
189.0338 169.2077
189.0157 169.1164
189.0710 169.2404
189.0397 169.1545
189.0296 169.1621
188.9647 169.1504
189.0806 169.2426
189.0366 169.1592
188.8016 169.1629
189.0567 169.0385
189.0576 169.3251
189.0609 169.1711
189.0285 169.2528
188.9970 169.0512
189.0518 169.1529
188.9607 169.0746
189.0021 169.1880
188.9492 169.1847
189.0859 169.1588
189.1234 169.1671
189.1055 169.1192
188.8962 169.0988
188.8242 169.0447
188.8717 169.1669
188.8521 169.1776
189.0537 169.1763
189.1479 169.2221
189.1756 169.1858
189.0485 169.1447
189.0667 169.2195
189.0859 169.1878
189.0109 169.2758
189.0455 169.1722
189.0422 169.1034
189.0039 169.1144
189.1005 169.1109
189.0574 169.0517
188.9488 169.1717
189.1626 169.1983
189.0221 169.1901
189.0612 169.1408
188.9684 169.0805
188.8823 169.1585
189.0609 169.1008
189.0802 169.1914
188.9096 169.1590
189.0164 169.2407
189.0190 169.1993
188.9633 169.2015
188.9552 169.2489
188.9335 169.1099
188.9983 169.1940
188.9511 169.1834
189.0735 169.1460
189.0406 169.2837
188.9117 169.2044
189.0726 169.1429
189.0539 169.1724
188.9840 169.0695
188.9822 169.1923
189.0438 169.1788
189.0600 169.0764
189.1203 169.2596
189.0092 169.0560
189.0409 169.1946
189.1020 169.2059
188.9439 169.1766
189.0674 169.1536
188.9900 169.1793
189.0155 169.0361
189.0444 169.1637
189.0822 169.1982
189.0759 169.1632
188.9691 169.2141
189.1527 169.0975
189.0827 169.0351
189.0070 169.1539
188.9967 169.1839
188.9739 169.2380
188.9420 169.1543
188.9724 169.1327
188.9988 169.1836
189.0086 169.3069
188.8839 169.1004
188.9877 169.2206
188.8628 169.2174
188.7072 169.1615
188.7821 169.1949
188.8198 169.1192
188.7160 169.2546
188.7313 169.1657
188.8183 169.1710
188.6194 169.2089
188.7630 169.1602
188.8982 169.2059
188.7390 169.2561
188.9354 169.2269
188.7144 169.2528
188.7112 169.1807
188.7020 169.2662
188.7751 169.1423
188.7285 169.1558
188.7569 169.1704
188.6378 169.1341
188.7902 169.1201
188.7702 169.1795
188.8639 169.2336
188.7758 169.1531
188.7205 169.1775
188.7265 169.1602
189.0068 169.1865
189.0919 169.0576
189.0754 169.0466
189.0376 169.1906
189.0325 169.1815
188.9631 169.1888
189.1558 169.1304
189.1678 169.1085
189.0935 169.1657
189.0806 169.1843
189.1059 169.1421
188.9731 169.0759
189.0230 169.1112
189.0744 169.2821
189.1468 169.0918
189.0955 169.2379
188.9472 169.2342
189.0211 169.2277
189.0606 169.2175
189.0463 169.1638
189.1004 169.1432
188.8446 169.1557
188.9788 169.3008
189.0390 169.1801
188.9050 169.1824
189.0576 169.2173
188.9586 169.1552
188.9464 169.1567
188.9587 169.1676
189.0967 169.3051
188.9459 169.1674
189.0057 169.1127
189.0301 169.1977
189.0711 169.1935
188.9686 169.2198
189.1016 169.1664
189.0423 169.2100
189.2012 169.2491
188.8055 169.4821
188.9441 169.5007
188.9156 169.3144
188.8096 169.3496
188.9263 169.1279
189.1814 169.5221
188.9284 169.6164
188.7187 169.6472
189.0734 169.5751
189.0655 169.5094
189.1797 169.6469
189.1289 169.5374
189.2239 169.6111
188.9614 169.6455
189.1678 169.6197
189.1274 169.5661
189.1300 169.6557
189.0258 169.4300
188.8895 169.6240
189.0279 169.5480
189.0881 169.5254
188.8609 169.7103
188.9796 169.6160
189.0659 169.4118
189.1965 169.4899
189.0541 169.6940
188.9748 169.4974
189.0836 169.6194
189.1243 169.6066
189.1085 169.4613
189.2733 169.5213
189.0060 169.4972
189.1278 169.5453
189.1235 169.5880
189.0677 169.4428
189.0167 169.4690
189.1309 169.7955
189.0558 169.5888
189.0818 169.4825
189.0508 169.5518
189.1144 169.5154
189.1202 169.5203
189.0917 169.5603
189.1460 169.4616
189.1283 169.6728
189.1626 169.5807
189.1149 169.5747
189.1838 169.5402
189.1056 169.6528
189.1008 169.5121
189.1194 169.5365
188.9930 169.5164
189.1191 169.4980
189.1378 169.5625
189.2872 169.5472
189.2179 169.4895
188.9567 169.5867
188.6601 169.4425
188.6510 169.4568
188.6190 169.4611
188.5806 169.4439
188.6836 169.3792
188.7252 169.5516
188.7535 169.4818
188.7095 169.4599
188.6148 169.4712
188.7529 169.4276
188.7049 169.4716
188.7572 169.4774
188.6950 169.4124
188.6472 169.4746
188.6349 169.4985
188.7477 169.4829
188.6581 169.4262
188.5579 169.3975
188.7561 169.4552
188.6931 169.4990
188.7494 169.4966
188.6566 169.4348
188.7357 169.4907
188.7085 169.5188
188.7554 169.5240
188.8011 169.4451
188.7043 169.3815
188.7787 169.6285
188.6319 169.5604
188.8002 169.5056
188.7606 169.4420
188.7644 169.4530
188.7290 169.4592
188.6661 169.4630
188.6779 169.4738
188.7276 169.4908
188.7451 169.4761
188.8559 169.3426
188.6952 169.3996
188.6573 169.4650
188.7769 169.4542
188.6260 169.4511
188.7359 169.4669
188.7733 169.5081
188.6610 169.4741
188.7331 169.4591
188.7790 169.4871
188.7409 169.4728
188.7482 169.4017
188.7753 169.4481
188.8013 169.3429
188.6253 169.4728
188.7222 169.4725
188.6753 169.4637
188.6435 169.3842
188.7989 169.3848
188.7867 169.4392
188.8127 169.4567
188.6593 169.4546
188.7313 169.4890
188.7197 169.5362
188.6526 169.4756
188.7059 169.4467
188.6710 169.5137
188.6685 169.4383
188.8393 169.5018
188.4803 169.4221
188.5764 169.4443
188.7227 169.4672
188.7669 169.5252
188.6620 169.4445
188.5835 169.3738
188.6831 169.4891
188.6016 169.4843
188.5636 169.5360
188.7895 169.5574
188.8188 169.4558
189.1657 169.5148
189.0893 169.5545
188.8150 169.4370
189.0540 169.6476
189.0298 169.5190
189.0602 169.5996
188.9715 169.5344
189.0049 169.5430
188.7212 169.4919
188.7096 169.5376
188.7710 169.4786
188.7066 169.5084
188.8076 169.4904
188.7593 169.4002
188.6830 169.4187
188.6991 169.5018
188.6206 169.5053
188.8110 169.4215
188.6995 169.4172
188.7309 169.4140
188.6816 169.5086
188.7833 169.3365
188.6917 169.5117
188.6257 169.5269
188.5899 169.3822
188.5332 169.3649
189.0050 169.5702
189.0278 169.5300
189.1636 169.4446
188.9093 169.4936
189.1232 169.5030
189.1028 169.6084
189.1359 169.5079
189.0583 169.4315
189.0892 169.4873
189.1652 169.5301
188.9949 169.4961
189.0675 169.4903
188.9705 169.6525
189.1301 169.5893
188.9843 169.4922
189.0341 169.6365
189.0971 169.5807
189.1492 169.5805
189.0281 169.4803
189.0902 169.4457
189.1664 169.5059
189.0225 169.5705
189.2419 169.5591
189.1542 169.6058
189.0612 169.5487
189.2114 169.4034
189.1622 169.4327
189.0573 169.4884
189.0851 169.6586
188.9330 169.5773
189.3154 169.6720
188.6864 169.6123
