28.4766 41.0553
28.4753 40.8662
28.2308 40.4792
28.4275 40.8265
28.6605 40.7606
28.2785 40.8894
28.4718 40.9173
28.3976 40.3981
28.5865 40.7456
28.7255 40.6309
28.4895 40.7905
28.5589 41.0033
28.4403 40.6577
28.4216 40.6589
28.2750 40.7072
28.2191 40.7212
28.4729 40.7486
28.5441 40.7596
28.6655 40.5922
28.5213 40.8470
28.3472 41.0125
28.5328 40.8661
28.2977 40.7493
28.3105 40.8162
28.5859 40.7380
28.4218 40.7348
28.6608 40.7661
28.4432 40.6805
28.4042 41.0575
28.4456 40.8725
28.5160 40.7441
28.4735 40.9057
28.4095 40.7329
28.5744 40.5737
28.5135 40.8098
28.4392 40.6466
28.3192 40.8512
28.5159 40.8043
28.4273 40.8634
28.6657 40.6117
28.4604 40.7409
28.2920 40.7591
28.3311 41.0704
28.2641 40.9331
28.4661 40.6464
28.3326 40.7579
28.4036 40.4665
28.2459 40.8747
28.5273 40.7360
28.5679 40.7400
28.6168 40.7511
28.4922 40.6871
28.2798 40.7178
28.3926 40.8605
28.4375 40.8206
28.5602 40.8608
28.4386 40.8850
28.4290 40.7580
28.3323 40.6655
28.2602 41.2991
28.3333 40.9204
28.2124 41.1008
28.3474 41.2854
28.5709 41.1595
28.2922 41.1793
28.3531 41.1710
28.1288 41.0233
28.3298 40.9822
28.2923 40.7779
28.4876 40.9809
28.1648 41.1490
28.0814 40.9285
28.4625 40.9366
28.3562 41.1073
28.2841 41.0856
28.2925 41.1053
28.3159 41.0732
28.3384 41.1003
28.2233 41.0009
28.2740 41.0523
28.2406 40.9997
28.2779 41.0564
28.3172 41.0813
28.2981 40.9402
28.2952 41.0117
28.2392 40.9828
28.4910 41.1213
27.9927 40.6057
28.1612 41.1333
28.2145 41.1674
27.9383 40.9106
28.1754 40.9164
28.0492 40.9877
28.3925 41.2864
27.9510 40.7628
28.3228 41.2120
28.3271 41.0873
28.1473 40.9321
28.2952 41.1279
28.4646 41.1650
28.2953 41.0456
28.1967 41.1145
28.0456 41.0877
28.6320 40.7820
27.9519 41.1112
28.1525 41.1614
28.3088 41.1513
28.2565 40.6384
27.8147 40.8571
28.0597 40.7901
28.1771 40.6625
27.8119 40.9293
27.8830 40.7602
28.0217 40.7601
27.9208 40.6452
28.1882 40.9905
28.1610 40.7858
28.0531 40.5798
28.1194 40.5638
27.9699 40.8161
28.1474 40.6439
28.1867 40.7046
27.8729 40.8671
28.0193 40.6704
28.1778 40.8150
27.9573 40.5886
28.2246 40.7529
27.9848 40.8928
28.1153 40.7405
28.1242 40.4853
28.1299 40.8108
27.9308 41.0645
27.9783 40.4711
28.0330 40.8773
28.2955 40.9432
28.2474 41.0049
28.0656 40.8731
28.4482 41.0130
28.2025 41.0417
28.0101 40.6079
28.0722 40.7475
28.1935 40.8219
27.9684 40.6735
27.8593 40.7361
28.3317 40.9305
28.1473 40.9429
27.9755 40.8302
27.9410 40.8265
28.4148 40.7088
28.2503 40.7624
27.9593 40.7240
28.4298 40.8846
28.1744 40.6909
28.3256 40.6922
27.9537 40.6437
27.9687 40.9585
28.2517 40.6919
28.0617 40.8352
28.2947 40.6562
28.2084 40.7569
27.9231 40.8026
28.2576 40.8149
28.0793 40.6501
28.1701 40.8137
28.1322 40.7477
28.2181 40.7351
28.1359 40.6677
28.2624 40.8370
28.0116 40.6549
28.1242 40.7677
28.2367 40.7194
28.0374 40.9966
28.2891 40.7704
27.9639 40.5334
28.0638 40.8079
28.2476 40.6840
28.1719 40.6894
28.1119 40.7438
28.3290 40.7811
28.2274 40.7451
28.0992 40.7032
28.2543 40.8021
28.1429 40.8849
28.2430 40.5703
28.1601 40.7628
28.1731 40.7399
28.0311 40.6943
28.1102 40.6379
28.0990 40.7245
28.1688 40.7140
28.1033 40.8035
28.1445 40.7537
28.0643 40.6388
28.0528 40.8255
28.1570 40.7295
28.1566 40.7693
28.1668 40.6435
28.0933 40.7254
28.0574 40.9173
28.3971 40.5454
28.2706 41.0684
27.9999 40.7128
28.0761 40.8824
28.3467 40.9229
28.1063 40.8536
28.1006 40.5842
28.0607 40.7526
28.1035 40.6616
28.0336 40.8102
28.0193 40.9166
28.1898 40.8641
27.9982 40.6788
28.1389 40.7275
27.9032 40.6683
28.2980 40.6554
28.0415 40.4775
28.2584 40.6386
28.0051 40.5537
27.9595 40.5265
28.3679 40.5188
28.0500 41.0446
28.0243 40.8133
28.4856 40.7394
28.0294 40.6958
28.1940 40.6521
28.0526 40.7494
28.1396 40.7818
28.0931 40.7875
28.2008 40.7749
28.1382 40.7945
28.3177 40.8112
28.5402 40.7933
28.2825 40.9943
28.2291 40.9702
28.2834 41.0658
28.3879 41.0023
28.3082 40.9344
28.2696 40.9503
28.3020 40.9433
28.1672 40.6993
28.2348 40.8493
28.4422 41.0533
28.3388 41.0718
28.4473 40.9775
28.2350 40.9796
28.3609 40.9875
28.3877 40.9592
28.1606 40.8692
28.4917 41.2131
28.2317 41.0668
28.2452 40.6374
28.1927 40.8638
28.2744 40.7736
28.2116 40.5669
28.5235 40.8851
28.2740 41.0564
28.3966 41.0615
28.6068 41.1000
28.4109 41.1882
28.4020 40.7931
28.4325 41.0454
28.1687 41.0792
28.3704 40.9107
28.4132 40.9045
28.3838 41.1398
28.4089 41.0357
28.4196 41.0171
28.4961 40.8959
28.4174 40.9559
28.1962 40.9698
28.2415 41.1160
28.2983 41.0915
28.2985 40.9021
28.3249 40.9487
28.3505 40.9897
28.3495 40.9523
28.3901 40.9710
28.3135 41.0072
28.3168 40.9775
28.3407 41.0125
28.5913 41.1601
