97.1798 37.9163
97.0911 37.7749
97.3017 37.9513
97.1556 37.8345
97.1589 38.0011
97.1453 38.0823
97.1542 37.9461
96.9309 37.6876
97.1369 37.8768
97.1874 37.8674
97.3814 37.8269
97.1836 38.0512
96.9794 37.7383
97.2787 37.9709
96.9577 37.7742
97.2653 37.9316
97.0293 37.9534
97.2937 37.8087
96.9719 37.8695
97.2601 37.9477
96.9491 37.7385
97.1991 37.9112
96.9588 37.9541
97.0676 37.8287
97.0968 37.8955
97.2528 37.9462
97.0214 37.8373
97.2241 37.7586
97.0591 37.9694
97.0582 37.7300
97.2825 38.0413
96.9123 37.9208
97.0544 37.7578
96.9579 37.9393
97.1872 37.8768
97.1513 37.8260
97.1707 38.0431
97.1275 37.9217
97.1583 38.1455
97.1901 37.8878
97.0599 37.8352
97.0957 37.9116
97.1458 37.9999
97.1962 37.6673
97.0675 37.7502
97.1781 37.9126
97.1531 37.8916
97.1082 37.7032
97.2081 38.0022
97.2543 37.8743
97.0229 37.7811
97.1033 37.7860
97.0751 38.0256
97.0871 37.7948
97.0164 37.8976
96.9393 37.9681
97.0276 37.6175
97.2249 37.8763
96.9898 37.9203
97.1648 37.6607
97.0371 37.7896
96.9273 37.6948
97.2258 37.8146
97.0360 37.9390
97.1707 37.6876
97.1450 37.9473
97.2343 37.8529
96.9707 37.9310
97.1656 37.6658
97.1592 37.8769
97.1232 37.7895
97.1973 37.8264
97.1486 37.7637
97.0192 37.7886
97.1604 37.8136
97.2103 37.9391
97.1968 37.8160
97.1801 37.9102
96.9888 37.9315
97.3242 37.8813
97.2022 37.9112
97.6801 37.8835
96.8922 37.6908
97.2443 37.6065
97.1605 37.6599
97.1078 37.6739
97.2703 37.5430
97.0648 37.9401
97.3100 37.7251
97.2217 37.8341
97.1713 37.7991
97.0002 37.8596
97.2974 37.8994
97.0530 37.6633
97.0664 37.4757
97.0562 38.0565
97.0469 37.8533
97.0721 37.6586
97.1593 37.5445
97.0636 37.9602
97.1039 38.0967
97.3128 37.9320
97.4001 37.8490
96.8932 37.7141
97.4701 37.9372
97.3611 37.8584
97.5375 37.5783
97.5540 37.8778
97.3420 37.9435
97.4753 37.7990
97.6376 37.9577
97.3412 37.9669
97.4725 37.8207
97.4371 37.7772
97.4109 37.8232
97.4287 37.9125
97.4533 38.0354
97.5272 37.8604
97.2758 37.8524
97.6244 37.7989
97.3680 37.7484
97.5309 37.8537
97.5187 37.7786
97.4283 37.8655
97.2778 37.7362
97.3076 37.7761
97.4117 38.0014
97.6004 37.8941
97.6549 37.8307
97.4529 37.7242
97.4563 37.7379
97.4622 38.0324
97.4740 37.7243
97.5489 37.7443
97.5303 37.7727
97.7626 37.7585
97.4426 37.8555
97.4689 37.6630
97.6668 37.7245
97.7105 37.8930
97.5791 37.8001
97.5977 37.8652
97.5150 37.9141
97.5491 37.8800
97.4147 37.5960
97.6779 37.6824
97.6066 37.8736
97.6147 37.9122
97.5602 37.7903
97.3570 37.8651
97.7332 37.9502
97.3448 37.8412
97.4870 37.9643
97.3413 37.7572
97.5674 37.6201
97.4749 37.8216
97.6207 37.8100
97.5098 37.7597
97.5439 37.9430
97.5852 37.9419
97.5057 37.7973
97.5281 37.6827
97.6425 37.7569
97.5844 37.7002
97.4783 37.9042
97.4523 37.8635
97.5654 38.0479
97.4876 37.6587
97.4864 37.8750
97.5879 37.7341
97.4976 37.8384
97.5617 37.9365
97.4389 37.9771
97.5189 37.9953
97.3798 37.9625
97.6003 37.7294
97.6374 38.0128
97.5634 37.7780
97.5397 37.7596
97.5043 37.7960
97.5551 37.9522
97.6622 37.6958
97.5804 37.7666
97.3950 37.8856
97.5046 37.8890
97.5584 37.9400
97.6186 37.9801
97.2333 37.8411
96.9897 37.5114
97.5269 37.7370
97.5909 37.7646
97.5955 37.7569
97.4199 38.0488
97.0884 37.7298
97.2339 37.6566
97.6317 37.9346
97.3963 37.9160
97.5731 37.9348
97.4466 37.9030
97.5374 37.9631
97.1891 37.5624
97.4258 37.6004
97.2084 37.8014
97.5640 37.6392
97.6204 37.5183
97.6170 37.8209
97.4716 37.7545
97.4491 37.9272
97.2039 37.6787
97.3707 37.7374
97.4337 37.8868
97.5842 37.8100
97.3178 38.0151
97.5181 37.6616
97.4277 37.6732
97.5319 37.7392
97.4735 37.6398
97.5446 37.8508
97.5513 38.0447
97.4370 37.8562
97.2268 37.8277
97.3067 38.0247
97.0392 37.7881
97.0114 37.6275
97.2805 37.8876
97.1315 37.9206
97.2484 37.8692
97.3530 37.8474
97.3071 37.7886
97.1027 37.8316
97.3216 37.7648
97.2097 37.7284
97.0854 37.7655
97.1336 37.7381
97.0658 37.6662
97.0016 37.8424
97.3538 37.8004
97.1879 37.8771
97.2227 37.7540
97.0794 37.7102
97.1922 37.8477
97.2789 37.9134
97.2323 37.8340
97.1714 37.8772
97.2211 37.6560
97.3058 37.8643
97.0641 37.6825
97.3176 38.1035
97.3663 38.0596
97.3322 38.0639
97.4653 38.2168
97.3493 38.0956
97.4772 38.0673
97.2805 38.1743
97.3847 38.0108
97.3302 38.1814
97.2461 37.9563
97.2757 37.9079
97.3286 38.3403
97.2706 38.0279
97.4630 38.0377
97.3984 38.0074
97.5852 38.0333
97.5155 38.1136
97.3423 37.9875
97.2977 38.0009
97.4828 38.0255
97.3835 37.9539
97.4558 38.0063
97.5135 37.8237
97.4815 37.9845
97.4103 37.8889
97.3299 38.1955
97.2294 38.0607
97.3783 37.9095
97.2137 38.0202
97.4559 37.9869
97.4746 38.0249
97.4355 37.9919
97.4750 37.9937
97.4515 37.9140
97.3283 38.2082
97.3227 38.1071
97.5454 37.9215
97.3460 38.0300
97.2714 38.0990
97.4940 38.0699
97.3262 38.2631
97.3607 37.8084
97.2245 38.1430
97.2485 38.0294
97.5619 38.0294
97.4470 37.9611
97.3997 38.0534
97.4557 38.0215
97.2656 38.2411
97.5082 37.9174
97.2723 38.1440
97.3545 38.2040
97.3117 38.0945
97.2658 38.0477
97.3714 38.0201
97.2301 37.9839
97.3889 38.0971
97.2040 37.9986
97.3979 38.0743
97.4331 38.2777
97.3170 38.2000
96.9796 38.1451
97.3475 38.0909
97.3642 38.1339
97.4164 38.1842
97.4712 38.1123
97.5544 38.0331
97.3580 38.1675
97.4293 38.1913
97.3222 37.9227
97.4350 38.1251
97.5079 38.1148
97.3470 38.1191
97.2634 38.2165
97.1976 38.1218
97.2122 38.2448
97.3743 38.1287
97.2654 38.1224
97.3350 38.2193
97.3354 38.0474
97.1272 37.7043
97.1675 37.6768
97.3249 37.5830
97.1901 37.9187
97.2747 37.7598
97.2729 37.7297
97.1377 37.7739
97.2287 37.6704
97.0245 37.6464
97.3055 37.7171
97.3065 37.7363
97.2711 37.8087
97.2706 37.7327
97.1936 37.8556
97.1009 37.7001
97.4514 37.8096
97.2555 37.7156
97.2401 37.6729
97.2350 37.7673
97.2582 37.7043
97.2760 37.9746
97.4003 37.8666
97.3601 37.7739
97.3168 37.8471
97.3549 37.8419
97.2307 37.8014
97.2755 37.6723
97.1285 37.7767
97.2717 37.8109
97.4176 37.8104
97.3958 37.7160
97.2949 37.6525
97.2226 37.7559
97.1236 37.7244
97.0674 37.7821
97.2824 37.7017
97.1769 37.8222
97.2352 37.7250
96.9558 37.7660
97.2396 37.8314
97.2135 37.6250
97.1803 37.9079
97.1436 37.8778
97.3262 37.8740
97.1083 37.9780
97.2618 37.8201
97.1537 37.8248
97.2717 37.8285
97.1888 37.6381
97.1038 37.8584
97.0486 37.8858
97.2833 37.8311
97.1901 37.8312
97.2189 37.7475
97.1341 37.7654
97.0997 37.5962
97.1729 37.7105
97.0885 37.7958
97.2272 37.9366
97.1176 37.8732
97.3456 37.7284
97.2679 37.8557
97.2560 37.8509
97.1992 37.9327
97.1615 37.7711
97.3618 37.8492
97.2916 37.5609
97.2606 37.8544
97.2052 37.7939
97.2416 37.7162
97.1540 37.5951
97.2495 37.8775
97.1940 37.8597
97.3967 37.7897
97.3447 37.7328
97.3174 37.6521
97.1749 37.9035
97.4225 37.8874
97.3332 37.7398
97.3466 37.6953
97.1396 37.6603
97.1884 37.8798
97.3255 37.6197
97.1425 37.7935
97.2105 37.8294
97.2702 37.6821
97.2445 37.6663
97.1044 37.7883
97.4033 37.8792
97.1330 37.6563
97.1347 37.6333
97.3013 37.7901
97.1972 37.7482
97.4335 37.6274
96.9706 37.9386
97.1296 37.8278
97.2419 37.7686
96.9862 37.7140
97.2179 37.7970
97.2310 37.8051
97.2499 37.7815
97.4038 37.5953
97.0696 37.7019
97.2216 37.8082
97.1452 37.7112
97.2098 37.7864
97.3280 37.8358
97.2089 37.7776
97.3805 37.6971
97.2206 37.9237
97.2077 37.7311
97.1584 37.8502
97.1762 37.7879
97.2393 37.9616
97.1909 37.7395
97.2473 37.7703
97.3712 37.7204
97.1196 37.7771
97.3263 37.7055
97.3890 37.7477
97.1983 37.7779
97.3123 37.7581
97.2542 37.7725
97.2437 37.8814
97.2590 37.6849
97.0463 37.5866
97.2710 37.7410
97.1224 37.4856
97.1130 37.7915
97.1886 37.9416
97.2452 37.7582
97.1978 37.9225
97.1983 37.7832
97.1946 37.7367
97.1371 38.0266
97.1392 37.7270
96.9927 37.6474
97.2092 37.8185
97.2231 37.9700
97.5101 37.7868
97.5433 37.8846
97.5618 37.7888
97.6082 37.8440
97.5815 37.7944
97.5508 37.8497
97.6459 37.8568
97.6474 37.8485
97.5715 37.8666
97.5900 37.8379
97.7075 37.7818
97.3494 37.7494
97.3860 37.6802
97.4500 37.8523
97.6350 37.8418
97.5307 37.6978
97.3882 37.7092
97.4635 37.7369
97.3829 37.6953
97.5563 37.9882
97.3987 37.6822
97.6034 37.7945
97.6338 37.9048
97.5202 37.7794
97.5596 37.7329
97.6226 37.7347
97.6314 37.7097
97.6307 37.7513
97.4692 37.8233
97.5593 37.6809
97.5644 37.6816
97.4462 37.7730
97.6929 37.8187
97.6132 37.8624
97.5557 37.7763
97.7674 37.7588
97.5060 37.8882
97.5406 37.8199
97.4655 37.8718
97.3768 37.8552
97.6789 37.7419
97.5981 37.8235
97.3734 37.8190
97.5767 37.8363
97.5018 37.8188
97.6621 37.9177
97.6287 37.7756
97.6413 37.7480
97.5620 37.6383
97.5130 37.8654
97.6450 37.6040
97.6209 37.6020
97.2610 37.8176
97.5780 37.8611
97.6057 37.7799
97.5742 37.8392
97.5495 37.7117
97.5437 37.7689
97.5758 37.9331
97.6297 37.7849
97.4149 37.7500
97.4635 37.7466
97.5565 37.8120
97.6816 37.9223
97.7969 37.6600
97.6963 37.7377
97.5609 37.7712
97.5154 37.9325
97.5079 37.9919
97.4941 37.9908
97.5481 37.8030
97.7255 37.8250
97.7182 37.7795
97.4775 37.7241
97.6125 37.6562
97.6040 37.8770
97.3142 37.8299
97.5028 37.7632
97.5249 37.7555
97.6586 37.9120
97.5659 37.8451
97.6296 37.8553
97.6902 37.6770
97.4528 37.6262
97.6012 37.8235
97.5955 37.8263
97.7060 37.8888
97.6357 37.7233
97.6331 37.8785
97.4372 37.8058
97.7045 37.7529
97.4503 37.7833
97.6670 37.8077
97.5634 37.6797
97.5436 37.8879
97.6072 37.8577
97.5741 37.8167
97.6233 37.8140
97.5334 37.8101
97.5170 37.8947
97.4632 37.7457
97.7426 37.8367
97.6321 37.8009
97.5979 37.8133
97.6200 37.7880
97.5898 37.8309
97.5645 37.8429
97.6134 37.8706
97.5897 37.7900
97.5617 37.8979
97.5774 37.7829
97.5744 37.8141
97.5072 37.7816
97.6409 37.8007
97.6011 37.8652
97.3360 38.1048
97.3663 38.0600
97.2438 38.2770
97.3269 38.0485
97.3978 38.0818
97.4566 38.1531
97.3129 37.9722
97.4670 38.0990
97.4249 37.9848
97.4591 38.0049
97.2385 38.0466
97.2924 37.9897
97.4168 38.2636
97.3257 38.0776
97.3353 38.1157
97.3166 38.0449
97.6867 37.6912
97.6350 37.9108
97.2503 37.7581
97.5945 37.8382
97.5116 37.8010
97.5776 37.8035
97.5504 37.8519
97.5037 37.6116
97.4051 37.6702
97.5426 37.7476
97.5708 37.8036
97.7769 37.8898
97.6433 37.7947
97.6509 37.7904
97.6437 37.8641
97.5857 37.7890
97.5162 37.9853
97.5348 37.6562
97.4630 37.7997
97.6405 37.7797
97.5189 37.8190
97.4214 37.8823
97.6243 37.6936
97.7008 37.7911
97.6147 37.7415
97.5162 37.7091
97.6572 37.6660
97.6293 37.8163
97.3063 37.9075
97.4364 37.8111
97.4350 37.7667
97.6987 37.9096
97.4945 37.8232
97.6823 37.7258
97.6815 37.9450
97.5824 37.7039
97.7183 37.6515
97.5014 37.7667
97.4088 37.7128
97.4316 37.7325
97.6247 37.7298
97.5043 37.7555
97.5368 37.7879
97.7033 37.7132
97.4290 37.8175
97.5408 37.8030
97.4287 37.7471
97.4209 37.7065
97.6525 37.7570
97.5497 37.7879
97.5669 37.8003
97.5791 37.8349
97.4845 37.7993
97.5190 37.6924
97.4041 37.8056
97.5734 37.7220
97.4581 37.8812
97.5720 37.7490
97.5358 37.6124
97.7512 37.7669
97.6986 37.8275
97.7147 37.5657
97.3698 37.6959
97.5770 37.5933
97.6837 37.8258
97.5076 37.9009
97.6849 37.8148
97.5306 37.8493
97.6266 37.8406
97.3890 37.6931
97.6458 37.8227
97.6537 37.7316
97.4508 37.8741
97.4882 37.8116
97.6036 37.7534
97.6209 38.0401
97.4200 37.7353
97.5238 37.6918
97.3312 37.7963
97.7603 37.8002
97.5530 37.7557
97.5725 37.7715
97.6577 37.7420
97.0442 37.4753
97.2551 37.7281
97.1653 37.4101
97.6264 37.9788
97.7495 37.8920
97.6135 37.7429
97.5399 37.7731
97.5476 37.8326
97.4876 38.0654
97.5110 37.6563
97.7013 37.9668
97.2650 37.8326
97.3405 37.7758
97.5810 37.4601
97.6823 37.4990
97.4243 37.9254
97.5685 37.8461
97.5402 37.7072
97.3995 37.5398
97.4236 37.7675
97.7050 37.6233
97.5823 37.9158
97.6455 37.8808
97.5096 37.5308
97.6798 37.5640
97.3645 38.0930
97.3338 37.8012
97.4017 37.6261
97.5107 37.8017
97.5982 37.8024
97.6378 37.7940
97.6754 37.6756
97.5510 37.7695
97.5733 37.8366
97.2035 37.5019
97.4835 37.6801
97.2711 37.7140
97.3087 38.0100
97.4967 37.7479
97.3412 37.8597
97.2585 37.6968
97.3210 37.7553
97.1748 37.9860
97.1604 37.6368
97.2856 37.6477
97.3684 37.8262
97.3006 37.8266
97.3338 37.6828
97.1886 37.6989
97.2660 37.7617
97.1356 37.6872
97.3246 37.6795
97.2240 37.8822
97.3436 37.8378
97.3180 37.6663
97.2450 37.9736
97.4186 37.8391
97.2385 37.8666
97.2703 37.8547
97.3915 37.8238
97.2695 37.7466
97.2725 38.0434
97.3324 37.8679
97.0290 37.7221
97.4975 37.9540
97.3959 38.0281
97.1928 38.0477
97.3988 37.9818
97.2404 37.9998
97.3605 38.0653
97.2941 37.9152
97.4236 38.0972
97.5170 37.9988
97.2629 37.9447
97.3415 37.9135
97.5294 37.9109
97.5161 38.1724
97.4752 38.0143
97.2637 38.0821
97.3805 37.9312
97.4390 37.9428
97.1757 38.0672
97.5536 37.9213
97.6160 37.9735
97.3730 38.1155
97.3723 38.0792
97.3494 37.9244
97.2542 38.0528
97.3141 37.9709
97.2604 37.8120
97.3435 37.9475
97.2381 37.9034
97.3209 37.9890
97.2681 37.8313
97.5560 37.8652
97.4470 37.8272
97.5110 38.1819
97.3581 37.8608
97.4324 37.9328
97.3937 38.0654
97.2911 37.8696
97.5434 38.1579
97.4121 38.0018
97.2729 37.7993
97.4177 37.8775
97.3334 38.0579
97.3921 38.0607
97.3343 38.0765
97.4887 37.9654
97.4164 37.9800
97.3092 37.9861
97.4886 37.7943
97.4382 38.0582
97.4410 38.0501
97.3388 37.9821
97.5383 38.1100
97.5550 38.1241
97.2270 37.8203
97.2689 37.9257
97.2861 37.9670
97.2129 37.9168
97.2231 38.0798
97.4811 37.9640
97.4202 38.0472
97.4112 38.0928
97.2205 37.9779
97.2750 37.9576
97.3666 37.9790
97.5630 37.7763
97.3613 38.0451
97.2042 38.1437
97.5230 38.0499
97.2055 37.8729
97.5199 38.1610
97.4711 37.9742
97.2329 37.9466
97.3201 38.0792
97.3570 38.1197
97.3853 38.1122
97.5458 37.9676
97.5103 37.8334
97.4962 38.0217
97.4511 37.8982
97.4161 38.0707
97.2342 38.0129
97.4740 37.9742
97.5102 38.0239
97.2868 38.0985
97.2665 37.9578
97.1506 37.9091
97.3594 38.0325
97.2867 37.8027
97.4135 38.1006
97.4233 38.0415
97.4108 37.9774
97.7355 37.6903
97.6017 37.6499
97.3212 37.4447
97.7002 37.7823
97.5796 37.5799
97.5796 37.8286
97.5418 37.7087
97.6199 37.7589
97.6940 37.9315
97.5835 37.7477
97.5733 37.7537
97.4578 37.5428
97.5610 37.5811
97.6338 37.7577
97.4993 37.6541
97.5862 37.5635
97.6936 37.7543
97.7691 37.8635
97.7217 37.6721
97.7042 37.7069
97.3227 37.7426
97.7276 37.5497
97.5939 37.7812
97.5506 37.8435
97.4176 37.6249
97.6737 37.7323
97.5513 37.5812
97.5901 37.7469
97.6165 37.6470
97.5626 37.8394
97.5468 37.6954
