119.4111 71.3974
119.4420 71.3378
119.4268 71.5290
119.5476 71.3838
119.4571 71.2954
119.6368 71.2050
119.3142 71.5840
119.3617 71.4663
119.5722 71.3416
119.4594 71.4345
119.4380 71.4255
119.2364 71.3796
119.3254 71.4407
119.2797 71.3278
119.4000 71.3863
119.3087 71.3291
119.3084 71.3158
119.3682 71.4496
119.3892 71.4257
119.2316 71.4095
119.2817 71.6970
119.4314 71.4423
119.5932 71.2311
119.6545 71.5588
119.3951 71.3792
119.3836 71.4913
119.6221 71.5076
119.3743 71.6603
119.8017 71.7599
119.9777 71.7698
119.2322 71.4890
119.2438 71.3538
119.4161 71.4961
119.4007 71.4932
119.2287 71.6186
119.2623 71.4629
119.2775 71.6612
119.4105 71.4039
119.4078 71.5933
119.5033 71.5713
119.2494 71.4505
119.4834 71.5245
119.5330 71.5413
119.2851 71.6901
119.4959 71.6144
119.3643 71.6734
119.5208 71.5892
119.3182 71.6741
119.3798 71.5052
119.5064 71.4381
119.3636 71.5739
119.5935 71.4928
119.3838 71.5121
119.3652 71.5890
119.6412 71.5522
119.7827 71.4757
119.3637 71.7273
119.3785 71.5759
119.4210 71.5055
119.4135 71.5135
119.4070 71.4894
119.3978 71.5190
119.5140 71.4632
119.4420 71.5093
119.4185 71.3031
119.3277 71.4914
119.4291 71.5156
119.3975 71.4196
119.3060 71.5937
119.4297 71.5343
119.5717 71.4902
119.5484 71.5332
119.5225 71.5257
119.4628 71.6150
119.5489 71.6451
119.4212 71.5425
119.4845 71.5109
119.5253 71.4812
119.4729 71.4535
119.2733 71.6489
119.6787 71.1477
119.8476 71.3825
119.6432 71.2489
119.8566 71.1473
119.6558 71.3867
119.8094 71.2189
119.7640 71.2352
119.7515 71.1261
119.7874 71.2838
119.6908 71.3870
119.6020 71.2827
119.8010 71.2532
119.4238 71.3738
119.8809 71.2412
119.6553 71.2137
119.6831 71.3156
119.8780 71.1001
119.7629 71.2978
119.6989 71.3840
119.6569 71.3467
119.5577 71.4050
119.5575 71.4510
119.6928 71.3386
119.7102 71.2396
119.8236 71.2769
119.7095 71.0822
119.4481 71.2112
119.7477 71.2553
119.5554 71.2297
119.6786 71.1575
119.9232 71.3720
119.6137 71.4671
119.6697 71.3328
119.6964 71.3058
119.6986 71.0880
119.7624 71.1911
119.8929 71.3121
119.3465 71.5818
119.4836 71.5990
119.4386 71.6023
119.5671 71.4915
119.4590 71.4136
119.3500 71.5304
119.3810 71.5475
119.4130 71.4810
119.4773 71.4780
119.4589 71.4468
119.3323 71.4185
119.4110 71.5453
119.4765 71.5783
119.4767 71.5029
119.4996 71.4750
119.4268 71.5644
119.4786 71.9287
119.4944 71.9412
119.4475 71.9215
119.5262 71.6896
119.3677 71.5809
119.5592 71.6498
119.3470 71.6465
119.4710 71.5668
119.3867 71.7608
119.4963 71.5694
119.3175 71.6663
119.4175 71.6497
119.3599 71.5632
119.4412 71.3973
119.4691 71.6662
119.3310 71.4109
119.4528 71.5834
119.3996 71.5539
119.4708 71.4282
119.4965 71.3434
119.5536 71.7555
119.2761 71.4243
119.3825 71.3937
119.4707 71.5792
119.4939 71.5316
119.4093 71.5162
119.4604 71.5210
119.4856 71.4968
119.5075 71.5262
119.4691 71.5309
119.8358 71.5917
119.9697 71.5319
119.7451 71.7171
119.7138 71.6898
119.9060 71.5550
119.8093 71.4632
119.7386 71.3674
119.7374 71.8808
119.8205 71.6317
119.8796 71.6377
119.8736 71.4908
119.7680 71.7312
119.6801 71.5778
119.9941 71.6464
119.8285 71.6145
119.8738 71.6412
119.7775 71.6574
119.9547 71.7283
119.7146 71.7368
119.8566 71.5318
119.7044 71.7080
119.8204 71.6072
119.8493 71.6321
119.7339 71.7788
119.8963 71.6477
119.8814 71.4975
119.9262 71.6703
119.8916 71.5395
119.8649 71.6750
119.7651 71.7069
119.9187 71.6640
119.8450 71.6105
119.8691 71.6083
120.0106 71.6133
119.8218 71.6813
119.8723 71.6583
119.9065 71.4662
119.6024 71.5991
119.7471 71.7051
119.7168 71.6040
119.9388 71.5838
119.7545 71.5763
119.7847 71.4959
119.8209 71.5980
119.8425 71.5891
119.4870 71.4176
119.4263 71.4785
119.4928 71.5453
119.5385 71.5231
119.5834 71.3040
119.7347 71.2902
119.7787 71.2654
119.6611 71.2388
119.7975 71.2504
119.6215 71.2647
119.8206 71.3400
119.7235 71.2297
119.7516 71.2510
119.8703 71.1758
119.7010 71.3250
119.8704 71.2459
119.6589 71.0671
119.7433 71.2115
119.8262 71.3551
119.6703 71.3426
119.7379 71.2822
119.7607 71.2897
119.8669 71.1634
119.6828 71.3841
119.3936 71.1563
119.5337 71.5277
119.5765 71.5528
119.5393 71.4478
119.7778 71.4217
119.8539 71.4326
119.7639 71.9626
119.8198 71.5635
119.7782 71.5660
119.6865 71.5837
119.7357 71.6931
119.8612 71.5565
119.8669 71.5318
119.6737 71.6067
119.8494 71.4087
119.8441 71.6164
119.7537 71.4445
119.7803 71.4902
119.8174 71.4620
119.7714 71.4395
119.8983 71.6093
119.8770 71.7808
119.7527 71.6105
119.8561 71.6040
119.9202 71.5783
119.8087 71.4063
119.5482 71.6507
119.7466 71.5169
119.7867 71.6366
119.9039 71.6632
119.7915 71.5171
119.6986 71.5288
119.8814 71.4526
119.6733 71.4347
119.9071 71.4221
119.9095 71.5005
119.9571 71.6741
119.7806 71.6411
119.7659 71.5520
119.8000 71.9335
119.7860 71.7819
119.9133 71.7646
119.6921 71.5805
120.0855 71.8286
119.8885 71.4115
119.6414 71.7423
119.8854 71.6935
119.7781 71.7146
119.9269 71.5050
119.9254 71.5070
119.7839 71.4149
119.8129 71.8155
119.9164 71.3706
119.9389 71.5585
119.6424 71.4386
119.6994 71.5723
119.9180 71.6810
119.8023 71.4834
119.7109 71.5990
119.8011 71.6120
119.7885 71.6036
119.7731 71.5914
119.6499 71.5828
119.8853 71.5235
119.7348 71.6460
119.8337 71.5535
119.8315 71.5534
119.8036 71.5860
119.8407 71.4954
119.7595 71.4397
119.8706 71.6625
119.8140 71.5262
119.7405 71.4730
119.7054 71.7925
119.8612 71.4700
119.8929 71.5668
119.6699 71.5048
119.6656 71.6829
119.7592 71.5950
119.9214 71.5960
119.7926 71.6389
119.6730 71.5793
119.8698 71.6810
119.7232 71.7917
119.7655 71.6809
119.8517 71.6302
119.7671 71.4843
119.8576 71.5670
119.9081 71.8290
120.0653 71.5242
119.7100 71.6594
120.0492 71.6847
119.8982 71.6771
119.9312 71.4407
119.8936 71.5361
119.7220 71.5706
119.7710 71.5249
119.7492 71.6215
119.9005 71.5567
119.8279 71.4724
119.8332 71.8785
119.7482 71.9500
119.6543 71.5280
119.7053 72.0042
120.0047 71.6144
119.8786 71.2463
119.7675 71.5491
119.8349 71.2610
119.6077 71.3977
119.5184 71.3830
119.7524 71.1438
119.6480 71.3971
119.7839 71.2445
119.6836 71.1934
120.0007 71.3659
119.7083 71.2669
120.0003 71.4066
119.8002 71.4298
119.8258 71.8616
119.6494 71.3168
119.5943 71.4125
119.4919 71.6764
119.7227 71.4444
119.8342 71.0604
119.6205 71.8507
119.8606 71.1811
119.7326 71.0910
119.6219 71.6073
119.5372 71.5320
119.8372 71.2228
119.8509 71.1875
119.9375 71.2694
119.8139 71.2778
119.7899 71.7377
119.5189 71.5308
119.5190 71.1600
119.9757 71.5329
119.8511 71.3023
119.4232 71.3783
119.7545 71.2535
119.7658 71.1627
119.7673 71.1816
119.6799 71.6137
119.8328 71.5656
119.9009 71.6194
119.7681 71.6184
119.8423 71.5281
119.8414 71.5422
119.8641 71.5091
119.8255 71.5497
119.7831 71.5534
119.7881 71.5919
119.8192 71.5698
119.7561 71.5091
119.8671 71.5667
119.8120 71.5102
119.8447 71.5253
119.8031 71.5104
119.8102 71.4794
119.8255 71.5436
119.8876 71.4954
119.8173 71.5229
119.7639 71.5701
119.8597 71.5622
119.7745 71.5750
119.6603 71.4932
119.9802 71.5359
119.9448 71.5382
119.8866 71.5911
119.7790 71.6119
119.8238 71.5088
119.8580 71.6646
119.9490 71.5389
119.8426 71.7017
119.7772 71.4845
119.6999 71.4330
119.7827 71.6558
119.7699 71.6914
119.9332 71.7145
119.8007 71.4943
119.9595 71.6282
119.8917 71.5587
119.7725 71.4480
119.6162 71.6088
119.8633 71.5941
119.8870 71.5374
119.8687 71.5885
119.8647 71.5715
119.7373 71.4190
119.9487 71.6186
119.8380 71.6202
119.8709 71.5337
119.8432 71.6360
119.8063 71.7337
119.7685 71.4760
119.9243 71.4701
119.7708 71.2992
119.9436 71.4773
119.7525 71.7111
119.6400 71.5111
119.7148 71.6073
119.5527 71.8038
119.8229 71.4691
119.8164 71.9477
120.0864 71.7134
119.9028 71.8024
119.6913 71.5347
119.8378 71.6668
119.6446 71.7518
119.8424 71.7368
119.7266 71.6782
119.5383 71.9144
119.7359 71.4802
119.7514 71.9250
119.8711 71.4191
119.6331 71.4723
119.8555 71.5362
119.6618 71.4954
119.6955 71.6822
119.8063 71.5907
119.9837 71.5526
119.7393 71.5710
119.8154 71.3856
119.6361 71.6166
119.7539 71.6451
119.9012 71.7257
119.8679 71.6160
119.8165 71.5372
119.8748 71.5278
119.8026 71.5390
119.6394 71.6783
119.8634 71.7604
119.8566 71.7120
119.8147 71.5176
119.9088 71.5288
119.8220 71.5964
119.9851 71.5787
119.6871 71.6185
119.8453 71.5053
119.6738 71.7083
119.7528 71.5310
119.7650 71.4608
119.9259 71.4193
119.8111 71.5245
119.8132 71.5363
119.8166 71.5268
119.8290 71.6607
119.7511 71.6181
119.7828 71.4665
119.7325 71.4859
119.7865 71.8903
119.9605 71.5322
120.0150 71.6663
119.6895 71.6488
119.7209 71.4083
119.8294 71.5478
119.9387 71.5909
119.8280 71.5092
119.9449 71.6115
119.7983 71.6212
119.7654 71.7234
119.9174 71.4235
119.7002 71.5968
119.9476 71.6119
119.7397 71.7031
119.9436 71.5674
119.8302 71.5984
119.7400 71.6815
119.8087 71.6844
119.9071 71.4936
119.7915 71.8039
119.8280 71.6358
119.7926 71.7738
120.0166 71.6425
119.7085 71.5924
119.9765 71.5958
119.6758 71.4692
119.9328 71.5903
119.8208 71.4821
119.9595 71.5322
119.8878 71.4454
119.8301 71.6072
119.9564 71.4443
119.7591 71.5581
119.8013 71.7097
119.7982 71.5636
119.8818 71.5970
119.8180 71.5700
120.0329 71.5096
119.7946 71.5747
119.7806 71.6268
119.7460 71.5773
119.7779 71.5353
119.7875 71.5286
119.9623 71.4190
119.7212 71.7795
119.8653 71.6409
119.7976 71.5587
119.9496 71.7733
119.9085 71.4205
119.9830 71.6703
119.7329 71.5535
119.9331 71.6268
119.8777 71.5210
119.9194 71.5311
119.8723 71.4927
119.8419 71.5297
119.8646 71.5402
119.7658 71.5150
119.7896 71.5628
119.8132 71.4989
119.7494 71.5466
119.9512 71.5631
119.7418 71.5122
119.7562 71.4449
120.0037 71.4795
119.6693 71.4247
119.7911 71.3293
119.7378 71.7747
119.8724 71.4406
119.7859 71.5439
119.7105 71.4778
119.8074 71.5843
120.0084 71.7413
119.9647 71.7936
119.7695 71.5842
119.7280 71.5742
119.8337 71.6211
119.9732 71.8014
119.7483 71.4842
119.8330 71.6488
119.7201 71.5584
119.8442 71.6523
119.6964 71.6568
119.7546 71.3877
119.7762 71.6642
119.8183 71.6174
119.7470 71.7432
119.8238 71.5959
119.8450 71.4211
119.9612 71.3880
119.7976 71.5114
119.8705 71.7056
119.8678 71.5013
119.8470 71.6401
119.8737 71.5896
119.7735 71.3775
119.7103 71.5052
119.7644 71.6105
119.7209 71.5979
119.9217 71.5755
119.9017 71.3660
119.7717 71.3512
119.7561 71.7471
119.8702 71.6483
119.8074 71.4906
119.7840 71.5076
119.8395 71.5757
119.7346 71.6843
119.8232 71.6164
119.6359 71.6868
120.0001 71.6121
119.8876 71.6549
119.8059 71.5274
119.6241 71.5322
119.8183 71.5390
119.9785 71.5491
119.6917 71.8059
119.7371 71.4835
119.9824 71.5232
120.0485 71.6054
119.8526 71.4487
119.8897 71.5270
119.9634 71.5968
119.9029 71.7381
119.6271 71.4584
119.9349 71.5143
119.9407 71.7157
119.6516 71.3584
119.7306 71.4991
119.7657 71.4751
119.8171 71.5517
119.8301 71.5298
119.7800 71.5812
119.8925 71.5433
119.6366 71.7878
119.8527 71.6462
119.8408 71.6187
119.7508 71.4463
119.8031 71.5190
119.8434 71.5391
119.6230 71.6764
119.9283 71.7137
119.8073 71.5458
119.8618 71.4049
119.7992 71.3953
119.9147 71.5087
119.8191 71.4574
119.7426 71.4723
119.8724 71.4951
119.8000 71.4620
119.9084 71.5542
119.8898 71.5184
119.8456 71.5332
119.8302 71.5496
119.8734 71.5136
119.8974 71.5219
119.8213 71.5894
119.7837 71.5564
119.8606 71.4882
119.7742 71.5822
119.7164 71.4848
119.8747 71.5508
119.8734 71.5189
119.7940 71.2976
119.3342 71.3668
119.8410 71.2383
119.8135 71.2363
119.7345 71.1632
119.8008 71.2240
119.7113 71.2169
119.7752 71.2031
