141.1049 128.2892
141.1219 128.4382
140.9451 128.4551
141.2522 128.3818
141.1529 128.3970
141.1723 128.3359
141.0070 128.7289
141.3237 128.6355
141.1506 129.0247
141.2815 128.6357
141.2272 128.5725
141.2766 128.7196
141.5930 128.5717
141.5219 128.5481
141.2969 128.6362
141.3199 128.5138
141.4252 128.6688
141.4124 128.6223
141.3865 128.5872
141.3572 128.5164
141.1825 128.4219
141.0340 128.3436
141.3534 128.3704
141.3303 128.3253
141.2478 128.4460
141.1505 128.2219
141.1017 128.2299
141.1457 128.4899
141.3135 128.4230
141.3158 128.4539
141.2455 128.3457
141.1859 128.4403
141.2088 128.3834
141.1952 128.4733
141.2210 128.4273
141.2394 128.4061
141.1512 128.4130
141.1688 128.4207
141.2329 128.4251
141.3520 128.4110
141.1997 128.3711
141.1986 128.3423
141.2572 128.3797
141.2899 128.4100
141.2348 128.3407
141.1659 128.3921
141.1903 128.4061
140.9578 128.7270
140.9808 128.6178
141.1436 128.6126
141.2081 128.7791
141.0408 128.6085
141.1546 128.5421
140.9474 128.8623
140.9334 128.5599
141.1451 128.7543
141.0170 128.5179
141.2258 128.6020
141.3020 128.6109
141.0633 128.7322
141.0615 128.4784
141.2740 128.6469
140.9017 128.5555
141.0938 128.4516
141.0171 128.6466
141.0818 128.7033
141.3308 128.7422
140.9355 128.6279
141.0897 128.7836
141.0266 128.6498
140.9574 128.7190
141.1090 128.7820
141.1313 128.6607
141.0641 128.7221
140.9389 128.5425
141.1539 128.6107
141.1316 128.7659
141.0228 128.7924
141.2769 128.6850
141.1286 128.5093
141.1169 128.5753
141.0875 128.6120
141.1115 128.7119
141.0198 128.5782
141.1080 128.7833
141.0137 128.5599
141.1515 128.6758
141.0446 128.6480
141.0696 128.6024
141.2616 128.5763
141.1073 128.6038
140.9728 128.8194
141.0657 128.6058
141.1520 128.7074
141.1362 128.6392
140.9735 128.6632
141.1384 128.6031
140.9851 128.6459
141.2793 128.7101
141.0868 128.6532
141.0404 128.6367
140.9535 128.7463
141.5123 128.2786
141.2159 128.2679
141.5452 128.2387
141.1424 128.2311
141.1618 128.2750
141.1870 128.3417
141.2776 128.5130
141.2267 128.4241
141.2819 128.5459
141.3450 128.3881
141.2006 128.4369
140.9961 128.2949
141.2370 128.5278
141.4812 128.5750
141.3860 128.5258
141.4642 128.5347
141.5528 128.5735
141.4352 128.4243
141.3924 128.5686
141.0909 128.5865
141.3663 128.3285
141.3395 128.3967
141.2048 128.3557
141.2454 128.4098
141.3037 128.3882
141.2280 128.5682
141.1301 128.7166
141.0895 128.6200
141.2735 128.7675
141.1663 128.7653
140.9694 128.6267
141.1830 128.6990
141.0485 128.6648
141.0664 128.7811
141.0317 128.8199
141.0535 128.7653
141.0018 128.8085
141.2148 128.7927
141.1344 128.6333
141.0992 128.6791
141.0974 128.6383
141.3009 128.7978
141.3082 128.7301
141.0206 128.6664
141.0894 128.6511
141.0532 128.6841
141.0856 128.6692
141.3398 128.6748
141.2760 128.6265
141.0193 128.7444
140.9803 128.6456
140.9194 128.7439
141.0449 128.5890
141.1510 128.6714
141.2706 128.4742
141.1101 128.6098
141.1882 128.6885
141.4037 128.6113
141.4763 128.3516
141.2306 128.4337
141.2848 128.3430
141.3872 128.4561
141.1901 128.9140
141.2084 128.7019
141.5147 128.9577
141.5226 128.6008
141.6292 128.5540
141.3870 128.5719
141.4774 128.6000
141.5146 128.4734
141.4337 128.5279
141.5836 128.7375
141.3531 128.6077
141.5060 128.5975
141.4879 128.3815
141.4395 128.6069
141.4169 128.6591
141.3333 128.6896
141.5074 128.6732
141.3869 128.5398
141.0598 128.6867
141.1057 128.4913
141.4534 128.5851
141.4475 128.6135
141.4573 128.6106
141.4258 128.6865
141.4038 128.6718
141.6637 128.3974
141.4325 128.4062
141.6104 128.5511
141.4754 128.5560
141.4361 128.5605
141.5366 128.6107
141.4792 128.5778
141.6318 128.6238
141.4681 128.7218
141.4872 128.5349
141.5297 128.7086
141.3647 128.5969
141.5975 128.4717
141.5965 128.4931
141.5679 128.4913
141.3214 128.5059
141.4951 128.6311
141.5626 128.5875
141.3177 128.7227
141.4091 128.4763
141.3624 128.6494
141.1581 128.4788
141.2784 128.3685
141.0901 128.4443
141.1261 128.5111
141.6087 128.7979
141.6255 128.5026
141.2878 128.5016
141.5446 128.8013
141.5969 128.5751
141.1157 128.7359
140.9391 128.7555
141.0984 128.7009
141.0337 128.6624
141.1307 128.6501
141.4476 128.5478
141.6717 128.6428
141.5417 128.5503
141.5572 128.4918
141.4964 128.5729
141.5204 128.6747
141.6678 128.5618
141.5811 128.6789
141.3851 128.5719
141.4689 128.4546
141.4783 128.7334
141.4402 128.5063
141.4201 128.5048
141.4968 128.6314
141.6345 128.6757
141.5409 128.4575
141.5827 128.7558
141.5800 128.5507
141.4902 128.5796
141.4081 128.6677
141.5379 128.5227
141.4749 128.5754
141.4218 128.6780
141.6787 128.7785
141.2497 128.5391
141.1570 128.4272
141.3938 128.6215
141.1956 128.4738
141.0579 128.6945
141.1845 128.6781
141.2419 128.6627
141.1680 128.7570
141.2146 128.7654
141.1596 128.6901
141.1698 128.6139
141.2180 128.6494
141.1790 128.5715
141.0995 128.5701
141.4127 128.5315
141.5442 128.4113
141.3981 128.3615
141.3975 128.3983
