63.5952 31.2004
63.3723 31.0626
63.3490 31.1166
63.4398 31.0900
63.4812 31.0890
63.3152 31.0336
63.2975 31.1153
63.2754 31.0765
63.5186 31.1663
63.4518 30.9442
63.7551 31.0357
63.2923 31.1476
63.3917 31.1939
63.3154 31.1136
63.3626 31.1675
63.5646 31.4609
63.1126 31.5901
63.0581 31.6761
63.1397 31.5857
63.1777 31.5637
63.2281 31.5893
63.2686 31.6040
63.2167 31.5714
63.1015 31.5567
63.2123 31.5824
63.2539 31.3812
62.9898 31.4205
63.0477 31.5327
63.5814 31.0966
63.2898 31.2334
63.2362 31.1552
63.4886 31.1305
63.3733 31.1502
63.3164 31.0825
63.3897 31.1419
63.1579 30.9131
63.5691 31.1282
63.2519 31.2347
63.2451 31.4487
63.4647 31.2999
63.4288 31.3026
63.6542 31.1969
63.2359 31.4307
63.5228 31.1043
63.3206 31.2154
63.4936 31.3292
63.2374 31.2132
63.5061 31.0355
63.3053 31.1342
63.4934 31.2510
63.4570 31.0979
63.5494 31.2833
63.4848 31.2306
63.2679 31.2125
63.4342 31.2307
63.3286 31.2971
63.2053 31.2723
63.2936 31.0196
63.4878 31.1795
63.3834 31.2602
63.4162 31.1304
63.0926 31.1447
63.4150 31.1838
63.4660 31.2083
63.5416 31.2039
63.3122 31.2644
63.4386 31.4779
63.5035 31.2356
63.5298 31.4532
63.4172 31.3707
63.3716 31.2398
63.4634 31.2830
63.3619 31.2901
63.4597 31.6736
63.4845 30.9400
63.4436 31.0294
63.2120 31.5602
62.9286 31.4278
63.4781 31.1052
63.6559 31.2476
63.6130 31.3109
63.0312 31.0709
63.3094 31.4768
63.6137 31.1645
63.3295 31.2271
63.3183 31.1808
63.6037 31.4897
63.5613 31.5745
63.5306 31.7725
63.4890 31.4308
63.6354 31.5728
63.5883 31.5765
63.6694 31.5422
63.5394 31.5103
63.5418 31.7336
63.4457 31.4945
63.4525 31.5545
63.6357 31.6318
63.5954 31.5593
63.4270 31.6336
63.5923 31.4542
63.5056 31.5729
63.5587 31.6192
63.5848 31.6260
63.5267 31.4728
63.4677 31.5078
63.6210 31.6208
63.3890 31.5534
63.6078 31.6760
63.5118 31.7142
63.4913 31.4383
63.6135 31.4766
63.5153 31.3715
63.5275 31.7741
63.4243 31.6066
63.3945 31.7307
63.3480 31.5478
63.5238 31.4722
63.4047 31.5254
63.4336 31.4978
63.6105 31.6403
63.4402 31.6896
63.4857 31.5281
63.4332 31.6463
63.3159 31.7245
63.4412 31.5281
63.7511 31.6437
63.5425 31.5069
63.4607 31.7569
63.4347 31.5615
63.3877 31.5004
63.5146 31.5468
63.6329 31.5726
63.5274 31.6754
63.6739 31.4700
63.7049 31.4530
63.4153 31.5362
63.5849 31.5378
63.5583 31.7447
63.4966 31.6300
63.3690 31.6514
63.4299 31.4855
63.4193 31.4609
63.5438 31.5324
63.5759 31.5343
63.2970 31.6478
63.3027 31.6265
63.6504 31.7217
63.4327 31.6795
63.5432 31.5284
63.4639 31.4228
63.7180 31.5141
63.5734 31.4481
63.5349 31.6376
63.5028 31.6442
63.6120 31.6118
63.5644 31.5905
63.6925 31.6179
63.4284 31.5584
63.5268 31.5637
63.5437 31.6326
63.4842 31.5272
63.6004 31.5733
63.5477 31.6480
63.4891 31.4355
63.7299 31.7073
63.6249 31.7619
63.5237 31.5871
63.5153 31.6280
63.4596 31.6251
63.5634 31.6639
63.6490 31.6226
63.5651 31.4836
63.5857 31.7584
63.5865 31.5825
63.6114 31.4864
63.5626 31.4129
63.5892 31.6458
63.5392 31.4685
63.5388 31.5814
63.5007 31.4984
63.5667 31.4065
63.5074 31.5242
63.6468 31.3992
63.5823 31.6467
63.5201 31.7476
63.5579 31.6328
63.6048 31.4971
63.4320 31.5151
63.4242 31.6891
63.5997 31.5056
63.5013 31.5537
63.5466 31.3930
63.5148 31.6292
63.5064 31.5385
63.6060 31.4458
63.4327 31.5617
63.6185 31.5987
63.3943 31.7446
63.5325 31.7136
63.5735 31.6396
63.3769 31.6103
63.4938 31.5636
63.3140 31.6417
63.5420 31.4262
63.5735 31.6158
63.5039 31.5140
63.5199 31.5499
63.5532 31.6060
63.3476 31.5284
63.5597 31.7011
63.6550 31.6266
63.5650 31.6177
63.5984 31.6487
63.5191 31.5708
63.6001 31.6613
63.6914 31.5875
63.4635 31.6764
63.5798 31.4498
63.3527 31.3950
63.4973 31.5588
63.5990 31.5098
63.5930 31.5911
63.4676 31.5575
63.5664 31.5482
63.5338 31.6089
63.5762 31.6715
63.5316 31.3957
63.4450 31.5294
63.5221 31.6712
63.4234 31.5648
63.5499 31.4533
63.5152 31.5474
63.5967 31.8054
63.5025 31.4299
63.3191 31.4476
63.2734 31.6162
63.5740 31.6058
63.4527 31.6327
63.4499 31.8146
63.3152 31.6102
63.4567 31.5311
63.8227 31.5910
63.0575 31.6855
63.4216 31.5704
63.4489 31.6218
63.6644 31.6365
63.5617 31.2381
63.6388 31.4419
63.5085 31.1765
63.3584 31.8121
63.5932 31.2311
63.2201 31.6707
63.6019 31.3794
63.3547 31.8373
63.3938 31.5466
63.6201 31.6016
63.5707 31.4437
63.4090 31.7110
63.8007 31.0952
63.5417 31.5848
63.4819 31.6149
63.6586 31.7348
63.5773 31.4775
63.7026 31.4862
63.7164 31.4058
63.1793 31.4070
63.6941 31.3662
63.4327 31.6618
63.1462 31.5342
63.5085 31.4554
63.7277 31.2466
63.4204 31.6967
63.5555 31.3440
63.3369 31.8487
63.4947 31.7836
63.4958 31.6168
63.6087 31.6149
63.4671 31.5242
63.4996 31.5106
63.2719 31.5611
63.6145 31.3238
63.6719 31.7386
63.4540 31.3874
63.2512 31.5479
63.6621 31.5129
63.4747 31.6711
63.3309 31.4181
63.6657 31.5761
63.6674 31.6122
63.5507 31.4840
63.3733 31.4854
63.5195 31.5158
63.6879 31.5374
63.7338 31.5743
63.7389 31.3942
63.4275 31.6150
63.6978 31.3881
63.5967 31.6477
63.4229 31.6660
63.5506 31.6618
63.6095 31.5933
63.3327 31.5421
63.4358 31.6361
63.3443 31.4870
63.4873 31.7311
63.1270 31.5061
63.4113 31.6380
63.7187 31.3728
63.5725 31.6248
63.4828 31.5988
63.3210 31.6410
63.4485 31.6246
63.5972 31.4739
63.5907 31.3710
63.5656 31.4665
63.5355 31.3375
63.3880 31.5921
63.6345 31.6545
63.7221 31.5613
63.4784 31.6956
63.4078 31.4694
63.3789 31.3535
63.5723 31.5994
63.4656 31.5626
63.6739 31.5523
63.4770 31.4769
63.5080 31.4564
63.5964 31.5610
63.5624 31.8026
63.6639 31.6059
63.4335 31.4041
63.3183 31.4814
63.4899 31.4650
63.4964 31.6999
63.6375 31.5832
63.4005 31.6393
63.6251 31.4505
63.4250 31.7116
63.7130 31.5609
63.4822 31.5351
63.7735 31.5138
63.5038 31.6660
63.8031 31.5973
63.4689 31.6399
63.2331 31.5866
63.4859 31.7109
63.5555 31.5799
63.5008 31.5182
63.6729 31.4521
63.4942 31.7633
63.0290 31.4079
63.7053 31.7236
63.4985 31.5238
63.3859 31.5143
63.2096 31.4446
63.3468 31.3357
63.3628 31.4888
63.2315 31.4449
63.2793 31.4676
63.2757 31.4947
63.2311 31.5199
63.1746 31.4816
63.2635 31.4559
63.3340 31.5367
63.3028 31.5220
63.3226 31.4458
63.3108 31.5687
62.9953 31.4719
63.2999 31.4958
63.1418 31.5288
63.1419 31.4640
63.2180 31.6532
63.2858 31.5074
63.1497 31.4107
63.0889 31.4902
63.2285 31.7596
63.1105 31.5221
63.0766 31.4549
63.0547 31.4892
63.0278 31.5492
63.2031 31.6574
63.2412 31.5677
63.1896 31.6076
63.3052 31.5128
63.0998 31.4003
63.1432 31.5935
63.3387 31.4239
63.0926 31.7144
63.1080 31.4748
63.1689 31.4834
63.2037 31.5076
63.1877 31.5594
63.1793 31.3288
63.1342 31.4597
63.2630 31.3900
63.2568 31.4763
62.9381 31.5466
63.0507 31.4863
63.2234 31.4553
63.0180 31.3355
63.0382 31.5941
63.2781 31.5855
63.3254 31.6021
63.2539 31.4509
63.1090 31.4721
63.1213 31.4219
63.2358 31.3662
63.1575 31.5589
63.0120 31.5678
63.1789 31.7140
63.1182 31.5362
63.1892 31.5123
63.1253 31.4874
63.1464 31.4035
63.1588 31.5299
63.2677 31.4830
63.2650 31.5412
63.3595 31.4491
63.2552 31.5303
63.2909 31.4282
63.3694 31.4160
63.0694 31.3115
63.0485 31.4982
63.1647 31.4310
63.2043 31.5388
63.1674 31.5795
63.1378 31.5091
63.1352 31.4626
63.1237 31.4697
63.1488 31.5380
63.1513 31.5620
63.2257 31.5365
63.1600 31.4606
63.3697 31.2975
63.2090 31.3086
63.4370 31.2685
63.6160 31.1830
63.7363 31.4852
63.5111 31.3871
63.5261 31.3466
63.4435 31.5771
63.5174 31.6026
63.4246 31.6119
63.7105 31.4058
63.4767 31.6013
63.8681 31.4933
63.5200 31.6041
63.4830 31.6977
63.4087 31.4423
63.4422 31.6315
63.5662 31.6817
63.5274 31.5203
63.4308 31.6079
63.4807 31.4073
63.3230 31.4947
63.4040 31.7382
63.5494 31.5851
63.6230 31.4857
63.5107 31.3899
63.4240 31.7863
63.5063 31.4447
63.4390 31.6890
63.5135 31.5828
63.6436 31.5109
63.5616 31.4095
63.5817 31.6304
63.4498 31.6623
63.5462 31.5897
63.5788 31.6124
63.5442 31.5713
63.5396 30.9935
63.7675 31.0555
63.5214 31.4281
63.3822 31.0562
63.4308 31.2294
63.5170 31.2698
63.2773 31.3598
63.4466 31.3085
63.4810 31.0242
63.4671 31.1349
63.3489 31.0661
63.3401 31.1141
63.3777 31.2286
63.4746 31.2309
63.5184 31.1481
63.3888 31.2989
63.3149 31.2724
63.6441 31.1715
63.4865 31.2397
63.3387 31.1634
63.4757 31.1730
63.3580 31.4581
63.6014 31.2163
63.4289 31.3823
63.5406 31.2148
63.4025 31.0767
63.6543 31.3179
63.4086 31.1582
63.5259 31.1224
63.4436 31.2218
63.4518 31.2119
63.4012 31.2075
63.2275 31.2367
63.5601 31.1831
63.3510 31.2289
63.4678 31.2086
63.3648 31.1784
63.4426 31.1909
63.4749 31.1848
63.4194 31.1993
63.3201 31.2762
63.3791 31.2240
63.3792 30.8539
63.6621 31.1968
63.7204 31.1202
63.1439 31.1379
63.4842 31.0133
63.5991 31.0862
63.4751 31.4091
63.5270 31.4690
63.4640 31.5802
63.7160 31.4659
63.7690 31.4848
63.5862 31.4875
63.5796 31.4223
63.5278 31.6488
63.4221 31.5325
63.6223 31.7170
63.5500 31.4003
63.5910 31.5687
63.5961 31.4853
63.7040 31.6470
63.4391 31.6141
63.5402 31.3529
63.2838 31.4706
63.5296 31.7301
63.6150 31.6368
63.7458 31.3292
63.4444 31.5000
63.6055 31.7689
63.2326 31.5924
63.4791 31.4927
63.7049 31.5409
63.7155 31.3744
63.6932 31.6186
63.6048 31.5332
63.5055 31.5493
63.5372 31.4675
63.6194 31.5642
63.6159 31.4458
63.5032 31.5221
63.4461 31.5504
63.4983 31.5817
63.5868 31.3886
63.6053 31.6856
63.6386 31.5384
63.6265 31.7451
63.5290 31.7398
63.5772 31.5709
63.6213 31.6787
63.6571 31.6871
63.6750 31.6159
63.6313 31.5302
63.3590 31.6409
63.4783 31.4851
63.4851 31.5300
63.4007 31.5645
63.7293 31.7088
63.5592 31.5735
63.5762 31.5090
63.3889 31.6850
63.3916 31.7125
63.6710 31.5202
63.5840 31.5865
63.5234 31.5900
63.4820 31.6226
63.4438 31.3522
63.4854 31.4859
63.4492 31.5961
63.3344 31.4851
63.4615 31.5982
63.3985 31.4618
63.4521 31.6165
63.6371 31.6440
63.5455 31.5475
63.4687 31.5709
63.5537 31.5699
63.3039 31.7045
63.5484 31.5098
63.6718 31.6763
63.4847 31.4646
63.4533 31.6147
63.6841 31.5700
63.6222 31.4466
63.7061 31.6697
63.5845 31.7156
63.5588 31.6539
63.6547 31.5555
63.5876 31.5298
63.4272 31.6966
63.5372 31.5433
63.6218 31.4806
63.5793 31.6394
63.7563 31.4002
63.5800 31.5398
63.6308 31.5885
63.3880 31.6587
63.6646 31.5994
63.6385 31.5218
63.5318 31.3978
63.4346 31.6201
63.6834 31.5027
63.5251 31.5408
63.5379 31.4816
63.4366 31.5102
63.5979 31.5024
63.4672 31.5361
63.4774 31.6782
63.5417 31.4658
63.3890 31.6789
63.6751 31.6676
63.5241 31.5213
63.4673 31.3640
63.3965 31.5837
63.7971 31.4955
63.7178 31.4647
63.3309 31.6493
63.7669 31.3970
63.5021 31.4419
63.5000 31.5931
63.4833 31.5429
63.5093 31.2739
63.5685 31.7059
63.6093 31.4872
63.5807 31.3731
63.5337 31.3835
63.5631 31.3816
63.2985 31.4972
63.7923 31.5567
63.5582 31.6234
63.5340 31.6011
63.5831 31.4762
63.6187 31.3967
63.5873 31.4774
63.6379 31.3400
63.5291 31.2650
63.7511 31.5500
63.5556 31.6367
63.4891 31.5951
63.5623 31.5565
63.3444 31.6221
63.5936 31.6288
63.6350 31.5274
63.5413 31.7413
63.4847 31.6776
63.6783 31.6066
63.5599 31.7336
63.6440 31.5715
63.4571 31.5042
63.5378 31.5792
63.4933 31.8262
63.6718 31.7064
63.5249 31.5996
63.5827 31.6404
63.5548 31.6515
63.5838 31.6675
63.4128 31.5977
63.5177 31.5840
63.4753 31.6047
63.5919 31.5461
63.5414 31.5488
63.5843 31.6048
63.5294 31.5600
63.5624 31.6139
63.5444 31.5959
63.4409 31.5761
63.5594 31.6407
63.5307 31.6460
63.5113 31.5705
63.5006 31.6173
63.5850 31.6754
63.5363 31.6404
63.5365 31.6871
63.5811 31.7230
63.5562 31.6683
63.5295 31.6657
63.5066 31.5902
63.5588 31.6510
63.5926 31.5884
63.5272 31.6119
63.5626 31.5704
63.5220 31.5951
63.5438 31.6540
63.5143 31.5297
63.5959 31.6186
63.5347 31.5708
63.4947 31.7794
63.5176 31.6749
63.5671 31.6380
63.4962 31.5798
63.5869 31.5474
63.5571 31.6177
63.6116 31.6152
63.5157 31.6470
63.5524 31.5406
63.5881 31.6108
63.5656 31.5542
63.5057 31.6225
63.5447 31.6478
63.5869 31.6376
63.5268 31.5957
63.5295 31.6167
63.5438 31.5503
63.5605 31.6060
63.5860 31.5879
63.5871 31.6421
63.5033 31.6427
63.5150 31.6172
63.4674 31.6237
63.5370 31.6436
63.5413 31.6300
63.5510 31.5521
63.5343 31.6126
63.4745 31.6272
63.6197 31.6403
63.4981 31.6414
63.6178 31.5935
63.4874 31.5506
63.5186 31.6717
63.4984 31.5606
63.4694 31.5657
63.5613 31.6034
63.4772 31.6690
63.5553 31.5830
63.4934 31.6124
63.5230 31.6509
63.5117 31.6126
63.5468 31.5942
63.5919 31.5416
63.5658 31.6358
63.5986 31.6645
63.5826 31.5892
63.5378 31.6354
63.5052 31.6556
63.5598 31.6588
63.5541 31.6363
63.5802 31.5891
63.5012 31.6777
63.6064 31.6121
63.5955 31.5728
63.4795 31.6570
63.5266 31.5926
63.5759 31.5576
63.5606 31.6121
63.5665 31.6192
63.6086 31.6169
63.5595 31.5920
63.5413 31.6488
63.6220 31.5736
63.6430 31.6215
63.5290 31.5453
63.5267 31.6136
63.4778 31.6568
63.6098 31.5712
63.5727 31.5443
63.4493 31.5337
63.4980 31.6319
63.4591 31.5550
63.5339 31.6251
63.5495 31.5841
63.5074 31.5382
63.5883 31.5915
63.6017 31.5894
63.6034 31.6615
63.5217 31.5806
63.5918 31.5224
63.5418 31.5867
63.6335 31.5744
63.5310 31.6210
63.6252 31.6291
63.5412 31.5520
63.5699 31.5686
63.5990 31.6559
63.5308 31.5707
63.5735 31.2797
63.6121 31.5430
63.5358 31.5034
63.5772 31.5811
63.5637 31.5946
63.5406 31.5761
63.5340 31.5918
63.5608 31.5305
63.5914 31.4851
63.5222 31.5663
63.5470 31.4842
63.6021 31.6042
63.5512 31.6462
63.5903 31.6213
63.6127 31.5412
63.5810 31.6425
63.4688 31.4942
63.6037 31.5590
63.4685 31.5126
63.5132 31.5671
63.5240 31.5186
63.5610 31.5343
63.5655 31.6670
63.5256 31.6498
63.5431 31.5452
63.5171 31.5413
63.6302 31.5714
63.5487 31.5679
63.5457 31.6444
63.6193 31.6190
63.5005 31.6518
63.5483 31.5154
63.6033 31.6574
63.5270 31.6322
63.6001 31.6123
63.5080 31.6196
63.5952 31.6521
63.5384 31.6638
63.6710 31.5158
63.5532 31.5367
63.6991 31.7105
63.6699 31.6065
63.6763 31.5600
63.6405 31.6070
63.7890 31.5626
63.6279 31.5762
63.4994 31.5583
63.5618 31.5834
63.5787 31.5770
63.5108 31.5310
63.4457 31.5576
63.5040 31.5378
63.6255 31.6765
63.4774 31.7086
63.4102 31.6393
63.5357 31.6009
63.5748 31.5401
63.6203 31.5512
63.4657 31.7222
63.5675 31.5816
63.5518 31.5403
63.5032 31.7101
63.5577 31.5938
63.6105 31.5766
63.6576 31.6706
63.4532 31.5438
63.5435 31.4530
63.4837 31.5852
63.4884 31.6745
63.4096 31.5258
63.5802 31.6091
63.4819 31.6167
63.5969 31.6799
63.4435 31.6992
63.6172 31.5057
63.4273 31.6121
63.5239 31.5445
63.5923 31.7232
63.5284 31.6418
63.3808 31.6437
63.5922 31.5620
63.3830 31.7033
63.4219 31.6307
63.4805 31.5589
63.3623 31.4860
63.4370 31.5446
63.3942 31.6172
63.6289 31.5307
63.4929 31.6105
63.6109 31.6313
63.4717 31.6470
63.5749 31.6227
63.5428 31.6213
63.5576 31.5101
63.4917 31.5307
63.4313 31.6884
63.5333 31.4773
63.5831 31.7093
63.6077 31.5478
63.6187 31.5208
63.5516 31.5567
63.5195 31.6179
63.5851 31.6132
63.6277 31.7773
63.5033 31.6970
63.5246 31.6053
63.6093 31.5805
63.4690 31.6305
63.6333 31.5803
63.6159 31.6376
63.5459 31.6124
63.5628 31.7264
63.4216 31.6498
63.5212 31.5652
63.5971 31.6710
63.5137 31.6506
63.2577 31.5536
63.5345 31.5596
63.5545 31.5463
63.5574 31.7801
63.6552 31.7573
63.6161 31.6207
63.6534 31.5645
63.4529 31.5785
63.5893 31.6810
63.5675 31.6435
63.4952 31.5491
63.6943 31.6265
63.4378 31.6359
63.5640 31.5025
63.7079 31.5937
63.5682 31.5431
63.5828 31.6977
63.5680 31.6665
63.4300 31.2808
63.3435 31.2821
63.4972 31.4113
63.4905 31.1557
63.4408 31.0142
63.2954 31.1298
63.3132 31.2464
63.5054 31.3242
63.5671 31.3248
63.4884 31.1350
63.4521 31.1714
63.4468 31.2545
63.5821 31.3124
63.3806 31.1590
63.4610 31.3534
63.6235 31.1087
63.4159 31.1498
63.5798 31.1667
63.4844 31.4391
63.5258 31.3804
63.4690 31.1803
63.5357 31.0514
63.3627 31.1627
63.3654 31.4960
63.5334 31.2327
63.4862 31.1075
63.3042 31.2994
63.3406 31.1343
63.3924 31.2217
62.9427 31.2671
63.4481 31.0993
63.5266 31.1730
63.3865 31.1644
63.4076 31.3022
63.5988 31.0184
63.4808 31.0973
63.4339 31.1448
63.4179 31.1697
63.4130 31.2661
63.5229 31.0388
63.5114 31.2017
63.3968 31.2778
63.4384 31.1507
63.3813 31.2272
63.4070 31.2898
63.5379 31.2611
63.4818 30.9839
63.5309 31.2022
63.5075 31.2991
63.5205 31.1414
63.5080 30.9265
63.4100 31.1203
63.3382 31.2863
63.6052 31.2795
63.3517 31.2231
63.3287 31.2493
63.4228 31.1711
63.3739 31.3780
63.5842 31.0950
63.4101 31.0899
63.4014 31.1716
63.5235 30.9781
63.5101 31.1755
63.1555 31.1719
63.6739 31.2309
63.3985 31.1115
63.6721 31.2116
63.4126 31.1470
63.2606 31.3510
63.5210 31.3167
63.4879 31.0828
63.3501 31.1286
63.5011 31.1967
63.2656 31.3011
63.5040 31.3759
63.3125 31.1194
63.3036 31.3065
63.2044 31.0156
63.3276 31.3127
63.2217 31.0267
63.4591 31.2245
63.4687 31.1315
63.3195 31.1533
63.3244 31.1689
63.3992 31.0542
63.5647 31.2773
63.2286 31.1754
63.6164 31.2337
63.3193 31.1919
63.3482 31.2430
63.5012 31.2682
63.4752 31.1381
63.2163 31.2318
63.4259 31.1398
63.3645 31.1667
63.4836 31.1899
63.4461 31.0251
63.4326 31.2651
63.1982 31.0787
63.5378 31.0009
63.4953 31.1988
63.5046 31.0616
63.3932 31.2318
63.4169 31.2656
63.5656 31.1677
63.4637 31.1518
63.4798 31.1733
63.4126 31.2875
63.2985 31.0407
63.5365 31.0279
63.4246 31.3096
63.3869 31.2600
63.3682 31.0898
63.5666 31.5452
63.3713 31.0743
63.4082 31.1485
63.3795 31.2273
63.5058 31.1949
63.2385 31.2047
63.6077 31.1173
63.3564 31.1573
63.4965 31.2672
63.1803 31.2637
63.3433 31.2111
63.3867 31.0621
63.5576 31.0167
63.3175 31.1151
63.4261 31.2939
63.5102 30.9523
63.2821 31.1803
63.3423 30.9612
63.3627 31.2074
63.3794 30.8701
63.6073 31.2232
63.4169 31.2170
63.3248 31.3329
63.3953 31.1184
63.4014 31.1889
63.5080 31.0788
63.5416 31.1165
63.3154 31.3328
63.5763 31.1592
63.3584 31.2826
63.4375 31.1828
63.4460 31.2582
63.4833 31.0328
63.4526 31.2537
63.4399 31.3340
63.4034 31.1585
63.5337 31.2931
63.2292 31.1634
63.5087 31.2407
63.4353 31.3753
63.2463 31.2342
63.3805 31.3347
63.2560 31.2216
63.5893 31.1518
63.4299 31.0239
63.5045 31.1861
63.2777 31.2088
63.4576 31.2892
63.3749 31.1789
63.4365 31.2398
63.4407 31.1739
63.4931 31.3435
63.5013 31.1578
63.2364 31.0854
63.3327 31.1266
63.2745 31.0909
63.2892 31.3217
63.4021 31.0940
63.4672 31.3847
63.3464 31.2604
63.5190 31.2263
63.3754 31.1115
63.4140 31.1355
63.4686 31.2705
63.6023 31.1149
63.4960 31.0704
63.3992 31.1539
63.3523 31.0759
63.4848 31.0380
63.6733 31.2133
63.5362 31.1214
63.4091 31.2453
63.3442 31.1264
63.4311 31.0841
63.2706 31.2577
63.3820 31.2859
63.7044 31.1316
63.4672 31.2267
63.4261 31.2216
63.5162 31.1698
63.4561 31.0847
63.5938 31.0921
63.5048 31.2206
63.3570 31.1338
63.6348 31.1637
63.6519 31.3272
63.3964 31.2733
63.2764 31.2386
63.3735 30.9995
63.3758 31.1734
63.4307 31.1571
63.5213 31.1194
63.3738 31.0254
63.3026 31.3844
63.3865 31.0835
63.2949 31.3203
63.6123 31.1928
63.4448 31.2608
63.3886 31.1886
63.4693 31.0692
63.4145 31.1961
63.4690 31.3396
63.4468 31.2238
63.4014 31.2573
63.3414 31.2227
63.2902 31.2168
63.3759 31.1493
63.5064 31.4024
63.3560 31.2545
63.4692 31.0599
63.3310 30.9773
63.4107 30.8995
63.1611 31.3951
63.2354 31.4887
63.4338 31.5076
63.2906 31.5221
63.1635 31.4347
63.1092 31.2155
63.1951 31.3987
63.2826 31.1991
63.2655 31.6274
63.2095 31.6556
63.2753 31.2748
63.3039 31.3116
63.3214 31.3426
63.2779 31.4873
63.3132 31.4698
63.2760 31.4243
63.1320 31.2500
63.7312 31.5375
63.5373 31.6260
63.5215 31.5254
63.4687 31.4885
63.4417 31.4999
63.4268 31.4822
63.7959 31.5603
63.5383 31.5244
63.6501 31.5658
63.5718 31.6218
63.5463 31.5674
63.4918 31.4980
63.5904 31.5171
63.5576 31.5275
63.5338 31.5482
63.4734 31.4351
63.7295 31.5946
63.5213 31.5858
63.5225 31.5332
63.5324 31.5641
63.5047 31.5668
63.5641 31.5983
63.6817 31.4953
63.4156 31.4340
63.5642 31.5750
63.5905 31.5579
63.5397 31.5651
63.4003 31.6402
63.5280 31.3970
63.4665 31.4741
63.5084 31.5006
63.6147 31.4581
63.5847 31.5097
63.5986 31.5998
63.5022 31.6208
63.5188 31.6641
63.5809 31.4251
63.4421 31.5499
63.3611 31.5933
63.5823 31.6301
63.5963 31.5388
63.5085 31.6380
63.5806 31.5918
63.4930 31.4420
63.5819 31.5813
63.5232 31.5685
63.5741 31.5407
63.5447 31.5225
63.6150 31.4687
63.5502 31.5067
63.6340 31.5008
63.5437 31.5838
63.4469 31.5745
63.5241 31.6172
63.5790 31.5026
63.5658 31.5637
63.5589 31.5735
63.6080 31.5084
63.5752 31.5394
63.6913 31.4588
63.5447 31.4522
63.5195 31.5730
63.5761 31.6117
63.5267 31.5618
63.5668 31.4801
63.6000 31.5470
63.4415 31.5757
63.5942 31.4740
63.5988 31.5055
63.5280 31.4619
63.5135 31.5839
63.5550 31.5486
63.5618 31.5788
63.6257 31.5777
63.5172 31.5033
63.4882 31.5951
63.5473 31.5244
63.5865 31.5435
63.5809 31.4611
63.5002 31.5509
63.5718 31.5580
63.5653 31.5411
63.5438 31.6214
63.5819 31.5332
63.5998 31.6276
63.6198 31.5274
63.5985 31.5710
63.5031 31.5288
63.5373 31.4484
63.5915 31.6313
63.5642 31.4809
63.5569 31.4859
63.5602 31.5413
63.5558 31.5008
63.5061 31.5074
63.6113 31.5563
63.5478 31.5664
63.6113 31.5557
63.5844 31.6204
63.5530 31.4920
63.5955 31.5096
63.5768 31.4826
63.5843 31.5521
63.5617 31.5760
63.6509 31.4943
63.5075 31.6063
63.4988 31.5295
63.5420 31.5469
63.6432 31.6381
63.5656 31.5475
63.5579 31.4055
63.6066 31.5512
63.5632 31.5271
63.5210 31.5271
63.5915 31.5329
63.4981 31.5477
63.5960 31.5592
63.6126 31.6164
63.5535 31.4941
63.5953 31.5353
63.6525 31.5429
63.6739 31.3741
63.5650 31.5533
63.5339 31.5136
63.5358 31.5281
63.5711 31.5202
63.5729 31.5075
63.6084 31.5293
63.5504 31.5141
63.5265 31.4912
63.5799 31.4198
63.5382 31.6034
63.6305 31.5808
63.5863 31.5156
63.5730 31.4888
63.5860 31.5216
63.6343 31.5217
63.5745 31.5279
63.5010 31.5250
63.5948 31.5110
63.5312 31.5551
63.5066 31.4405
63.5543 31.4843
63.6007 31.4837
63.6057 31.4873
63.6566 31.4715
63.5755 31.4903
63.6430 31.4788
63.5629 31.5693
63.5846 31.5269
63.5682 31.4224
63.6025 31.4744
63.5883 31.5407
63.5817 31.5003
63.6890 31.5052
63.6172 31.5989
63.5461 31.5702
63.5799 31.5263
63.6133 31.5253
63.5451 31.4867
63.5936 31.5249
63.5862 31.5839
63.6230 31.5737
63.5489 31.4807
63.5541 31.4947
63.6119 31.5804
63.5910 31.5060
63.5849 31.5407
63.6483 31.5720
63.6491 31.5089
63.6458 31.5686
63.6464 31.5583
63.6369 31.5333
63.6201 31.5793
63.5583 31.5995
63.6215 31.5231
63.5787 31.4681
63.5636 31.5174
63.5731 31.4950
63.6100 31.4976
63.5780 31.5273
63.6043 31.5309
63.5467 31.4947
63.6001 31.4860
63.5395 31.6194
63.6012 31.4518
63.5529 31.5249
63.6051 31.5188
63.5062 31.4626
63.5844 31.4615
63.5338 31.5100
63.5450 31.5053
63.6264 31.5150
63.5198 31.5593
63.6293 31.5329
63.5337 31.5482
63.5385 31.5005
63.5995 31.5223
63.6298 31.5176
63.4947 31.5133
63.5858 31.4956
63.6029 31.4656
63.6248 31.5489
63.6646 31.5209
63.5530 31.5097
63.6587 31.4111
63.4753 31.5254
63.5289 31.5410
63.5401 31.4924
63.6499 31.5086
63.5796 31.5120
63.5916 31.4327
63.5118 31.4766
63.5960 31.4766
63.5856 31.5641
63.5839 31.4259
63.5739 31.5340
63.5840 31.5326
63.5569 31.4844
63.5332 31.4477
63.6302 31.5392
63.6340 31.4989
63.6921 31.5688
63.6066 31.4669
63.5715 31.4378
63.6285 31.4969
63.5952 31.5223
63.4672 31.3967
63.5707 31.5829
63.5863 31.4584
63.6040 31.4888
63.5626 31.4860
63.5929 31.5030
63.4964 31.5014
63.5437 31.5582
63.5571 31.5231
63.4997 31.4957
63.5380 31.4769
63.5588 31.5074
63.5268 31.4483
63.5612 31.5682
63.5538 31.5157
63.4780 31.4779
63.5715 31.5159
63.5983 31.4983
63.4856 31.5938
63.5064 31.5432
63.4280 31.4848
63.5936 31.5279
63.5012 31.5155
63.5640 31.5717
63.5756 31.5361
63.4826 31.5132
63.4619 31.5746
63.5688 31.4870
63.5186 31.4759
63.5477 31.5623
63.6026 31.5552
63.5430 31.4884
63.5932 31.5105
63.4952 31.5055
63.5721 31.4755
63.5453 31.4930
63.5196 31.5093
63.5711 31.5039
63.5574 31.5353
63.5081 31.5526
63.5444 31.5599
63.5276 31.4956
63.5094 31.4470
63.5210 31.4147
63.5615 31.5423
63.5014 31.5082
63.6093 31.4756
63.5459 31.5203
63.5719 31.4461
63.5775 31.4434
63.6308 31.5091
63.6111 31.5221
63.6205 31.5210
63.6179 31.4407
63.5652 31.4351
63.5770 31.4746
63.5571 31.4625
63.6750 31.4817
63.5875 31.4556
63.6175 31.5265
63.5812 31.5238
63.5581 31.4353
63.5213 31.5104
63.5999 31.5041
63.5783 31.4861
63.5082 31.5090
63.5808 31.4725
63.5802 31.4567
63.6462 31.5142
63.6245 31.4890
63.6716 31.5462
63.5996 31.4884
63.5783 31.5544
63.5876 31.4846
63.6303 31.4504
63.5630 31.4894
63.5731 31.4941
63.5982 31.4324
63.5887 31.5219
63.5678 31.4359
63.5981 31.5317
63.5925 31.4973
63.4747 31.4664
63.5405 31.3971
63.5265 31.4338
63.5382 31.4360
63.6105 31.5454
63.6192 31.4687
63.5713 31.5172
63.5222 31.5483
63.5983 31.5729
63.7805 31.5327
63.7334 31.3552
63.6807 31.5410
63.4959 31.4331
63.5540 31.3356
63.7571 31.3864
63.6635 31.5213
63.7630 31.4132
63.5657 31.4945
63.6420 31.4403
63.5395 31.4073
63.6792 31.3561
63.7228 31.3869
63.7443 31.4087
63.7029 31.5211
63.1353 31.2763
63.5611 31.5615
63.5126 31.5669
63.7074 31.2197
63.5273 31.0963
