44.5517 100.8554
44.8020 100.2906
44.9460 100.1403
44.6824 100.1999
44.6623 100.1396
44.7163 100.1674
44.8430 100.1404
44.7687 100.2454
44.7562 100.2456
44.6724 100.5532
44.7974 100.6425
44.5227 100.6714
44.8031 100.9064
44.4097 100.5588
44.5989 100.5114
44.5576 100.5317
44.4852 100.4561
44.5079 100.4536
44.4597 100.4064
44.4680 100.5366
44.4383 100.6758
44.4313 100.5491
44.4057 100.5109
44.3460 100.4277
44.3855 100.4923
44.3568 100.3859
44.4231 100.4951
44.6989 100.4164
44.2933 100.5799
44.4328 100.5310
44.4444 100.4591
44.3868 100.4651
44.5376 100.5177
44.5072 100.4412
44.4471 100.5079
44.5054 100.4712
44.4414 100.5329
44.4481 100.4573
45.1981 100.5397
44.4046 100.6100
44.3564 100.3018
44.4184 100.5777
44.4507 100.4755
44.4370 100.5377
44.4508 100.5644
44.4689 100.6379
44.4225 100.5919
44.4462 100.4920
44.5137 100.5357
44.4666 100.4571
44.5257 100.6848
44.4417 100.5058
44.5903 100.4705
44.4185 100.5184
44.5200 100.4958
44.4518 100.5545
44.5125 100.5215
44.5164 100.6360
44.3892 100.3664
44.5750 100.5246
44.5126 100.4503
44.4429 100.4534
44.5541 100.4260
44.3587 100.5184
44.5146 100.4710
44.4777 100.5610
44.5619 100.5145
44.5300 100.6018
44.6020 100.6119
44.5210 100.3621
44.5470 100.3687
44.5782 100.5239
44.5129 100.4387
44.3895 100.4966
44.5090 100.5120
44.4971 100.5105
44.4737 100.4294
44.3904 100.4447
44.5400 100.5775
44.4070 100.4879
44.4869 100.4773
44.5102 100.5595
44.5448 100.5444
44.4578 100.4411
44.4973 100.5264
44.5189 100.5327
44.5832 100.5632
44.5522 100.4749
44.5341 100.5100
44.4521 100.4153
44.5418 100.4674
44.5530 100.5625
44.5563 100.4198
44.5244 100.5426
44.4924 100.4199
44.5810 100.5423
44.5273 100.5580
44.4321 100.5440
44.4991 100.5644
44.4214 100.6001
44.5711 100.4065
44.6291 100.4987
44.5593 100.5021
44.4746 100.6628
44.4362 100.5696
44.5107 100.4962
44.6996 100.6002
44.4966 100.3660
44.6285 100.4588
44.4192 100.4640
44.4754 100.5173
44.5324 100.5013
44.5377 100.5399
44.3973 100.4830
44.5350 100.5405
44.5678 100.6497
44.5666 100.5538
44.3745 100.6146
44.4170 100.3058
44.5710 100.4475
44.5566 100.4404
44.5684 100.4769
44.4633 100.6241
44.4767 100.5095
44.6021 100.4743
44.5442 100.5453
44.5977 100.5008
44.6101 100.4865
44.5660 100.4403
44.4181 100.4395
44.7043 100.2522
44.7146 100.1998
44.8589 100.2244
44.8501 100.1005
44.7372 100.2705
44.7488 100.3030
44.7879 100.2646
44.7184 100.2424
44.7999 100.2762
44.9084 100.1911
44.8068 100.2784
44.8195 100.1436
44.8202 100.2628
44.8083 100.2691
44.8180 100.3387
44.8473 100.3530
44.7959 100.3388
44.7565 100.3466
44.9328 100.2806
44.8066 100.2885
44.7736 100.2384
44.7495 100.0381
44.9014 100.6289
44.9840 100.6332
44.7644 100.5858
44.8186 100.5246
44.7871 100.5441
44.8824 100.5333
44.9751 100.4098
44.8184 100.5621
44.8167 100.5052
44.8788 100.5175
44.9024 100.4734
44.7021 100.5599
44.8844 100.4612
44.8323 100.6751
44.8255 100.5117
44.9069 100.5965
44.7811 100.4929
44.8660 100.5262
44.8558 100.5253
44.9521 100.5860
44.8523 100.5135
44.7115 100.7031
44.9421 100.6004
44.8852 100.6466
45.0046 100.6443
44.8462 100.5633
44.9934 100.5495
44.8289 100.5709
44.8305 100.5734
44.7842 100.5208
44.9572 100.5314
44.8342 100.4990
44.9305 100.5028
44.8235 100.4742
44.8507 100.6298
44.9682 100.6320
45.0001 100.4781
44.9503 100.5958
44.9281 100.7445
44.9044 100.5200
44.9210 100.6516
44.8779 100.5453
44.9147 100.5636
44.7814 100.5492
44.8671 100.6093
44.8091 100.5093
44.8173 100.5528
44.9583 100.5216
44.9461 100.5134
44.8781 100.5977
44.9627 100.5266
44.8616 100.5411
44.8550 100.6738
44.7858 100.6551
44.8787 100.5207
44.9207 100.5366
44.9238 100.5263
45.0799 100.5323
44.9681 100.5858
44.9514 100.5510
44.9046 100.6738
44.8365 100.6068
44.9666 100.7209
44.9112 100.5545
44.8330 100.6149
44.9064 100.3883
44.9297 100.5867
44.9291 100.5099
44.9991 100.6348
44.8713 100.6608
44.9762 100.6103
44.9555 100.5856
44.8156 100.6022
44.7775 100.5424
44.9872 100.7201
44.8310 100.6703
44.9313 100.5803
45.0051 100.5793
44.8639 100.6323
44.8736 100.5498
44.8631 100.7282
44.8963 100.5069
44.9277 100.6859
44.8563 100.5616
44.9425 100.7207
44.9065 100.6443
44.8962 100.4974
44.9388 100.4775
44.8732 100.6838
44.9049 100.5970
44.9106 100.6462
44.9626 100.5164
44.7776 100.5885
44.8646 100.5919
44.8828 100.4884
45.0184 100.6407
44.8366 100.5239
44.7915 100.5754
44.9877 100.6047
44.8193 100.5525
44.8997 100.5743
44.9012 100.5748
44.8451 100.5429
44.8723 100.5629
44.7422 100.6338
45.0003 100.5567
44.8402 100.5215
44.9225 100.6271
44.8737 100.5211
44.9527 100.6152
45.0667 100.3772
44.9350 100.5901
44.9101 100.6375
44.9490 100.5520
44.8460 100.5668
44.9477 100.4991
44.8438 100.6329
44.9448 100.5081
44.8807 100.6309
44.9198 100.6093
44.9200 100.4697
44.8503 100.5928
44.9152 100.6138
44.8646 100.5498
44.8887 100.4882
44.9304 100.6781
44.8691 100.6794
45.0925 100.5720
44.9216 100.5460
44.9676 100.6089
44.7631 100.6043
44.8427 100.6392
44.9285 100.6010
44.8042 100.5145
44.9214 100.5468
45.0318 100.5841
44.7782 100.6858
44.8991 100.5694
44.9179 100.5422
44.8543 100.6164
44.8562 100.6282
44.8935 100.5312
44.9637 100.6577
44.7922 100.3989
45.1160 100.7506
44.9409 100.5126
44.9146 100.6309
45.0661 100.6059
44.8182 100.5752
44.9818 100.5820
44.9017 100.6385
45.0023 100.6275
44.9670 100.4651
44.9630 100.5339
45.0053 100.5236
44.9328 100.4910
44.8474 100.5811
44.9887 100.4592
44.9694 100.5258
44.8669 100.6040
45.0268 100.6312
45.0233 100.3932
44.9258 100.5166
44.9302 100.5686
44.9853 100.6601
44.7946 100.5658
44.8050 100.4823
44.8617 100.5544
44.9429 100.6110
44.9188 100.5625
44.8827 100.6168
44.9343 100.7664
44.9928 100.7753
44.9819 100.7317
44.8958 100.6927
44.8790 100.7197
44.8642 100.6524
44.9083 100.6334
44.9055 100.6764
44.8507 100.7180
44.8970 100.5769
44.9634 100.6136
44.9454 100.6220
44.9018 100.6926
44.8892 100.5780
44.9413 100.6250
44.9494 100.7050
44.9121 100.8287
44.9686 100.5313
45.1192 100.4866
44.8612 100.5904
44.9950 100.6024
45.2073 100.6990
44.8170 100.5348
44.7727 100.5752
45.0688 100.6682
45.0654 100.2047
45.0667 100.4259
44.9430 100.5290
44.8305 100.4681
45.1592 100.8208
44.9955 100.5124
45.0484 100.9049
44.8454 100.7057
45.0257 100.6156
45.0391 100.6037
44.9342 100.5045
45.0196 100.6014
45.0785 100.6012
44.9575 100.7161
44.8153 100.9880
45.0792 100.5818
44.9467 100.4581
45.1843 100.7724
45.1817 100.7629
45.1736 100.7568
45.0813 100.8059
44.9684 100.8366
44.8498 100.7314
45.1104 100.5982
44.9492 100.8500
44.9539 100.6688
44.9772 100.5271
45.1902 100.6752
45.2261 100.6663
44.8525 100.7289
44.9253 100.4761
45.0141 100.6994
44.9196 100.4268
45.0809 100.4936
45.1188 100.6798
44.9184 100.5274
44.8241 100.7482
44.7637 100.8262
45.0045 100.6747
44.9144 100.3053
44.7790 100.6499
45.0711 100.6458
44.9344 100.6646
44.8103 100.3686
44.8560 100.6539
44.9583 100.7398
45.0798 100.4742
44.9400 100.5171
44.7698 100.5628
44.8520 100.7836
45.0425 100.7402
44.9480 100.5604
