135.1416 160.5363
135.4258 160.7597
135.3776 160.7358
135.3745 160.6630
135.4754 160.7152
135.2172 160.7128
135.2318 160.6636
134.9514 160.5568
135.4915 160.5861
135.1972 160.6199
135.3424 160.5481
135.3059 160.6808
135.4707 160.7074
135.2901 160.4702
135.5310 160.4299
135.2817 160.2199
135.0135 160.2922
134.9163 160.3998
135.1388 160.4944
135.0121 160.5424
134.9615 160.6263
135.2192 160.4964
134.9669 160.2405
135.0549 160.8244
135.0822 160.4831
135.2634 160.5114
135.1608 160.5640
135.2187 160.3951
135.2515 160.4844
134.7928 160.6007
135.2168 160.6311
135.2097 160.6107
135.4932 160.3484
135.3213 160.4289
134.9788 160.6231
135.2849 160.6534
135.3040 160.5258
135.4082 160.5258
135.4914 160.4865
135.3842 160.2467
135.4134 160.4600
134.9835 160.6384
135.1749 160.2506
134.9074 160.3773
135.3607 160.8867
135.6053 160.5588
134.8084 160.4366
134.9499 160.4066
135.1355 160.5840
135.3873 160.8122
134.9481 160.5745
134.9820 160.6278
135.3397 160.5705
135.3220 160.3312
135.0940 160.1684
135.4069 160.6902
134.9728 160.6539
135.0980 160.4914
135.2450 160.5731
135.0495 160.5210
134.9717 160.5179
135.2466 160.1951
135.1770 160.5105
134.9964 160.2399
135.1228 160.3851
134.9339 160.3522
135.2129 160.5659
135.3341 160.6810
135.3155 160.4965
135.2897 160.4339
135.4324 160.3045
135.4682 160.5235
135.4110 160.3751
135.4423 160.5985
135.4930 160.4896
135.4900 160.5450
135.2587 160.4392
135.3252 160.4409
135.4050 160.5691
135.3574 160.4054
135.2199 160.5218
135.3858 160.6187
135.2970 160.5107
135.3310 160.3882
135.3089 160.4473
135.4377 160.5128
135.3078 160.4683
135.3829 160.4546
135.3862 160.2987
135.4884 160.5385
135.4708 160.3272
135.5286 160.6013
135.3787 160.4657
135.3367 160.4898
135.3783 160.5388
135.3962 160.5444
135.3561 160.4127
135.4431 160.4254
135.3559 160.4780
135.4098 160.4371
135.3634 160.4402
135.4432 160.4803
135.3228 160.4710
135.3162 160.5081
135.4262 160.4767
135.2464 160.4538
135.4655 160.4792
135.4039 160.4509
135.3651 160.4768
135.4876 160.4200
135.4033 160.3700
135.4653 160.4022
135.3889 160.4784
135.3796 160.4163
135.4239 160.4276
135.3613 160.5302
135.3623 160.6698
135.3692 160.2470
135.5450 160.5426
135.4090 160.4443
135.4141 160.4738
135.4739 160.4295
135.4364 160.3762
135.4913 160.5270
135.4794 160.4980
135.4822 160.4071
135.4905 160.3556
135.4040 160.4719
135.4828 160.4136
135.4382 160.4392
135.4593 160.5887
135.4884 160.4751
135.4700 160.4192
135.4934 160.3844
135.4403 160.4286
135.4183 160.4466
135.4904 160.4444
135.4083 160.4741
135.4842 160.4169
135.5172 160.4073
135.5296 160.4146
135.4470 160.5257
135.4594 160.4335
135.4946 160.4620
135.4217 160.3915
135.3631 160.3737
135.5066 160.4104
135.4699 160.4257
135.4838 160.4352
135.4898 160.3564
135.4986 160.5075
135.5209 160.4411
135.5087 160.5006
135.3759 160.5421
135.3888 160.4616
135.4094 160.4094
135.5291 160.4551
135.4166 160.3716
135.5435 160.4194
135.6181 160.4338
135.4414 160.4114
135.5316 160.5024
135.4823 160.3981
135.4692 160.4833
135.5130 160.4489
135.4440 160.4859
135.5457 160.3932
135.5798 160.4552
135.5988 160.4148
135.4362 160.4565
135.4301 160.4694
135.5039 160.4945
135.4206 160.4206
135.5307 160.4570
135.3491 160.3803
135.4575 160.4315
135.4151 160.3975
135.3976 160.4095
135.6154 160.4261
135.5222 160.3859
135.4533 160.4053
135.5745 160.5112
135.4130 160.4708
135.2599 160.2765
135.4378 160.4645
135.4859 160.4770
135.4922 160.5035
135.5721 160.3865
135.1731 160.4148
135.0476 160.2949
135.4270 160.3735
135.4386 160.4797
135.2807 160.4249
135.4289 160.4888
135.3805 160.4764
135.5514 160.3078
135.4258 160.4760
135.4055 160.2726
135.4791 160.4458
135.2300 160.5223
135.5009 160.6057
135.3576 160.4558
135.4907 160.3149
135.3539 160.4485
135.5074 160.6153
135.3717 160.4550
135.2269 160.5640
135.4871 160.2416
135.4904 160.4924
135.3158 160.4304
135.4896 160.3069
135.3331 160.4029
135.4355 160.4504
135.3820 160.3490
135.6261 160.6725
135.1122 160.3944
135.5211 160.4072
135.3895 160.1838
135.3474 160.3872
135.5361 160.5915
135.3597 160.5434
135.7041 160.4353
135.4396 160.5763
135.3962 160.3990
135.3685 160.3730
135.5798 160.4269
135.5611 160.7089
135.4928 160.3078
135.5276 160.5228
135.4029 160.4507
135.3993 160.4117
135.5745 160.4488
135.3652 160.3937
135.4756 160.5513
135.4542 160.3758
135.6335 160.3846
135.4823 160.4868
135.5025 160.4205
135.4412 160.3777
135.4768 160.3940
135.4267 160.4129
135.4547 160.4745
135.4616 160.4029
135.5131 160.4366
135.4142 160.4475
135.4034 160.4564
135.5554 160.3579
135.5737 160.4568
135.4693 160.4844
135.4858 160.4143
135.4723 160.4879
135.4787 160.3997
135.5174 160.4345
135.4426 160.4769
135.4088 160.4437
135.4540 160.5199
135.4379 160.4074
135.4405 160.4268
135.4902 160.4156
135.5074 160.4309
135.4755 160.4230
135.4501 160.4352
135.4369 160.4900
135.4768 160.3727
135.5349 160.3950
135.5509 160.4330
135.4098 160.4529
135.4293 160.4839
135.4615 160.4583
135.4565 160.3724
135.4569 160.4619
135.3896 160.4221
135.4145 160.4533
135.4143 160.4321
135.3734 160.3810
135.3457 160.3924
135.4780 160.3627
135.4113 160.4171
135.3669 160.4486
135.4827 160.4329
135.4355 160.5119
135.4034 160.4707
135.4516 160.4760
135.4439 160.3851
135.4091 160.3223
135.4263 160.4873
135.4109 160.3851
135.3994 160.3944
135.4877 160.4031
135.4991 160.4509
135.5440 160.4054
135.4453 160.4075
135.4595 160.4323
135.4124 160.4282
135.0809 160.5277
135.1235 160.4190
135.1026 160.3948
135.2050 160.4662
135.2620 160.6872
135.0018 160.5152
135.0536 160.5574
135.0951 160.3596
135.1889 160.4355
135.2531 160.6945
135.0458 160.4741
135.1085 160.5373
134.9837 160.4665
135.1517 160.4195
135.0541 160.3855
135.1601 160.4417
135.0237 160.5133
135.1284 160.4338
135.1963 160.4395
135.0346 160.5401
135.0711 160.4485
135.1090 160.4702
135.1711 160.5018
135.1470 160.4384
135.1057 160.4963
134.7875 160.5744
134.9716 160.5927
135.0171 160.3916
135.0657 160.7169
135.1233 160.3786
135.0935 160.3654
135.0616 160.5183
135.0236 160.3089
135.0804 160.5431
134.9886 160.4361
135.1899 160.5062
134.9717 160.4499
135.1346 160.5029
135.1232 160.4099
135.1012 160.6593
134.8707 160.4626
135.0555 160.5663
135.0459 160.4185
134.9744 160.4338
135.1757 160.3240
135.1989 160.5073
135.1385 160.3804
135.0307 160.4606
135.0940 160.4638
135.1800 160.3866
134.9455 160.4016
135.0910 160.5273
135.1171 160.3575
135.0962 160.4062
135.0371 160.5814
135.1100 160.6246
134.9834 160.3993
135.0462 160.5046
134.9573 160.4717
135.0433 160.6078
135.1314 160.5878
135.2018 160.5417
134.8997 160.3981
135.1217 160.4505
135.1985 160.4520
135.2435 160.3667
134.8642 160.4890
135.1153 160.7118
135.1652 160.3620
134.9201 160.4462
135.1061 160.5620
135.0777 160.7197
135.0771 160.4899
135.0277 160.4379
135.1408 160.5092
134.8451 160.5201
135.1869 160.4138
135.1510 160.6027
135.2486 160.3868
135.0754 160.5475
135.0641 160.5673
135.2156 160.3835
135.0078 160.4782
135.0844 160.3637
135.1182 160.5110
135.2351 160.6050
135.2234 160.5138
135.1687 160.4144
135.2189 160.5083
134.9768 160.3354
135.1859 160.3588
134.9332 160.4825
134.9391 160.4438
135.1947 160.5057
135.1247 160.3456
134.9886 160.7462
135.1326 160.4594
135.0773 160.7171
135.2409 161.0887
135.1198 161.0004
135.2363 160.8132
135.2080 160.7014
135.4198 160.9120
135.3221 160.9053
135.4794 160.9383
135.3358 160.8651
135.4276 160.8187
135.3498 160.6550
135.0249 160.9341
135.1320 160.9208
135.2177 160.5952
135.1258 160.9367
135.3182 160.9787
135.2868 160.6409
135.3480 160.8461
135.2208 160.8204
135.2648 160.6903
135.3288 160.7248
135.1007 160.8604
135.2357 160.8309
135.3005 160.8228
135.2286 160.7963
135.3630 160.8554
135.1791 160.7184
135.2842 160.8620
135.3546 160.7217
135.3379 160.7440
135.3872 160.6146
135.1206 160.6988
135.2306 160.7374
135.3683 160.7200
135.2777 160.7947
135.2599 160.8789
135.3090 160.6716
135.3769 160.7457
134.9395 160.6344
134.8897 160.8922
135.1944 160.7422
135.2151 160.8344
135.4894 160.9565
135.1653 160.7195
135.4196 160.7542
135.2923 160.8060
135.2286 160.7654
135.2861 160.8384
135.2623 160.7652
135.2417 160.6990
135.2623 160.7446
135.3634 160.7110
135.3616 160.7338
135.3782 160.8368
135.3875 160.8130
135.1589 160.8322
135.3222 160.8707
135.2532 160.7958
135.2411 160.9147
135.1701 160.7148
135.2491 160.8396
135.2303 160.8604
135.3213 160.7455
135.3640 160.8496
135.2649 160.7946
135.4976 160.7152
135.2337 160.7372
134.9927 160.2407
135.1713 160.5181
135.0098 160.6674
135.0834 160.6691
135.0951 160.4305
134.9772 160.4863
135.2525 160.3859
135.1836 160.4023
135.1217 160.3819
135.2382 160.6023
135.1078 160.4050
135.0302 160.3988
135.2413 160.5118
135.3231 160.4361
135.0724 160.4730
135.1374 160.5884
135.1417 160.5556
135.2175 160.5213
135.3292 160.6755
135.3053 160.5813
135.1465 160.6147
135.0865 160.3527
135.2452 160.4555
135.2473 160.5112
135.2736 160.4493
135.0866 160.4955
135.4622 160.4073
135.1078 160.7584
135.1393 160.1532
135.4469 160.4682
135.1030 160.7144
