61.1524 164.5603
61.0630 164.1456
61.1056 164.1094
61.0636 164.4754
61.0026 164.3891
61.1560 164.1805
61.1066 164.1476
61.1190 164.1457
61.0141 164.1496
61.1280 164.2022
61.1829 164.1354
61.0665 164.1611
61.1103 164.1611
61.1100 164.1620
61.1025 164.1890
61.0590 164.1465
61.0909 164.1809
61.0380 164.2242
61.1547 164.1729
61.0604 164.1458
61.1254 164.1241
61.0511 164.1741
61.1106 164.2096
61.0610 164.1668
61.0198 164.1335
61.0944 164.1344
61.0350 164.1582
61.0223 164.1153
61.0545 164.1230
61.0800 164.1673
61.0926 164.1561
61.1236 164.1229
61.1128 164.1166
61.1363 164.1462
61.1070 164.1181
61.0080 164.1512
61.1053 164.2567
61.0256 164.0413
61.4646 164.5886
61.4889 164.5306
61.3807 164.3109
61.4648 164.5444
61.4777 164.5295
61.3960 164.3807
61.4738 164.3410
61.4851 164.4672
61.1957 164.1380
61.1265 164.1589
60.9461 164.5637
61.1117 164.4471
60.8038 164.5098
61.1297 164.5114
60.9952 164.5223
61.0173 164.5263
61.0404 164.5072
61.0028 164.4133
61.0587 164.4303
61.1106 164.3490
61.1095 164.4912
61.0210 164.5411
61.4327 164.3579
61.3405 164.3431
61.5279 164.2802
61.0887 164.5902
61.0293 164.4314
61.1811 164.5585
60.9574 164.5394
61.2472 164.5958
61.0903 164.4713
61.1703 164.5211
61.1181 164.4850
61.0649 164.6861
61.0392 164.4698
61.1475 164.6687
60.8628 164.5387
61.0822 164.5008
60.9335 164.3612
61.1407 164.4639
61.2336 164.5063
61.1505 164.5585
61.1019 164.4967
61.1427 164.4626
60.9489 164.5713
61.1942 164.6054
60.9979 164.4613
61.0829 164.6099
61.0798 164.5032
61.1155 164.5416
61.2304 164.5507
61.1784 164.5355
61.2385 164.4406
61.0594 164.5277
61.0542 164.5641
61.0312 164.5535
61.0433 164.5486
61.1556 164.3961
61.0204 164.3006
61.2444 164.6044
61.1848 164.3468
61.1105 164.4863
60.8381 164.2230
61.0321 164.6022
61.2706 164.5854
60.8881 164.5772
61.1015 164.4065
61.2005 164.5601
61.0605 164.5412
61.0071 164.4644
61.1957 164.4576
61.1603 164.4594
60.9844 164.7453
61.4874 164.4444
61.4880 164.3994
61.4123 164.2932
61.4103 164.3567
61.3886 164.4995
61.3845 164.2876
61.3634 164.3172
61.3576 164.4173
61.2535 164.2979
61.3523 164.2856
61.4136 164.4458
61.3508 164.5335
61.3661 164.4645
61.2926 164.5582
61.3399 164.2567
61.4496 164.4493
61.3268 164.3557
61.5237 164.5288
61.4294 164.4833
61.6011 164.4725
61.3378 164.5292
61.3961 164.4001
61.4642 164.3432
61.3095 164.4726
61.3957 164.4518
61.4536 164.4783
61.4274 164.5676
61.3867 164.4777
61.2650 164.3840
61.4285 164.4093
61.5534 164.5829
61.4532 164.3877
61.4118 164.4303
61.4802 164.3673
61.3718 164.3343
61.2323 164.5643
61.4648 164.4426
61.4598 164.3612
61.4357 164.3734
61.4981 164.5407
61.3884 164.4286
61.4067 164.3956
61.5141 164.4771
61.4952 164.3527
61.5099 164.2471
61.4492 164.4404
61.2693 164.4044
61.4519 164.3825
61.3393 164.4669
61.3654 164.4383
61.3527 164.3916
61.3655 164.4262
61.3893 164.3832
61.3731 164.4500
61.3843 164.4843
61.4815 164.3560
61.0115 164.2880
61.4121 164.3824
61.3610 164.4229
61.3929 164.3858
61.3787 164.4369
61.3852 164.4237
61.4150 164.3936
61.4298 164.4559
61.3828 164.4125
61.3823 164.4470
61.3874 164.4556
61.4391 164.4091
61.4192 164.4093
61.4079 164.4138
61.4288 164.4046
61.4667 164.3723
61.4071 164.4114
61.3835 164.4138
61.3664 164.4218
61.3617 164.3859
61.4577 164.4585
61.3477 164.5057
61.5192 164.5332
61.4632 164.2863
61.4894 164.4789
61.4548 164.4450
61.4490 164.3342
61.4193 164.4891
61.3922 164.4078
61.3970 164.3994
61.3686 164.4583
61.3501 164.3476
61.4447 164.5064
61.3930 164.4071
61.4722 164.4034
61.3528 164.3874
61.3476 164.3900
61.4060 164.4721
61.4209 164.3816
61.3601 164.5569
61.6203 164.4791
61.5963 164.4007
61.4181 164.3427
61.4165 164.2716
61.4839 164.4526
61.2887 164.3748
61.3712 164.4446
61.4492 164.4848
61.3825 164.5047
61.4701 164.3082
61.6034 164.3560
61.3975 164.4630
61.4219 164.4510
61.4275 164.3589
61.0125 164.4778
61.0890 164.5198
61.2155 164.5743
61.5105 164.4838
61.0767 164.5586
