44.4074 133.8592
44.5380 133.4985
44.3986 133.3751
44.5581 133.9238
44.4882 133.8351
44.3976 134.1064
44.5823 134.0672
44.6363 133.8216
44.5388 133.9388
44.5513 134.0296
44.3768 134.0979
44.3255 133.9257
44.3955 133.9529
44.5039 134.0060
44.4343 133.9137
44.4095 134.0167
44.3734 133.9594
44.4715 133.8460
44.2971 133.8689
44.6737 133.8945
44.5810 134.0708
44.5570 134.0305
44.3831 133.9937
44.3497 133.9118
44.5171 133.8192
44.5048 133.8742
44.3903 133.8909
44.6025 133.7907
44.4610 133.9030
44.5096 133.9745
44.4423 133.9190
44.5355 133.9911
44.4324 134.0412
44.3892 133.9806
44.5582 133.9311
44.4936 133.9967
44.4597 133.9346
44.6804 133.9180
44.2631 133.9594
44.4394 134.0619
44.4158 134.0858
44.4764 133.9108
44.5155 133.9257
44.4965 133.9690
44.3781 133.8810
44.4975 133.8250
44.4145 133.8240
44.4066 133.8453
44.5187 133.9894
44.2615 133.8628
44.5501 133.9136
44.4908 133.9282
44.4850 133.9909
44.5704 133.9444
44.4810 133.9453
44.5246 133.9335
44.4105 133.9441
44.4885 133.8221
44.5056 133.7791
44.4677 134.0334
44.4014 134.0099
44.4688 134.0053
44.5057 134.0158
44.4843 133.9360
44.5037 133.9505
44.3677 134.1022
44.4792 133.7990
44.3567 133.9900
44.3489 133.9689
44.4469 133.9861
44.4888 133.9304
44.5238 134.0661
44.3594 133.9221
44.4296 134.0314
44.4109 133.8585
44.5069 133.9321
44.4753 133.8898
44.4662 133.9645
44.4607 133.9509
44.4735 133.9157
44.4910 133.9093
44.4113 133.9474
44.4893 133.9548
44.4901 133.9317
44.5021 133.9693
44.4697 133.9101
44.4552 133.9019
44.4701 133.9600
44.4777 133.9899
44.4266 133.9304
44.4269 133.9418
44.5101 133.9676
44.4780 133.9109
44.4734 133.8635
44.5338 133.9325
44.4825 133.9767
44.4813 133.9874
44.8825 133.7905
44.8704 133.8783
44.7578 133.7104
44.6598 133.9423
44.8922 133.8418
44.8473 133.7368
44.7858 133.8690
44.7707 133.7399
44.7267 133.8539
44.8673 133.8528
44.7564 133.8912
44.8041 133.7069
44.9079 133.6870
44.8156 133.7660
44.7657 133.8552
44.8879 133.7891
44.8395 133.8165
44.7848 133.8304
44.7688 133.7566
44.9057 133.8578
44.8202 133.9640
44.9238 133.7410
44.8205 133.8251
44.7908 133.8069
44.9078 133.8506
44.8331 133.8515
44.8594 133.8276
45.0443 133.7382
44.9540 133.8033
44.8296 133.7924
44.8169 133.8296
44.9647 133.7776
44.8311 133.7711
44.7385 133.6609
44.9278 133.7495
44.8828 133.7771
44.8316 133.7460
44.8060 133.8629
44.8350 133.8049
44.9376 133.7793
45.1119 133.8076
44.3744 133.4209
44.6222 133.8619
44.4837 133.8378
44.6072 133.8575
44.6489 133.8981
44.6435 133.8800
44.5049 133.8971
44.6507 133.8489
44.5306 134.0090
44.4861 133.8266
44.5526 133.9551
44.6041 133.8879
44.6153 133.9442
44.4309 133.9997
44.4243 133.8940
44.6906 133.8597
44.6104 134.0026
44.5927 134.0179
44.5384 133.8698
44.5672 133.8343
44.5617 134.0014
44.6230 133.8960
44.4846 133.8376
44.5270 133.9780
44.5361 133.9911
44.4913 133.9382
44.6137 133.7302
44.8040 133.8229
44.5873 134.0394
44.6033 133.9285
44.4924 133.8508
44.6266 133.9403
44.7030 133.8575
44.6483 133.8189
44.6961 133.6630
44.4409 133.7567
44.6565 133.5361
44.6833 133.6198
44.6661 133.5528
44.6304 133.4344
44.6493 133.6568
44.5631 133.5916
44.5532 133.5248
44.5583 133.5479
44.5441 133.6995
44.5397 133.4723
44.6038 133.6381
44.6574 133.6265
44.6258 133.6071
44.6083 133.6359
44.6243 133.5812
44.5959 133.6269
45.1079 133.7942
44.8261 133.8013
44.7975 133.9333
44.6853 133.5002
44.8992 133.8640
45.0145 133.7686
44.8347 133.9054
45.0758 133.7122
44.7219 133.6600
44.6397 133.8717
45.0391 133.6832
44.9218 133.9980
44.9061 133.9452
44.8849 133.8549
45.0261 133.7522
44.9630 133.7312
44.8631 133.8136
45.0145 133.7270
45.0067 133.5945
45.0363 133.9111
45.0874 133.8105
44.7193 133.6074
44.7357 133.9310
44.7077 133.9037
44.7829 133.7997
44.9293 133.7001
45.0194 133.7618
45.0515 133.9307
45.1236 133.5854
45.1511 133.8771
44.8764 133.7097
44.7795 133.9969
44.9667 133.7940
45.0440 133.8250
44.8866 133.7116
45.0975 133.7456
44.6597 133.7158
45.1244 133.8221
44.7630 133.8669
45.0278 133.8600
44.9366 133.8446
44.8701 133.6787
44.7746 133.7952
45.0431 133.8687
44.7842 133.6561
44.8622 133.8530
44.8127 133.8412
44.8507 133.8660
44.7873 133.7344
44.9725 133.9721
44.9642 133.8544
44.9048 133.7726
44.8922 133.9816
44.8684 133.6888
44.9380 133.7014
44.7935 133.8980
44.8248 133.8758
44.9010 133.9630
44.7820 133.8054
45.0784 133.7472
44.7919 134.0473
44.8099 133.8625
44.8280 133.8255
44.9092 133.9260
44.8574 133.8608
45.0486 133.8195
44.8366 133.7774
44.9314 133.9451
44.8666 134.0510
44.8506 133.8382
44.7705 133.8428
44.8030 133.7793
44.8531 133.8225
44.9739 133.7949
44.9176 133.8667
44.7651 133.8090
44.8981 133.8007
44.8120 133.7852
44.8681 133.7426
44.7147 133.8882
44.8384 133.9245
44.9855 133.9521
44.7899 133.9077
44.8244 133.8911
44.8177 133.8181
44.8599 133.7633
45.0147 133.8497
45.0064 133.7414
44.8172 133.8039
44.7923 133.7312
44.9359 133.7674
44.8129 133.8286
44.7581 133.9470
44.9389 133.8278
44.9113 133.7689
44.9226 133.9015
44.7993 133.8506
44.9407 133.8207
44.7348 133.8755
44.7922 133.8327
44.8404 133.7707
44.9461 133.7176
44.8088 133.8052
44.8523 133.9060
44.8326 133.8868
44.8742 133.8917
44.9036 133.9445
44.7944 133.7771
44.9835 133.9096
44.9060 133.7397
44.9098 133.7568
44.9792 133.7881
44.8714 133.8149
44.7739 133.8990
44.7593 133.8952
44.8309 133.5984
44.9673 133.8572
44.9317 133.9009
44.7064 133.9042
45.0562 133.9224
45.0410 133.4654
44.7061 133.7611
44.9401 133.8809
44.8459 133.6773
44.9984 133.8488
44.8489 133.7708
44.9340 133.9584
44.9372 133.8208
44.8759 133.7613
44.8872 133.9026
45.0299 133.7407
44.8376 133.8597
44.9690 133.7354
44.9987 133.9097
44.8980 133.8272
44.9221 133.8293
44.9806 133.8677
45.0422 133.9379
44.9127 133.8248
44.9353 133.8349
44.9308 133.8249
44.9822 133.8183
44.9220 133.8999
45.0275 133.9159
44.7228 133.5779
44.9319 133.9680
44.7319 134.0433
44.8409 133.7524
44.5978 134.1918
44.8828 133.7849
44.8872 134.0594
44.9411 134.1200
45.0345 133.8461
45.0009 134.0318
44.9052 133.9055
44.8597 133.8522
44.9757 133.8013
44.9245 133.8397
44.9010 133.8881
44.9468 133.8533
44.9080 133.8686
44.8713 133.8580
44.9184 133.8941
44.8570 133.8102
44.8921 133.8599
44.8654 133.8295
44.7787 133.8517
44.8707 133.9184
44.7814 133.8659
44.8973 133.8699
44.8967 133.7697
44.9254 133.6716
44.9582 133.8280
44.9027 133.8568
44.8751 133.9421
44.8007 133.8663
44.8316 133.9969
44.7970 133.7724
44.9093 133.7592
44.8850 133.9772
44.8621 133.8325
44.7761 133.9098
44.8388 133.9464
44.8838 133.8375
44.8701 133.8114
44.9869 134.0090
44.8048 133.8123
44.8783 133.8496
44.8362 133.9061
44.8714 133.8436
44.8565 133.8773
44.9741 133.6314
44.9728 134.1108
44.9206 133.8370
44.9054 133.9527
44.8998 133.8293
44.9454 133.7518
44.8505 133.7605
44.8886 133.7826
44.8122 133.6458
44.8925 133.9713
44.8795 133.8215
44.9116 133.9438
44.8952 133.8296
44.9921 133.8566
44.9178 133.8749
44.9074 133.8061
45.0210 133.8701
45.0480 133.8674
44.9896 133.8666
45.0555 133.7716
44.8275 133.8663
44.7992 133.9841
44.7677 133.8824
