103.0959 113.0879
103.0512 113.0569
102.8599 113.1328
103.0864 113.1458
102.8072 113.0951
102.9883 113.3088
103.1831 113.0632
102.8057 113.0783
103.0278 113.1324
102.8457 113.0193
103.0576 113.3280
103.1188 113.4269
102.9287 113.5133
103.0653 113.3081
103.1563 113.3175
102.9173 113.4212
103.0906 113.4209
103.1701 113.4511
103.1600 113.4062
103.1597 113.3284
102.9153 113.5512
103.0836 113.4777
103.0172 113.5272
103.0498 113.3276
103.0864 113.4371
102.9863 113.4355
103.0843 113.4299
103.1026 113.3713
103.1059 113.3827
103.1020 113.4154
103.1999 113.2919
103.4042 113.4220
103.1447 113.5016
103.1907 113.3864
103.1154 113.5716
103.0073 113.5135
103.2318 113.3580
103.0729 113.4520
103.2572 113.0683
103.0230 113.1016
103.0968 113.0772
103.0809 113.0654
103.0802 113.1769
103.1995 113.1398
103.0752 113.1536
102.9492 113.0840
103.1726 113.0980
103.0554 112.9184
103.0115 113.0837
103.1654 113.1243
103.2487 113.0949
103.0270 113.1509
103.0706 113.2542
103.1763 113.1528
103.0636 113.0721
103.2309 113.1092
103.1912 113.1349
103.0393 113.0894
103.0412 112.9830
103.1097 113.0737
103.1052 112.9720
103.3059 113.0721
103.1452 113.0472
103.0003 113.0024
103.0907 113.2181
102.9408 113.1857
103.1596 113.0580
103.0593 112.9437
103.0637 113.2017
103.1289 113.0832
103.2053 113.0629
103.2386 113.2290
103.0567 113.0861
103.2243 112.9885
103.0846 113.0911
103.0667 112.9962
103.0506 113.0988
102.9472 112.9835
102.8959 113.2049
103.1506 113.0162
103.1368 113.0157
102.9804 113.0881
103.0555 113.1097
102.9736 113.0370
103.0018 113.0647
103.0336 113.1082
103.0902 112.9155
103.0656 113.0995
103.0690 112.9143
103.0556 113.0914
103.0813 113.0654
103.1197 113.1983
103.0997 113.0184
103.0334 113.1236
103.1406 113.1049
102.9450 113.1330
102.9848 113.0845
103.0539 113.1319
103.1388 113.0122
103.2382 113.0002
103.1022 113.0788
103.0968 113.1872
103.0997 113.1306
103.0339 113.1250
103.1660 113.0082
103.1213 113.2251
103.1421 113.0513
103.0281 113.0134
103.1935 113.1014
103.3472 113.3026
103.2728 113.2061
103.2839 113.1416
103.4019 113.0724
103.5338 113.2110
103.5018 113.1365
103.5043 113.0618
103.5061 113.2973
103.2915 113.1806
103.3224 113.1556
103.3612 113.2282
103.5022 113.1674
103.2704 113.0380
103.3415 113.2235
103.3252 113.0715
103.1877 113.3943
103.4256 113.1250
103.2078 113.2633
103.5474 113.0886
103.2995 113.3386
103.3093 113.2819
103.2852 113.2137
103.1752 113.2858
103.3751 113.0683
103.3200 113.1861
103.3503 113.1705
103.4957 113.2759
103.2634 113.3139
103.3486 113.2597
103.2448 113.2506
103.3395 113.1310
103.4864 113.2933
103.5240 113.1359
103.4046 113.2199
103.2536 113.2574
103.4242 113.1300
103.5126 113.1912
103.3667 113.2417
103.2963 113.2708
103.4718 113.2381
103.2366 113.3963
103.2825 113.0221
103.5002 113.1929
103.3823 113.2077
103.4225 113.2660
103.3768 113.2048
103.2018 113.2529
103.2358 113.1219
103.2516 113.2857
103.4975 113.2003
103.3439 113.1701
103.2264 113.0178
103.3363 113.1938
103.4258 113.3542
103.2743 113.0736
103.4781 113.1768
103.3435 113.0303
103.1859 113.2138
103.3675 113.3418
103.5899 113.2297
103.2567 113.4553
103.5451 113.1742
103.2357 113.2346
103.3613 113.1184
103.4441 113.2309
103.3894 113.3433
103.4341 113.2029
103.4388 113.3202
103.3738 113.2314
103.5021 113.2623
103.3843 113.2064
103.4077 113.1234
103.4190 113.0974
103.4439 113.1926
103.3213 113.2680
103.3302 113.0616
103.2618 113.1291
103.3403 113.1426
103.4211 113.0791
103.4776 113.2742
103.5489 113.2110
103.3910 113.1920
103.3297 113.1603
103.5006 113.2029
103.4652 113.1530
103.4504 113.2667
103.5447 113.2852
103.3884 113.1558
103.3467 113.1869
103.4111 113.0140
103.3363 113.2572
103.4464 113.2634
103.3954 113.1256
103.3194 113.1825
103.6240 113.0564
102.9769 112.9391
103.0047 113.0937
102.9567 112.9550
103.1388 113.0840
103.0614 113.0782
103.1226 113.1054
103.0892 113.0487
103.0878 113.1046
103.1869 113.0343
102.9429 113.1606
103.0400 113.0891
102.9570 112.9582
102.9829 113.0985
103.1147 113.1282
103.1384 113.4570
103.0840 113.5210
103.1793 113.4135
103.1873 113.4599
103.2180 113.4551
103.1748 113.4616
103.1667 113.4620
103.2344 113.4520
103.1391 113.4216
103.2970 113.4094
103.0983 113.4230
103.2854 113.1095
103.4533 113.2427
103.2035 113.1679
103.4396 113.1907
103.4160 113.1109
103.3146 113.2155
103.4328 113.0960
103.4020 113.1023
103.3439 113.1920
103.4107 113.2354
103.2528 113.2718
103.4261 113.1123
103.4202 113.1064
103.4354 113.1928
103.5137 113.2609
103.3212 113.2146
103.4121 113.2787
103.2940 113.1541
103.2757 113.1513
103.4058 113.2457
103.3064 113.1868
103.3634 113.1817
103.3496 113.2004
103.3596 113.2006
103.4464 113.3072
103.0530 113.0488
103.1914 112.9970
102.9413 113.1601
103.1801 112.9717
103.1001 113.0717
103.1179 113.1187
103.0857 113.0626
103.0230 113.1781
103.1283 113.1049
103.2504 113.0337
103.1087 113.0745
103.0895 113.1507
103.2077 113.3733
103.0920 113.0681
103.0728 113.0884
103.1357 113.0648
103.0232 113.0349
103.1093 113.0924
103.1201 113.1315
103.0858 113.0552
102.9972 112.9868
102.9960 113.2285
103.2893 113.3640
103.0579 113.2419
103.2839 113.3133
103.0960 112.9744
103.1360 113.0260
103.1731 113.0717
103.2643 113.1274
103.1205 113.0874
103.0933 113.0513
103.1952 113.1862
103.1413 113.0953
103.1186 113.0010
103.1131 113.0187
102.8436 113.2410
103.1250 113.1119
103.0061 113.1364
102.9907 113.1341
103.0240 113.0868
103.1868 113.0767
103.0332 113.0986
103.0779 113.1529
103.1145 113.0966
103.2178 113.1781
103.0440 113.0085
103.1038 113.0764
103.0941 113.0721
103.0228 113.1098
103.2125 113.1048
103.1064 113.1118
103.0647 113.0796
103.0868 113.0773
103.1528 113.2531
102.9887 113.1673
103.0436 113.0303
102.9529 113.2254
103.1470 113.1564
103.1450 113.0724
103.0896 113.1054
103.0208 113.1854
103.0920 113.0287
103.1415 113.2182
103.1124 113.1424
102.9894 113.1262
103.0257 113.0495
103.1608 113.1431
103.0710 113.1268
