132.3558 27.3717
132.3762 27.3645
132.3484 27.4155
132.4303 27.5868
132.1573 27.4800
132.0988 27.3948
132.3347 27.3794
132.2441 27.5009
132.1109 27.4371
132.1865 26.7532
132.1660 27.4479
132.1279 27.4435
132.2778 27.4206
132.5687 27.3330
132.1724 27.4598
132.0704 27.4164
132.1242 27.4851
132.2755 27.5493
132.1828 27.3924
132.2344 27.2858
132.3053 27.5790
132.4546 27.2376
132.2250 27.5118
132.2471 27.1101
132.2639 27.4263
132.3664 27.3892
132.5353 27.5323
132.3361 27.6060
132.3949 27.4893
132.2358 27.3437
132.2896 27.5853
132.1648 27.3956
132.5128 27.3916
132.2691 27.3521
132.3313 27.4859
132.5831 27.4959
132.2986 27.2598
132.2170 27.2774
132.4353 27.1728
132.2695 27.3759
132.2349 27.5219
132.2653 27.3892
132.3456 27.4906
132.3910 27.3825
132.1810 27.2518
132.4231 27.5908
132.4100 27.4242
132.5309 27.2655
132.4358 27.4690
132.4409 27.0242
132.2768 27.3493
132.1873 27.4746
132.3072 27.3858
132.0107 27.2776
132.3935 27.4457
132.1661 27.3980
132.2173 27.1511
132.3903 27.3291
132.2651 27.2044
132.3033 27.4583
132.5494 27.5834
132.3269 27.5477
132.2479 27.4444
132.2549 27.1508
132.3277 27.3340
132.3484 27.2630
132.3404 27.3999
132.3365 27.2583
132.6255 27.0640
132.1823 27.2663
132.1641 27.5139
132.3392 27.4579
132.5321 27.1283
132.2888 27.3441
132.4059 27.5383
132.3787 27.4445
132.0629 27.3466
132.1863 27.4097
132.6364 27.5059
132.3296 27.3834
132.2612 27.5653
132.3093 27.5617
132.1181 27.4160
132.2879 27.3544
132.4920 27.5066
132.3119 27.1491
132.3246 27.5240
132.5549 27.5632
132.3870 27.2931
132.4146 27.2067
132.2520 27.3476
132.3391 27.4889
132.1705 27.3983
132.4075 27.2924
132.4774 27.4892
132.3937 27.3129
132.4284 27.3279
132.3750 27.3207
132.3365 27.3797
132.2888 27.4516
132.3156 27.3531
132.4083 27.4603
132.3595 27.4186
132.3542 27.3910
132.3255 27.4850
132.3390 27.3383
132.3236 27.3925
132.3359 27.2933
132.2381 27.3310
132.3900 27.4045
132.3566 27.4112
132.2968 27.3678
132.3047 27.3252
132.3497 27.3154
132.3598 27.3076
132.3087 27.4673
132.2553 27.4253
132.3368 27.4283
132.2942 27.4551
132.2858 27.4749
132.3266 27.4048
132.3794 27.4095
132.2917 27.3083
132.4037 27.4397
132.3789 27.1499
132.4010 27.2071
132.6248 27.1776
132.6184 27.0817
132.6269 27.1203
132.4690 27.1306
132.3656 27.0356
132.3839 27.0840
132.7228 27.0971
132.5280 27.1215
132.4130 26.9614
132.6619 26.9578
132.6259 26.7552
132.1136 26.9522
132.2736 27.0075
132.3700 26.9240
132.5535 27.2140
132.1633 27.0312
132.2177 27.1790
132.1300 27.2766
132.4325 27.1854
132.3864 27.1421
132.2115 26.9128
132.4023 26.9319
132.3586 27.0419
132.0700 26.8997
132.6105 26.9796
132.0654 27.0185
132.2770 26.9603
132.2794 26.9715
132.3017 27.0665
132.3438 27.0046
132.2924 26.9820
132.4345 26.9425
132.2123 27.0928
132.3154 26.9654
132.2107 27.0125
132.3264 27.1423
132.1928 26.8737
132.2821 26.8957
132.1038 27.2963
132.2778 27.0231
132.1895 27.1074
132.4612 27.0991
132.3407 27.2966
132.2354 27.3815
132.1480 27.0495
132.4408 27.1909
132.2619 27.0948
132.0514 27.1592
132.1886 26.9835
132.1544 26.9562
132.2438 26.8810
132.2209 26.8941
132.1646 26.7930
132.5009 26.9417
132.2783 27.0299
132.1567 26.8353
132.3082 27.0816
132.1902 26.8934
132.3062 26.9287
132.1196 26.9610
132.3699 27.0167
132.0323 26.9213
132.2707 26.9106
132.1985 27.0080
132.3520 26.8132
132.0842 26.8753
132.3989 27.0935
132.4817 27.0389
132.3715 26.6791
132.1982 26.9066
132.3082 27.2071
132.2821 26.9209
132.2167 27.1128
132.1879 26.9350
132.2789 27.1860
132.4631 27.3567
132.0583 27.0030
132.4451 27.1307
132.3800 26.9344
132.2288 27.1380
132.0638 27.1319
132.3233 27.2189
132.0578 26.9294
132.2444 27.1180
132.5619 27.1001
132.2136 27.1830
132.1462 26.9293
132.3047 27.0968
132.0961 27.0176
132.4588 27.0520
132.0265 27.1858
132.1174 26.9413
132.4640 27.0262
132.1126 26.9111
132.1453 27.1079
132.2077 27.4415
132.3324 27.0319
132.5184 27.0759
132.3629 26.8744
132.4960 27.0564
132.3345 26.9149
132.2801 27.0803
132.2886 26.9047
132.0765 26.9779
132.6008 27.2193
132.5789 26.9835
132.3943 27.1952
132.6006 27.1200
132.4214 26.8995
132.6603 26.9715
132.6391 27.0550
132.3043 27.5473
132.2753 27.2280
132.2723 26.9693
132.1973 27.0351
132.1562 26.8148
132.3767 27.1265
132.4231 27.0267
132.1464 27.0046
132.0446 26.9898
132.3037 27.0603
132.3315 27.0142
132.2160 27.0855
132.1311 27.0660
132.2268 27.0522
132.1408 26.7904
132.2288 26.9725
132.2897 27.0222
132.3674 26.9873
132.2374 27.0821
132.3704 27.1209
132.1142 27.0275
132.2350 26.9244
132.2803 26.8038
132.2676 26.6938
132.1322 26.9172
132.1773 27.0933
132.1687 27.0358
132.2711 26.9156
132.3142 26.8935
132.2037 26.9404
132.2472 27.0037
132.3052 27.2823
132.4314 27.2833
132.4982 27.2561
132.2782 27.3566
132.6878 27.3009
132.5088 27.1721
132.2797 27.5094
132.3941 27.2669
132.2129 27.4232
132.1090 27.4406
132.4495 27.4983
132.2868 27.2405
132.2759 27.4328
132.4254 27.1910
132.3851 27.4500
132.5012 27.3355
132.1191 27.2711
132.3873 27.4013
132.4700 27.1955
132.1260 27.3982
132.6469 27.4917
132.5167 27.3086
132.3409 27.3853
132.5768 27.4953
132.0360 27.1816
132.4803 27.3096
132.6118 27.3199
132.2125 27.2008
132.5435 27.3008
132.2116 27.3812
132.4338 27.2940
132.4553 27.2785
132.3692 27.1177
132.4250 27.3523
132.3875 27.3718
132.3442 27.3477
132.4721 27.4546
132.4173 27.1887
132.4658 27.3196
132.5290 27.2902
132.3117 27.3261
132.2182 27.3276
132.4220 27.3360
132.4139 27.4548
132.3027 27.4824
132.4123 27.4859
132.5952 27.3143
132.3715 27.2727
132.5373 27.3398
132.4044 27.1260
132.2586 27.2077
132.3563 27.2058
132.5354 27.3752
132.2653 27.2929
132.4772 27.1758
132.4652 27.2537
132.3169 27.3411
132.4436 27.1785
132.3165 27.1863
132.3060 27.4745
132.3038 27.4079
132.4498 27.2931
132.1347 27.2109
132.3313 27.2359
132.4083 27.3806
132.5013 27.3375
132.5682 27.3512
132.4078 27.3107
132.2942 27.4186
132.4290 27.3335
132.4695 27.3981
132.4453 27.3890
132.4119 27.3556
132.3562 27.2494
132.4929 27.3184
132.4188 27.3408
132.3581 27.3060
132.4453 27.2245
132.4151 27.3155
132.3801 27.4035
132.3845 27.4341
132.3562 26.9128
132.4364 26.9134
132.2472 27.5217
132.3518 27.4678
132.2131 26.9532
132.5473 27.5279
132.3246 27.2733
132.4933 27.1496
132.3877 27.3374
132.5638 27.4470
132.5920 27.3723
132.4396 27.4339
132.3215 27.1551
132.2025 26.8861
132.4935 27.1878
132.4265 27.3873
132.2727 27.3319
132.4588 27.1110
132.6645 27.3944
132.3117 27.2962
132.4559 27.2983
132.5210 27.1976
132.3665 27.1452
132.1903 27.1353
132.5592 27.2382
132.3184 27.3362
132.5063 27.1439
132.5067 27.2958
132.5062 27.2149
132.4411 27.3228
132.4139 27.3367
132.2554 27.3854
132.4435 27.2821
132.4075 27.1145
132.6644 27.3163
132.5504 27.1586
132.4615 27.3364
132.6787 27.0957
132.5728 27.1631
132.6988 27.2931
132.6829 27.3491
132.7032 27.2921
132.3932 27.2177
132.3343 27.2487
132.1407 27.1207
132.3608 27.3686
132.2200 27.2372
132.1397 27.0697
132.4177 26.9055
132.5003 27.3766
132.3568 27.1485
132.1955 27.2091
132.4806 27.0162
132.4619 27.1511
132.6312 27.2835
132.6383 27.4429
132.3586 27.2730
132.4599 27.0188
132.4709 27.2185
132.4652 27.2391
132.5099 27.4554
132.2122 27.2708
132.3292 27.2028
132.4559 27.3599
132.4365 27.4218
132.3967 27.2096
132.4764 27.2701
132.3092 27.3692
132.3354 27.1149
132.5859 27.2509
132.6975 27.2318
132.3385 27.2196
132.4675 27.2797
132.6345 27.2248
132.0551 27.3745
132.4809 27.2519
132.5310 27.2137
132.6376 27.4649
132.3992 27.1735
132.1544 27.2822
132.5204 27.2236
132.4446 27.1984
132.1893 27.3038
132.5303 27.3473
132.3346 27.3093
132.4189 27.0441
132.4603 27.3791
132.3781 27.3045
132.4020 26.8974
132.4792 27.4244
132.6556 27.3960
132.4199 27.3326
132.2062 27.4569
132.4340 27.1342
132.6759 26.9751
132.5200 27.3641
132.5910 26.9229
132.1344 26.8791
132.2647 26.6803
132.2262 26.9114
132.4522 26.9850
132.4583 26.9819
132.3301 26.9655
132.4081 27.0023
132.3729 26.7611
132.4029 26.9798
132.1721 27.0887
132.2379 26.9192
132.5657 27.0686
132.5437 26.8785
132.3313 27.0298
132.3143 26.7818
132.2422 26.9540
132.3685 26.9397
132.4137 26.7157
132.2379 27.0565
132.2454 27.0626
132.0307 27.1165
132.4906 26.9147
132.1330 26.9592
132.3744 26.8191
132.7589 27.0393
132.7119 26.8130
132.6841 27.0677
132.6258 27.1237
132.5874 27.0372
132.6419 27.0137
132.6537 27.0484
132.5843 26.9986
132.7194 27.0917
132.6425 27.1412
132.6268 26.9986
132.3903 26.7807
132.4335 26.9475
132.4391 26.9088
132.3945 27.3493
132.4593 27.2097
132.4429 27.3055
132.3957 27.3660
132.3791 27.2909
132.4230 27.3041
132.4979 27.3757
132.4847 27.2758
132.4538 27.2062
132.4541 27.3593
132.4237 27.3710
132.4885 27.3131
132.7150 26.9020
132.5644 27.1156
132.7827 27.0178
132.6856 27.0788
132.5543 27.1181
132.7564 26.9427
132.6293 26.9999
132.3752 26.8185
132.4408 27.1475
132.7117 27.1115
132.6322 27.0575
132.7091 27.0531
132.6658 27.1012
132.7112 27.0842
132.7085 26.9698
132.6629 27.0449
132.7383 26.9530
132.7354 27.0432
132.7351 27.0122
132.6131 27.0329
132.6804 26.9579
132.6674 27.0219
132.7772 27.0680
132.7441 26.9727
132.6048 26.9582
132.6694 26.9775
132.7198 27.0395
132.7707 26.9730
132.7465 27.0471
132.7081 26.9897
132.6849 26.9948
132.7104 27.0145
132.6943 27.0703
132.6351 27.0362
132.6509 27.0708
132.7048 27.0576
132.7540 27.0493
132.6815 26.9895
132.7047 27.0547
132.7479 26.9348
132.7337 27.1296
132.7222 26.9844
132.7018 27.1170
132.6749 26.9634
132.7249 26.9656
132.7223 27.1276
132.7477 27.0009
132.6149 27.0656
132.6287 27.0736
132.7795 27.0476
132.7756 27.0009
132.6611 26.9897
132.6935 26.9621
132.6229 27.0636
132.6717 27.0208
132.6510 27.0454
132.7103 26.9790
132.7591 27.0285
132.7254 27.0639
132.7559 27.0483
132.8873 26.9965
132.8080 27.0681
132.6246 26.9081
132.6713 27.0843
132.8469 26.9759
132.6403 27.1026
132.6834 27.0524
132.6148 27.0653
132.7543 27.0732
132.7706 27.0767
132.7399 27.0457
132.7537 27.0427
132.6924 27.0344
132.7455 26.9626
132.7513 26.9770
132.7523 27.1695
132.7353 27.0888
132.7116 27.0033
132.6736 26.9822
132.6188 27.0855
132.6759 27.0067
132.8286 27.0960
132.6756 26.9785
132.6859 27.0269
132.7123 26.9789
132.6874 27.0491
132.6915 27.1012
132.7268 27.0231
132.6279 27.0412
132.6911 27.0689
132.7111 27.0442
132.7420 27.0633
132.6623 26.9401
132.6700 26.9880
132.7746 27.0541
132.7053 26.9942
132.7574 27.0601
132.7269 27.0349
132.6913 26.9896
132.6036 27.0663
132.6905 27.1013
132.7445 27.0995
132.7643 26.9592
132.6914 26.9507
132.6393 27.0981
132.6903 26.9713
132.6825 27.0076
132.6879 27.0528
132.7206 27.0664
132.7990 27.0614
132.7296 26.8786
132.7322 27.0466
132.7135 27.0044
132.6754 27.0321
132.7246 26.9716
132.7873 27.0533
132.6976 27.0665
132.6790 26.9385
132.7158 27.0678
132.7100 27.0163
132.7491 27.1152
132.6246 27.0813
132.7525 27.0605
132.7128 26.9830
132.6943 27.0378
132.6331 27.1318
132.7365 27.1248
132.5342 27.0676
132.7381 27.0251
132.6987 27.1009
132.7225 27.0133
132.6863 27.0793
132.6638 27.1399
132.6436 27.0508
132.6356 27.0248
132.7692 27.0434
132.7517 27.0597
132.7145 27.0325
132.6828 27.0063
132.7866 27.0808
132.7539 27.0738
132.6905 27.0522
132.6948 27.0395
132.7666 26.9614
132.6708 27.0909
132.6652 27.0938
132.7159 27.0441
132.8024 26.9533
132.7150 27.0317
132.6081 27.0056
132.7080 27.0831
132.7641 27.0405
132.7304 26.9923
132.7652 27.0570
132.7213 27.0815
132.7622 27.0508
132.7298 27.0968
132.6030 27.0247
132.6446 27.0223
132.7412 26.9238
132.6904 27.1955
132.7089 27.1405
132.6944 27.1819
132.7476 27.0553
132.7942 27.2038
132.6737 27.1257
132.7728 27.2551
132.6895 27.0610
132.6838 27.1829
132.6875 27.0428
132.7627 27.0946
132.7188 27.1286
132.7244 27.1054
132.8266 27.0619
132.6787 27.1251
132.6698 27.0976
132.7405 27.1241
132.7424 27.1537
132.7556 27.1201
132.7309 27.0889
132.7601 27.0905
132.7654 27.0683
132.7001 27.1016
132.7180 27.0347
132.6958 27.0747
132.7617 27.2029
132.7051 27.1060
132.7863 27.1412
132.8086 27.0539
132.7893 27.1017
132.7180 27.0153
132.7744 27.1024
132.7048 27.1138
132.7723 27.1459
132.6520 27.1572
132.7516 27.0907
132.7499 27.1358
132.6592 27.0944
132.7150 27.1769
132.7583 27.0869
132.7251 27.0639
132.7322 27.1196
132.7184 27.0806
132.7514 27.0971
132.7626 27.1378
132.6941 27.0412
132.7795 27.1407
132.7930 26.9836
132.7609 27.1287
132.7936 27.1470
132.7743 27.1039
132.7340 27.1683
132.7181 27.0987
132.8044 27.1601
132.8058 27.0428
132.7820 27.2491
132.8058 27.0613
132.7539 27.1203
132.7983 27.0548
132.6644 27.1124
132.6941 27.0261
132.8114 27.2312
132.8088 27.0023
132.7242 27.0846
132.6388 27.1333
132.6857 27.1088
132.7252 27.0895
132.8380 27.1312
132.7319 27.0059
132.8066 27.1422
132.7660 27.0608
132.7012 27.1128
132.6459 27.1626
132.7548 27.0548
132.7345 27.1268
132.6906 27.0839
132.7899 27.0079
132.7130 27.1238
132.7751 27.0159
132.7131 27.1179
132.7988 27.2015
132.7387 26.9831
132.7190 27.0386
132.7387 27.0817
132.6593 27.1525
132.7032 27.0931
132.6745 27.0738
132.7490 27.1617
132.6949 27.1350
132.7657 27.1723
132.7844 26.9944
132.8354 27.1720
132.7614 27.0595
132.7175 27.1157
132.9104 27.1549
132.6866 27.1839
132.8875 26.9724
132.6550 27.1012
132.7138 27.0944
132.7665 27.1325
132.6987 27.1348
132.7973 27.1158
132.8155 27.0136
132.8247 27.1871
132.7141 27.0598
132.7100 27.0639
132.7325 27.1215
132.6990 27.0919
132.7568 27.1468
132.7464 27.1081
132.6404 27.0882
132.7500 27.1358
132.7696 26.9718
132.7996 27.1424
132.7474 27.1095
132.7431 27.1533
132.7663 27.0867
132.7540 27.0835
132.7027 27.1084
132.7288 27.1607
132.7655 27.1827
132.7283 27.1323
132.6786 27.0998
132.7020 27.0652
132.7844 27.1231
132.7661 27.1625
132.7645 27.1073
132.7192 27.0942
132.7515 27.0209
132.6985 27.0819
132.6711 27.1359
132.8436 27.1944
132.7618 27.1523
132.6159 26.9986
132.7917 27.1171
132.7805 27.0217
132.8042 26.9943
132.6901 27.1155
132.7238 27.0589
132.7106 27.1588
