6.2287 65.4215
6.1295 65.5139
6.1120 65.4336
6.1266 65.5008
6.1655 65.4986
6.1361 65.4649
6.1599 65.4375
6.0653 65.4172
6.1268 65.4114
6.1822 65.4743
6.1276 65.4767
6.1160 65.4669
6.1590 65.4688
6.1097 65.5083
6.1490 65.5415
6.1559 65.5358
6.1473 65.4683
6.1536 65.5145
6.1250 65.4670
6.1366 65.4813
6.0914 65.5179
6.0690 65.4080
6.0650 65.5645
6.1519 65.5781
6.0794 65.5346
6.1531 65.4526
6.1665 65.5337
5.9981 65.5602
6.0566 65.5133
6.1303 65.5670
6.0894 65.4944
6.1447 65.4670
5.9799 65.5145
6.0810 65.5540
6.0380 65.5670
6.1340 65.5787
5.9852 65.5785
6.0531 65.6298
6.2266 65.6188
6.1125 65.5610
6.0559 65.4746
6.1223 65.5154
6.0122 65.4962
6.1784 65.5380
6.0649 65.5674
6.0955 65.4583
6.0689 65.5408
6.1044 65.5844
6.0182 65.5721
6.0839 65.4993
6.0057 65.4602
6.0728 65.5317
6.0548 65.5581
6.0546 65.5265
6.0860 65.5575
6.0852 65.5660
6.0481 65.5096
6.0958 65.5536
6.3527 65.6269
6.3991 65.8018
6.0763 65.7312
6.1326 65.5246
5.9833 65.5596
5.9350 65.5356
5.9412 65.5561
5.9138 65.5268
5.9414 65.5264
5.9777 65.5670
5.9372 65.5155
5.8904 65.3958
5.8823 65.5419
5.9503 65.5159
6.0295 65.4900
5.9213 65.4252
5.9045 65.4819
6.0200 65.5424
5.9876 65.4876
5.9579 65.4689
5.8961 65.5934
5.9759 65.6164
5.9434 65.5604
5.9126 65.5908
5.8906 65.5315
6.0412 65.6028
5.9031 65.5487
5.9093 65.5599
5.9409 65.5548
5.8236 65.4707
5.9646 65.5882
5.9243 65.5650
5.9640 65.5430
5.8397 65.5494
5.9297 65.4981
5.9509 65.5668
5.8983 65.5942
5.9182 65.5694
6.0148 65.4723
5.9362 65.5684
5.9889 65.5903
5.8793 65.4884
5.8893 65.6217
5.9452 65.5992
5.8161 65.6652
5.9192 65.5866
5.7834 65.5540
5.8949 65.6143
5.7344 65.7941
5.8877 65.5722
5.8976 65.5771
5.9240 65.4796
5.8959 65.6663
5.8601 65.5200
5.9663 65.5375
5.8740 65.5109
5.9075 65.5577
5.9469 65.6513
5.9724 65.4893
5.9756 65.5537
5.8298 65.5681
6.0314 65.5653
5.8946 65.6151
5.8917 65.6616
5.8602 65.5732
5.8902 65.6979
5.8919 65.6228
5.9031 65.5479
5.8805 65.5256
5.8851 65.5694
5.8745 65.6006
5.9488 65.5175
5.9236 65.6328
5.9851 65.4398
5.8809 65.5700
5.9441 65.5534
5.9747 65.4933
5.9560 65.4853
5.9148 65.4995
5.8712 65.4363
5.8802 65.4654
5.9558 65.4685
5.8388 65.5224
5.9347 65.4989
5.8290 65.4118
5.9737 65.4376
5.8905 65.6684
5.8468 65.4772
5.9345 65.5387
5.9512 65.4721
5.9440 65.5645
6.0452 65.7073
5.9694 65.5720
5.9841 65.6737
5.8824 65.6431
5.9458 65.6695
5.8485 65.5443
5.8285 65.6575
5.9186 65.5652
5.9053 65.5689
5.9084 65.6037
5.9627 65.6914
5.9496 65.6537
6.0641 65.5828
6.0272 65.5809
5.9962 65.5623
5.9617 65.6066
6.0070 65.6551
6.0733 65.5632
5.9760 65.6198
6.0295 65.5644
6.0573 65.5890
5.9711 65.6276
5.9984 65.4245
5.9939 65.5815
5.9298 65.6406
6.0181 65.6232
5.9878 65.6003
5.9601 65.5914
6.0320 65.5737
6.0089 65.6208
6.0580 65.5653
6.0272 65.6327
6.0203 65.6455
6.0041 65.5711
6.0920 65.6393
6.0325 65.5746
6.0063 65.6003
5.9742 65.5817
6.0565 65.6056
5.9709 65.5592
6.0414 65.5288
6.2783 65.6261
6.0037 65.5060
6.0609 65.6157
6.0902 65.6859
6.0007 65.5869
5.7579 65.6327
5.8257 65.6060
6.2341 65.7419
6.4765 65.8222
6.3733 65.7809
6.3132 65.7080
6.4101 66.0434
6.4240 65.7911
6.3354 65.7562
6.3377 65.9217
6.2398 65.9189
6.3185 65.6939
6.2245 65.5778
6.3081 65.8154
6.2793 65.9409
6.1832 65.8824
6.5643 65.6702
6.3516 65.7249
6.3749 65.8994
6.3068 65.8182
6.3679 65.8653
6.1517 65.7434
6.2434 65.9070
6.3137 65.6452
6.2576 65.6100
6.6090 65.8737
6.4342 65.8544
6.4676 65.6984
6.2564 65.6190
6.3212 65.7795
6.1611 65.8606
6.1388 65.7972
6.2019 65.8494
6.1200 65.7753
6.2782 65.7994
6.2007 65.8451
6.2450 65.8155
6.2281 65.8057
6.4214 65.8256
6.3064 65.8323
6.3587 65.8271
6.2771 65.9270
6.2015 65.8050
6.1964 65.7877
6.3670 65.9099
6.2771 65.8653
6.4932 65.7544
6.4472 65.7591
6.2979 65.7706
6.4391 65.8196
6.2058 65.7562
6.3176 65.7562
6.2694 65.7470
6.3084 65.7021
6.4915 65.5996
6.2331 65.5509
6.5332 65.9077
6.0804 65.5311
6.2252 65.6628
6.1428 66.0526
6.3192 66.0745
6.1947 65.9941
5.9640 65.7992
6.1160 65.8025
6.2554 66.0768
6.2146 65.6621
6.2554 65.7504
6.3172 65.7610
6.1869 65.7842
6.4850 65.8170
6.2539 65.8207
6.3458 65.8188
6.1109 65.8348
6.4650 65.8175
6.4122 65.8318
6.4665 65.8443
6.3538 65.8653
6.4192 65.8700
6.4181 65.8560
6.4360 65.8263
6.4418 65.8517
6.4306 65.8417
6.4396 65.8595
6.4415 65.8252
6.4219 65.8718
6.3402 65.8008
6.4452 65.8813
6.4447 65.9087
6.4640 65.8583
6.2713 65.6866
6.4550 65.7365
6.2879 65.8466
6.3672 65.6351
6.3728 65.7466
6.5141 65.6571
6.3249 65.8289
6.6493 65.6419
6.4117 65.7569
6.3282 65.7362
6.3137 65.7470
6.3380 65.8346
6.3637 65.7866
6.3043 65.7633
6.3859 65.7575
6.3065 65.7818
6.2624 65.7666
6.3116 65.7599
6.2974 65.7737
6.2636 65.8149
6.2416 65.7691
6.2849 65.7576
6.3555 65.7593
6.3273 65.6954
6.3469 65.7787
6.3003 65.7069
6.2685 65.6903
6.2412 65.8682
6.3927 65.6967
6.2887 65.7741
6.4363 65.7700
6.4206 65.8012
6.3157 65.8214
6.3696 65.8702
6.3887 65.6931
6.4175 65.7142
6.2388 65.5735
6.1163 65.6957
6.3970 65.7572
6.3522 65.7161
6.3154 65.4441
6.0452 65.6133
6.3246 65.4636
6.2425 65.4651
6.2801 65.4379
6.3706 65.5444
6.5822 65.4769
6.4899 65.5193
6.5682 65.4336
5.8851 65.6216
5.9391 65.6386
5.9665 65.4186
5.9276 65.4647
5.9354 65.5793
5.9221 65.6816
6.0049 65.6398
6.1274 65.5118
6.1361 65.5204
6.0026 65.5280
5.9923 65.5911
6.0219 65.5826
5.9720 65.6063
5.9914 65.6224
5.9974 65.5548
5.9846 65.5683
5.9446 65.6166
5.9644 65.6243
5.9779 65.6001
6.0934 65.5315
5.9292 65.6634
5.9606 65.5638
5.9954 65.6409
5.9592 65.6365
5.9987 65.5801
6.3512 65.3867
6.5134 65.4350
6.3556 65.3710
6.3890 65.3951
6.4856 65.5966
6.3634 65.3598
6.3715 65.4415
6.5559 65.5340
6.1949 65.2661
6.4975 65.4634
6.3757 65.4970
6.4383 65.3334
6.3306 65.3312
6.4803 65.4520
6.2848 65.5917
6.3939 65.6210
6.4675 65.6499
6.4502 65.4849
6.4468 65.4366
6.4446 65.5487
6.3978 65.4060
6.4159 65.3710
6.4418 65.3668
6.2744 65.5092
6.3913 65.4821
6.3763 65.3431
6.3974 65.4194
6.2551 65.3179
6.4960 65.4695
6.2186 65.3005
6.4424 65.4496
6.4750 65.4163
6.4025 65.4542
6.4128 65.2848
6.5822 65.5402
6.4253 65.4331
6.6783 65.5883
6.0982 65.5287
6.0955 65.5740
5.9816 65.5447
6.0240 65.5658
5.8455 65.5025
6.0761 65.3785
6.0617 65.5068
6.1513 65.5740
6.2182 65.5672
5.9335 65.7298
6.1682 65.4162
6.1952 65.7047
6.1636 65.6182
5.9596 65.6985
6.1512 65.3717
6.1334 65.5154
5.8131 65.7058
6.2853 65.5894
6.2058 65.6197
6.2050 65.5344
5.9836 65.5976
6.1189 65.4696
6.0853 65.5302
6.0539 65.5359
6.1107 65.7389
6.0965 65.6052
6.0305 65.4900
6.1620 65.5601
5.8715 65.4558
5.9777 65.5411
6.1145 65.6591
6.1815 65.5174
6.0395 65.5807
6.1865 65.5055
6.0893 65.6514
6.1884 65.5381
6.0406 65.5042
6.0605 65.6333
6.0767 65.4620
6.0929 65.6608
5.8652 65.7068
5.9604 65.5230
6.1269 65.6227
6.0398 65.5760
5.9862 65.4547
6.1191 65.7429
5.9238 65.5435
6.0583 65.5079
6.2106 65.3766
6.5791 65.6410
6.4317 65.6808
6.4483 65.7752
6.3556 65.7758
6.4339 65.7155
6.3388 65.7754
6.4315 65.7907
6.4831 65.7036
6.3857 65.7282
6.3991 65.7216
6.3891 65.7851
6.4362 65.8237
6.3956 65.7293
6.3961 65.7877
6.4363 65.7346
6.3566 65.7296
6.4423 65.7597
6.3965 65.7643
6.3571 65.7165
6.4134 65.7578
6.4423 65.7715
6.3972 65.7432
6.4184 65.8547
6.4452 65.7564
6.4476 65.7594
6.4678 65.7841
6.4112 65.7761
6.4470 65.7049
6.4531 65.7102
6.4534 65.8159
6.3549 65.8046
6.3974 65.7220
6.4635 65.6658
6.3921 65.7174
6.4440 65.7494
6.4100 65.7511
6.4809 65.8137
6.4582 65.7202
6.4416 65.7123
6.4220 65.8190
6.3389 65.7329
6.3099 65.8006
6.3782 65.7120
6.4261 65.7312
6.3944 65.7764
6.5249 65.4680
6.4551 65.7553
6.4508 65.7063
6.4102 65.7603
6.4398 65.7374
6.3967 65.7578
6.4324 65.7285
6.3668 65.6980
6.4209 65.7813
6.4557 65.7272
6.4508 65.7852
6.4531 65.8300
6.4044 65.7395
6.4001 65.7371
6.3858 65.7027
6.4735 65.7221
6.4308 65.6818
6.3810 65.7648
6.3354 65.7327
6.3844 65.7359
6.3606 65.7312
6.5114 65.8473
6.4377 65.7642
6.3947 65.6389
6.4740 65.8323
6.3336 65.7010
6.4707 65.7119
6.4054 65.7379
6.4417 65.7529
6.4439 65.6723
6.4049 65.7306
6.4500 65.7043
6.5224 65.7541
6.4500 65.7125
6.4364 65.8027
6.4931 65.7307
6.4388 65.8251
6.3724 65.6594
6.4260 65.7934
6.4105 65.8147
6.3907 65.8326
6.4232 65.7384
6.3876 65.7151
6.3994 65.7034
6.4464 65.7016
6.4201 65.7094
6.3997 65.6806
6.4444 65.7070
6.4006 65.7216
6.4656 65.7939
6.4477 65.6780
6.5071 65.8560
6.3979 65.6656
6.3806 65.7269
6.4232 65.7926
6.4044 65.7543
6.3005 65.7692
6.3553 65.7304
6.3532 65.7003
6.4377 65.6998
6.4503 65.7623
5.8913 65.7300
5.9374 65.6755
5.9845 65.5847
5.9062 65.5928
5.9225 65.7164
5.8866 65.5987
6.0350 65.6349
6.0869 65.7090
6.0531 65.7041
6.0336 65.6445
6.0669 65.7726
6.0109 65.7154
5.9609 65.6644
6.1141 65.6869
6.0036 65.7005
5.9697 65.6971
6.0471 65.6694
6.0060 65.7478
6.0634 65.5836
5.9169 65.6603
5.9072 65.6821
5.9707 65.6340
5.9930 65.6807
5.8647 65.7038
5.9654 65.7155
5.8711 65.7091
5.8261 65.6661
5.9727 65.6405
6.3102 65.7495
6.2985 65.6579
6.4491 65.8072
6.4462 65.8085
6.2054 65.6821
6.0307 65.6571
5.9765 65.6946
6.3859 65.7944
6.4289 65.7954
6.4073 65.7260
6.3948 65.7318
6.4418 65.7399
6.4297 65.7483
6.3323 65.7151
6.4563 65.7394
6.4075 65.7410
6.4070 65.7255
6.4093 65.7460
6.2011 65.6776
6.3166 65.6917
6.0623 65.5172
6.0386 65.5378
6.6933 65.6686
6.5919 65.4334
6.3612 65.4670
6.5169 65.6087
6.3838 65.9991
6.4417 65.4464
6.2340 65.4605
6.0852 65.6048
6.1970 65.4834
6.1299 65.5147
5.9699 65.4539
5.9767 65.4881
6.2077 65.5862
6.4849 65.2706
5.8233 65.5789
6.4532 65.3188
