76.8938 11.1796
76.8851 11.0537
77.1470 11.3555
77.1296 10.7987
77.1043 11.0981
76.7215 10.9773
77.2207 10.8857
77.1469 11.1075
76.7580 10.9203
77.1358 11.2376
76.8947 10.9627
76.9985 10.9394
76.8326 10.9117
76.8377 11.2444
76.9847 11.1372
77.0023 10.8936
77.2611 11.0843
76.8025 10.9029
77.0065 11.1845
76.8924 11.0557
77.1674 11.0000
77.4378 10.9954
77.2926 11.1414
77.0202 11.0582
77.1000 11.4827
77.2942 11.2006
77.3224 11.0981
77.0627 11.1621
77.5362 11.2047
77.2211 10.9426
77.1929 11.5353
76.9029 11.1082
77.1139 11.3520
77.4474 11.1377
77.4159 11.2947
77.3361 11.1178
77.2541 10.9992
77.3358 10.9911
77.2047 11.1931
77.1701 11.2159
77.3071 11.1614
77.0496 11.1496
77.0786 11.4299
76.6606 11.1904
76.9729 11.4251
77.0950 11.4274
77.0371 10.9078
77.1643 11.0089
77.0304 11.4182
77.0160 11.3428
76.9733 11.3134
76.8563 11.3820
76.9357 11.3443
77.0333 11.4273
76.9688 11.3510
77.0251 11.3562
76.8611 11.3656
77.2548 11.2385
77.2601 11.1603
77.6040 11.2303
77.3063 11.0259
77.2993 11.2225
77.2605 10.9658
77.3599 11.1106
77.3160 11.1066
77.3532 11.0715
77.3665 11.1373
77.3571 11.0582
77.2279 11.2590
77.1943 11.1979
77.4037 11.1925
77.3121 10.9453
77.3998 11.0052
77.2527 11.0604
77.3723 11.2881
77.3475 10.9497
77.3559 11.0551
77.2815 11.0016
77.1413 11.0832
77.4912 11.1805
77.5096 11.4370
77.2164 10.9296
76.7672 11.1421
76.7201 11.1208
76.8592 11.0310
76.8641 10.9553
76.8572 10.9964
76.9349 10.9526
76.9771 10.9278
77.3273 11.0617
77.3002 11.1935
77.0947 10.8654
76.9193 10.9660
77.1622 11.0791
77.1055 10.8578
77.3384 10.9156
77.5155 11.0429
77.4575 11.0632
77.1865 11.0676
77.4785 10.8894
77.2457 11.2246
77.1426 11.0412
77.2991 11.0710
77.2993 11.0959
77.3265 11.1015
77.2498 10.9907
77.3409 11.1758
77.3940 11.2880
77.4059 11.1103
77.3896 11.0844
77.3082 11.0096
77.4275 11.0280
77.3157 11.1885
76.8959 11.0658
77.3507 10.9595
77.3394 11.3958
77.2509 11.3267
77.2510 11.0816
77.1525 11.2201
77.0848 11.0896
77.2927 11.0962
77.1111 11.3412
77.2945 11.0391
77.2229 11.1579
77.1865 11.0906
77.0752 11.2107
77.2255 11.0179
77.4111 11.2875
77.3340 10.9985
77.3105 11.2920
77.4060 10.9972
77.1843 10.9213
77.4328 11.0599
77.5435 11.2073
77.3914 11.2271
77.2728 11.2044
77.2468 11.1882
77.0841 11.1190
77.0520 11.0131
77.1330 11.2344
77.2426 11.2329
77.1860 11.1200
77.2098 11.1305
77.2998 11.3007
77.1532 11.2510
77.3074 11.2011
77.0549 10.8878
77.0397 11.2240
76.9996 11.0179
77.1683 10.8584
77.4311 11.2996
77.1073 10.9906
77.3058 11.1089
77.1641 11.2812
77.1502 11.3209
77.4247 11.0065
77.2896 11.1830
77.2331 11.1472
77.2680 11.2914
77.3023 11.1138
77.0062 11.2957
77.1919 11.0785
77.1591 11.1045
76.9327 10.9932
76.8889 10.9231
77.1593 11.1094
77.1330 11.0814
76.9149 10.8865
77.0592 10.9798
77.2018 10.7899
76.9361 10.9548
76.9471 10.9353
77.0990 11.0541
76.8169 11.0394
76.8359 10.9481
76.8929 10.9414
76.8347 10.8218
76.9638 10.9779
76.8832 10.9430
76.9147 10.9741
76.8492 10.9312
77.0204 11.0248
76.9708 11.1314
76.9475 11.0440
76.8860 11.0617
76.8788 11.0043
76.8748 11.0308
76.9922 10.9297
76.8498 11.0508
77.0007 10.9439
76.9598 10.9353
76.9024 11.0550
76.9326 10.9051
76.9385 11.0260
76.8338 11.0051
76.8594 10.9693
76.9129 11.0857
76.9574 11.0597
76.8736 10.9932
76.9797 11.0009
76.9826 11.0436
77.0114 10.9080
76.9072 11.0769
76.9583 11.0657
76.9870 11.0550
76.9253 11.0161
76.8772 11.0383
76.8596 10.9580
77.0196 10.8917
76.9259 10.9528
76.8676 10.9092
76.8103 10.9245
76.8877 10.9407
76.9201 10.9566
76.9813 11.0089
77.0085 10.9703
76.9003 11.0041
77.0483 10.9073
76.9809 11.0434
76.9269 10.9787
76.9353 10.9501
76.9732 10.9557
76.8930 11.0432
76.9511 10.8821
77.0147 10.9821
76.9335 11.0854
76.8915 10.9902
76.9388 11.0702
76.9895 10.9833
76.8136 11.0460
76.9238 11.0210
76.9864 11.0269
76.9921 10.9795
76.9295 10.9302
76.8937 11.1162
77.0211 11.0145
76.8920 11.0749
76.9257 10.9684
76.9901 11.0891
76.9444 10.9548
76.8346 11.0206
76.8859 11.0078
76.9697 11.0153
76.9466 10.9927
76.9348 11.0233
76.7499 10.9731
76.9230 11.0775
76.8245 11.0237
76.8840 11.0115
76.9792 11.0456
76.9636 10.9365
76.8613 11.0081
76.9636 11.1189
76.8715 11.0472
77.0186 10.9573
76.9282 10.9132
77.0204 10.9571
76.8718 10.9511
76.9324 11.0719
76.9317 10.9455
76.9629 10.9297
76.9584 10.9823
77.0243 10.9140
76.9402 10.9733
76.9578 10.9939
76.8251 10.9492
77.0591 11.0527
76.9807 11.0875
76.8773 10.9689
76.9930 10.9613
76.8341 11.0135
76.8558 11.0658
76.9015 11.0123
77.0081 11.0748
76.9027 10.9126
76.9101 10.9979
76.8016 10.9510
76.9736 10.9086
76.9847 10.8737
76.9505 10.9394
76.9808 11.0785
76.9752 10.9536
76.8616 11.0186
76.8041 10.9498
76.8474 11.0760
76.9411 10.9478
76.8871 10.9964
76.9383 11.0179
76.9789 10.9995
76.8986 10.9718
76.9606 11.0118
76.9707 10.8726
76.9631 10.9109
76.9070 11.0120
77.0109 10.9842
76.8530 11.0262
76.9505 10.9503
76.9310 10.9882
76.9154 11.0870
76.9263 10.9939
77.0175 11.0431
76.9460 11.0369
76.9271 10.9679
76.8963 10.9386
76.9708 11.0011
76.8918 11.0030
76.8807 10.9382
76.8450 10.9715
76.8727 11.0119
76.8952 10.9236
77.0284 10.9530
76.9163 10.9384
76.9090 11.0664
77.0134 11.0564
76.9293 11.0064
76.9180 10.8591
76.9375 10.9754
76.8825 10.9307
76.8289 10.9453
77.0006 10.9723
76.9458 10.9321
76.8818 11.0453
76.9503 10.9691
76.9111 10.9909
76.9354 10.9331
76.9000 10.9351
76.9040 11.0971
76.8942 11.0839
76.9055 10.8963
76.8985 10.9288
76.9543 11.0138
77.0092 10.9445
76.8578 11.1086
76.9059 11.0150
76.9804 10.9689
76.8948 10.9936
76.8699 10.9564
76.9278 10.9869
76.9507 11.0549
76.9680 10.9232
76.9696 11.0002
76.9423 11.0674
77.0126 11.0238
76.9809 11.0129
76.9331 11.0044
76.9212 11.0168
77.0173 10.8470
76.9800 10.9077
77.0336 10.9880
76.9545 11.0678
76.9921 11.0381
76.9337 10.9695
76.9649 10.9792
76.9234 11.0053
76.8705 10.9618
76.9514 10.9673
76.9577 10.9564
76.7803 11.1512
76.9854 10.9961
77.0329 10.9439
76.9795 11.0543
76.9534 11.1568
76.9136 10.9253
76.9872 10.9946
76.8850 11.0756
77.0189 11.0322
76.9388 10.9046
77.0100 10.9827
76.9468 10.9693
77.0309 10.9356
76.9497 10.9797
76.9230 10.9420
76.9014 10.9585
77.0303 11.0098
76.9524 11.0011
76.9853 11.0005
76.9069 10.9823
76.9410 11.1381
76.9465 11.0411
76.9477 10.9696
76.9018 10.9848
76.9431 11.0070
76.9769 10.9699
76.8803 11.0319
76.9973 11.0025
76.9406 11.0895
76.9903 11.0198
76.8864 11.0524
76.8995 11.0043
76.8762 10.8463
77.2600 11.0623
77.2177 11.1130
76.8951 10.8780
77.2027 11.0251
77.2338 10.8263
77.3174 11.1060
77.1490 10.7802
77.2824 11.0385
77.1517 10.9962
77.3016 11.1370
77.3917 10.8886
77.4001 11.0957
77.3387 11.0538
77.2250 10.7774
77.1788 11.2557
77.3906 11.1257
77.1829 11.0208
77.2458 10.9511
77.1839 11.1833
77.3462 11.0690
77.0694 10.8695
77.3770 11.0458
77.2956 10.9787
77.1902 10.8522
77.1010 11.1967
77.3348 10.8609
77.2626 10.7448
77.2377 11.0371
77.1300 11.0565
77.2991 10.9945
77.3047 10.9785
77.2469 11.0944
77.0321 11.1426
76.8649 11.3526
77.0313 11.1774
76.8052 11.3072
76.9906 11.3745
77.1853 11.3191
76.8027 11.3102
76.9555 11.3267
76.9568 11.1739
76.8086 11.3417
76.8663 11.2423
76.9405 11.3208
76.9038 11.2142
77.1041 11.3112
77.1010 11.3051
76.9115 11.4714
76.7856 11.0997
76.8778 11.3149
76.9508 11.3403
76.9820 11.3139
76.9602 11.2590
77.1808 10.8618
77.4303 11.0023
77.2936 10.9893
77.4037 11.1942
77.3045 10.8626
77.3826 11.1851
77.1909 10.9018
77.1974 11.2349
77.2974 11.0559
77.2702 10.8221
77.3203 11.0733
77.2319 11.1276
77.1720 10.7785
77.1080 10.8718
77.1576 11.1462
77.3938 11.0749
77.4399 10.9803
77.3205 11.1542
77.2124 10.9952
77.2219 11.1074
77.3986 11.0731
77.4610 10.8581
77.0563 11.1130
77.1102 11.1018
77.3602 11.1382
77.3834 10.9379
77.2805 11.0469
77.2807 11.1231
77.2871 11.0975
77.2700 10.9923
77.3209 11.0608
76.9961 11.2999
77.0302 11.1889
76.9606 11.3403
77.0706 11.3581
76.9526 11.3444
77.0474 11.2886
76.9530 11.2164
77.0328 11.3284
76.9961 11.3256
77.0552 11.2025
