116.4642 142.1744
116.5857 141.9956
116.2406 141.9469
116.3455 141.4332
116.3664 141.4362
116.4130 141.7474
115.9943 141.8626
116.3883 141.6205
116.5845 141.6677
116.4635 141.9099
116.1989 141.5684
116.5368 141.4968
116.5612 141.6193
116.4887 141.6480
116.3299 141.7279
116.3215 141.8394
116.2363 141.5858
116.6959 141.9609
116.5081 141.5741
116.4016 141.5962
116.4632 141.5669
116.2954 141.9608
116.4500 141.4187
116.4372 141.7941
116.1993 142.1184
116.2977 141.7321
116.6078 141.5708
116.3025 141.5951
116.6383 141.8718
116.2646 141.8182
115.9599 141.9402
116.2546 141.5405
116.4509 141.7282
116.2753 141.6315
116.2180 141.6954
116.6066 141.6989
116.3515 141.7882
116.1798 141.5166
116.3023 141.6488
116.4494 141.7841
116.3744 142.1344
116.4294 141.5877
116.0977 141.4802
116.3364 141.6015
115.9659 142.2322
116.4611 141.7130
116.6327 141.8628
116.1935 141.8351
116.4134 141.7399
116.1552 141.8785
116.4470 141.8077
116.3360 141.7772
116.3887 141.9221
116.3219 141.7908
116.3477 141.9524
116.5925 141.9161
116.4745 141.6769
116.1731 141.9361
116.2489 141.9243
116.4768 142.1287
116.5797 141.8889
116.5918 141.7691
116.3795 141.7636
116.4238 141.7836
116.3263 141.8532
116.3775 141.6944
116.2780 141.9148
116.4834 142.1167
116.4794 141.8415
116.5151 142.2215
116.3676 142.0545
116.3951 141.8539
116.3151 141.6942
116.3222 141.7958
116.4075 141.9374
116.4594 142.0200
116.5049 141.8806
116.4615 141.8642
116.3774 141.8634
116.3418 141.9215
116.3145 141.7946
116.4537 141.8811
116.3954 141.8495
116.5331 141.7700
115.9654 141.8650
115.9367 141.7962
115.9306 141.7743
115.9324 141.5630
116.1239 141.8677
116.1165 141.6879
116.1417 141.8930
115.9783 141.8637
116.0423 141.7957
116.0022 141.8111
116.1037 141.8077
116.0972 141.6659
116.0041 141.6150
115.9242 141.8698
115.9787 141.8122
116.1441 141.7726
116.0978 141.7507
116.1791 141.8615
116.0915 141.4238
116.0744 141.9486
116.2311 142.0244
116.0447 141.8373
116.1845 141.7281
116.1580 141.6294
116.2105 141.6799
116.1913 141.7095
116.3445 141.8024
116.2345 141.6819
116.2907 141.7122
116.2722 141.9019
115.9498 141.7924
116.0952 141.4170
115.8949 141.8990
115.9415 141.4262
115.9073 141.5319
116.5689 142.0119
116.6034 141.9312
116.4302 141.7651
116.4261 141.8052
116.3120 141.8876
116.5943 141.8743
116.5093 141.9328
116.2664 141.8072
116.3661 141.9706
116.5495 141.8293
116.5945 141.9083
116.3885 141.8490
116.5715 141.9967
116.5331 141.9464
116.2945 141.8549
116.6098 141.8076
116.3526 141.9480
116.3304 142.0629
116.5654 141.9573
116.3332 141.8634
116.4899 141.8495
116.4279 141.7994
116.4543 142.0191
116.3878 141.8816
116.3857 141.8337
116.3705 141.9213
116.4428 141.9397
116.2566 141.7978
116.2710 141.9298
116.3308 141.9480
116.4462 141.9523
116.4908 141.8450
116.4543 141.9859
116.6028 141.8767
116.3970 141.8623
116.4278 141.7920
116.3419 141.8205
116.3592 141.7551
116.4095 141.7525
116.4809 141.9305
116.3508 141.9333
116.4734 142.0104
116.4190 141.8330
116.3620 142.0429
116.4582 141.7425
116.3539 141.7261
116.3654 141.7150
116.5330 141.9181
116.5407 141.9082
116.5081 141.7112
116.3773 141.8335
116.3430 141.8132
116.3865 141.7864
116.4610 141.8162
116.3507 141.9192
116.4623 141.8615
116.3994 141.8601
116.4453 141.8772
116.3868 141.8758
116.3929 141.8410
116.4203 141.8637
116.4814 141.8430
116.4338 141.8607
116.4795 141.8516
116.4297 141.8323
116.4474 141.8804
116.5073 141.9552
116.4711 141.8923
116.4781 141.8888
116.5376 141.9063
116.4834 141.8758
116.4783 141.8287
116.4152 141.7588
116.3012 142.0338
116.2625 142.0819
116.3021 141.8974
116.1479 142.0045
116.3763 142.1209
116.2637 142.1704
116.2751 142.0339
116.3761 142.1318
116.2557 142.1667
116.2298 142.0393
116.2705 142.0745
116.2588 142.0093
116.1339 142.1192
116.1979 142.1786
116.3285 142.0589
116.1653 142.0231
116.1207 142.0215
116.2140 142.1225
116.1404 142.1937
116.1409 141.9380
116.1794 141.9443
116.2649 141.8980
116.1349 141.8970
116.4860 142.0763
116.1122 142.2621
115.9411 141.9437
116.3641 142.0782
116.1457 142.0280
116.4445 142.2267
116.1996 142.0629
116.2302 142.1009
116.2428 142.0681
116.1948 142.1120
116.1799 142.0448
116.1942 142.1277
116.1630 142.1366
116.2572 142.0865
116.1598 142.1633
116.1797 142.0683
116.1087 142.0712
116.2815 142.0879
116.2137 142.1026
116.2323 142.0806
116.1770 142.0676
116.1755 142.1408
116.2135 142.1163
116.1452 141.9040
116.1640 142.1064
116.1989 142.0485
116.1175 142.0806
116.2251 142.0485
116.1941 142.1164
116.2257 142.0599
116.1557 142.1653
116.1853 142.0450
116.2676 142.1283
116.1753 142.1073
116.1944 142.0999
116.1378 142.1579
116.1825 142.0853
116.1390 142.0959
116.1972 142.1395
116.1542 142.1605
116.1453 142.0318
116.1927 142.1758
116.1809 142.1403
116.1282 142.1395
116.2336 142.0622
116.2231 142.1497
116.2134 141.9896
116.2420 142.0677
116.1805 142.0900
116.1599 142.0749
116.1394 142.0890
116.2306 142.1486
116.1623 142.1094
116.2608 142.0960
116.1802 142.0741
116.2140 142.1157
116.1968 142.1355
116.1771 142.1672
116.1920 142.1488
116.1918 142.0916
116.1392 142.0899
116.1602 142.1021
116.2469 142.0397
116.2366 142.1647
116.1408 142.1352
116.2621 142.0803
116.2250 142.1280
116.1528 142.1003
116.1845 142.1302
116.2515 142.0489
116.2328 142.1204
116.2495 142.1131
116.1787 142.0869
116.2027 142.1237
116.1851 142.1139
116.2391 142.1197
116.2189 142.1407
116.2049 142.0261
116.1748 142.1002
116.1756 142.1416
116.1034 142.0811
116.1505 142.0395
116.1722 142.0813
116.2209 142.0982
116.2043 142.1225
116.2002 142.0750
116.2022 142.0820
116.2189 142.1200
116.2094 142.1218
116.1388 142.1207
116.1523 142.1374
116.0149 142.1313
116.0998 142.1085
115.8918 142.1677
116.3399 142.1490
116.2495 141.9618
116.0918 142.1101
116.1509 142.1281
116.1335 142.1474
116.1787 142.1545
116.1708 142.1617
116.1271 142.2142
115.9866 141.8414
116.2636 141.7646
116.0311 141.7528
116.1807 141.7811
116.1057 141.8203
116.2251 141.8126
116.0178 141.7528
116.1706 141.6353
116.1088 141.7484
116.2997 141.6952
116.1637 141.7911
116.2415 141.7514
116.0749 141.5741
116.2109 141.6550
116.0516 141.6253
116.2474 141.7042
116.1153 141.7367
116.2567 141.7928
116.1051 141.7796
116.2303 141.7024
116.2497 141.7887
115.9844 141.7198
116.5242 141.9673
116.2490 141.8609
116.4563 142.0217
116.4381 141.7692
116.4299 141.8850
116.4342 141.8936
116.4318 142.0141
116.5894 141.9318
116.4011 141.9711
116.3895 141.8808
116.2930 141.7405
116.5320 141.9261
116.5307 141.8257
116.2572 141.8335
116.4002 141.8888
116.4710 141.8714
116.4058 141.9088
116.4010 141.8421
116.3888 141.9532
116.2895 141.9072
116.4407 141.8222
116.4729 141.8074
116.4319 141.8458
116.4865 141.8328
116.4408 141.8557
116.5214 141.9939
116.4056 141.7850
116.4692 141.8455
116.4586 142.0553
116.5638 141.7837
116.4563 141.8705
116.5430 141.8146
116.5843 141.8612
116.4440 141.8113
116.5710 141.8268
116.3619 141.7589
116.4213 141.8602
116.5826 141.9490
116.4049 142.0254
116.4744 141.9067
116.4725 141.9199
116.6667 141.7353
116.6074 141.8864
116.4992 141.8317
116.3779 141.8384
116.5214 141.9712
116.5010 141.8098
116.4514 141.9786
116.4779 141.8870
116.5106 141.7921
116.4211 141.9245
116.3286 141.9106
116.3959 141.8296
116.4335 141.8649
116.4670 141.8685
116.5617 141.9126
116.4916 141.6889
116.3783 141.8273
116.5995 141.8790
116.4506 141.8933
116.4172 141.7965
116.4392 141.8417
116.3502 141.9383
116.5399 141.7440
116.5659 141.6129
116.5023 141.8802
116.5445 141.9395
116.3729 141.9181
116.4463 141.8073
116.4779 141.8775
116.4020 141.7765
116.5239 141.9651
116.6170 141.8094
116.4072 141.9781
116.4279 141.4808
116.2545 141.6344
116.3401 141.7191
116.3286 141.8325
116.3543 141.6978
116.3992 141.7343
116.5540 141.8490
116.4541 142.0180
116.1742 141.7338
116.1414 141.7632
116.1886 141.7946
116.2884 141.6685
116.3299 141.8371
116.2503 141.5915
116.3162 141.7001
116.0923 141.7070
116.0909 141.8977
116.2806 141.8028
116.2509 141.6232
116.0796 141.8965
116.1287 141.8017
116.0825 141.7077
116.1497 141.7151
116.2771 141.7888
116.1533 141.9512
116.3031 141.7630
116.0067 141.9193
116.2716 141.7043
116.1942 141.8830
116.2108 141.7746
116.1554 141.9091
116.1852 141.7843
116.0881 141.8104
116.1802 141.8319
115.9933 141.8757
116.0845 141.8758
116.1765 141.7009
116.1003 141.7926
116.2139 141.6736
116.1478 141.7972
116.2193 141.8102
116.1248 141.7546
116.1687 141.9515
116.2035 141.7738
116.2320 141.8089
116.2096 141.8714
116.1560 141.7501
115.9190 141.6268
116.3167 141.6448
116.4602 141.4865
116.1638 141.9047
116.1258 141.8774
116.1413 141.7256
116.0826 141.8100
116.2241 141.7567
116.1960 141.8742
116.2091 141.7581
116.1642 141.6889
116.2578 141.7871
116.1274 141.7999
116.1376 141.7938
116.0508 141.8135
116.2345 141.7349
116.1738 141.7702
116.0960 141.7694
116.1923 141.7140
116.1639 141.7472
116.0962 141.7365
116.1103 141.7631
116.1362 141.6814
116.1656 141.7904
116.2452 141.8797
116.1789 141.6901
116.1091 141.7663
116.1642 141.7209
116.2350 141.8255
116.1455 141.7650
116.1863 141.7361
116.2277 141.8047
116.1749 141.7664
116.0830 141.8325
116.1331 141.7066
116.2760 141.8541
116.1004 141.9188
116.3233 141.9206
116.1210 141.8312
116.1132 141.7728
116.1854 141.7107
116.0812 141.7586
116.3116 141.7307
116.0330 141.8687
116.1037 141.8144
116.1741 141.7296
116.2243 141.8140
116.1419 141.8437
116.1622 141.7920
116.1728 141.8167
116.1269 141.8147
116.1176 141.8190
116.0506 141.8265
116.1413 141.7788
116.1250 141.8167
116.1401 141.8209
116.1545 141.8335
116.1261 141.8168
116.1593 141.8187
116.2122 141.8342
116.0077 141.9633
116.0876 141.8200
116.2027 141.8115
116.1248 141.8144
116.2164 141.8349
116.1163 141.8405
116.1783 141.8280
116.1500 141.8001
116.1687 141.7860
116.1532 141.7651
116.1550 141.7917
116.1293 141.9734
116.2357 141.7753
116.2988 141.8510
116.1525 141.7704
116.1238 141.8883
115.9614 141.8894
116.1547 141.6661
116.1919 141.7589
116.2170 141.7959
116.1421 141.8654
116.1914 141.8274
116.1986 141.7644
116.1916 141.7519
