6.3836 121.3408
6.2741 121.1705
6.3373 121.2626
6.2324 121.4591
6.3169 121.1668
6.3564 121.1232
6.1701 121.2525
6.3676 121.2328
6.3363 121.1880
6.1962 121.1807
6.3132 121.4948
6.4336 121.2497
6.1742 121.1542
6.3476 121.3533
6.2440 121.3168
6.2482 121.2640
6.4522 121.2710
6.3824 121.3885
6.4683 121.1776
6.7621 121.4571
6.6801 121.4901
6.5867 121.3676
6.7348 121.5272
6.5196 121.4976
6.7117 121.3604
6.6584 121.4325
6.5645 121.3510
6.5533 121.4391
6.4798 121.4444
6.6033 121.4201
6.6166 121.5548
6.6576 121.3433
6.5995 121.4340
6.6968 121.4425
6.8339 121.4589
6.5081 121.3866
6.6566 121.3900
6.7330 121.4067
6.7349 121.3951
6.7763 121.6233
6.5972 121.5157
6.5271 121.5235
6.5733 121.4446
6.7928 121.5392
6.6648 121.4899
6.6111 121.4926
6.6602 121.3330
6.6396 121.2462
6.8360 121.4871
6.6087 121.4713
6.6420 121.4460
6.6858 121.4293
6.6481 121.5021
6.6629 121.3090
6.7423 121.4709
6.6420 121.4311
6.4608 121.3129
6.6744 121.3785
6.6409 121.3798
6.6751 121.5269
6.7332 121.3294
6.5772 121.4890
6.5280 121.4559
6.6188 121.5940
6.7503 121.4257
6.6425 121.3626
6.8227 121.4551
6.7865 121.4178
6.7278 121.4974
6.4291 121.2470
6.4165 121.1601
6.5655 121.4101
6.7944 121.0740
6.6267 121.3508
6.3468 121.2269
6.5462 121.3294
6.3671 121.2374
6.3811 121.3481
6.3852 121.2283
6.3553 121.3008
6.4249 121.2447
6.6310 121.1171
6.8947 121.1030
6.6624 120.9759
6.8168 121.1720
6.6805 121.1082
6.6725 121.0292
6.7899 121.0836
6.7127 121.1063
6.6870 121.0396
6.7038 121.0876
6.7034 121.0958
6.7310 121.1278
6.7409 121.0832
6.7025 121.0291
6.7388 121.1027
6.6833 121.0544
6.6837 121.0928
6.7300 121.0745
6.7323 121.0823
6.6791 121.0954
6.7022 121.1251
6.7185 121.1107
6.7515 121.1127
6.7006 121.1198
6.6776 121.0559
6.7609 121.0668
6.7043 121.0789
6.7067 121.0609
6.7241 121.0864
6.7192 121.0986
6.6112 120.9633
6.5409 121.4873
6.8049 121.3421
6.7911 121.3838
6.6833 121.5052
6.7364 121.5436
6.8025 121.4877
6.7076 121.4853
6.6742 121.3733
6.7183 121.3542
6.8048 121.4425
6.6888 121.4309
6.8362 121.4402
6.6681 121.5972
6.7854 121.5395
6.4117 121.0069
6.6649 120.9592
6.4528 120.8739
6.6346 121.0732
6.6199 121.5001
6.2840 121.2539
6.3677 121.1896
6.4134 121.2493
6.3202 121.3166
6.4337 121.3457
6.3361 121.2536
6.5250 120.9773
6.5101 121.2435
6.6661 121.3589
6.7301 121.3917
6.7798 121.4829
6.7880 121.4063
6.7321 121.4329
6.5508 121.3008
6.4468 121.3387
6.5578 121.3795
6.5696 121.3648
6.5485 121.3711
6.5476 121.3659
6.5822 121.4062
6.5589 121.3724
6.5939 121.4056
6.5891 121.3850
6.6099 121.3990
6.6113 121.3895
6.5775 121.3917
6.6806 121.4884
6.7333 121.4503
6.6890 121.4788
6.6968 121.5293
6.8185 121.5112
6.7465 121.4692
6.7359 121.5036
6.7214 121.5190
6.8004 121.5292
6.7346 121.4306
6.7668 121.5354
6.7743 121.4238
6.8043 121.4348
6.7727 121.4677
6.7700 121.5101
6.7893 121.4141
6.6489 121.4909
6.7220 121.5362
6.6806 121.4453
6.6545 121.5147
6.7574 121.4430
6.6649 121.5107
6.7897 121.4382
6.7356 121.4071
6.7709 121.4777
6.7644 121.4238
6.7497 121.4030
6.7851 121.5050
6.6158 121.4807
6.7609 121.5185
6.6717 121.4602
6.6931 121.4932
6.6758 121.5409
6.7749 121.4261
6.6036 121.4045
6.4276 121.1884
6.7077 121.5489
6.7945 121.4631
6.7464 121.4665
6.7606 121.4808
6.7530 121.4692
6.6696 121.4203
6.7451 121.4772
6.7257 121.4702
6.7885 121.6196
6.6462 121.7677
6.6278 121.6919
6.7607 121.7708
6.6214 121.6331
6.5560 121.5327
6.5707 121.6443
6.5833 121.6366
6.7548 121.5127
6.7611 121.3720
6.7157 121.4984
6.7445 121.4711
6.6949 121.5225
6.7292 121.5290
6.7259 121.4734
6.6609 121.4262
6.7059 121.5191
6.7346 121.4833
6.7601 121.4436
