45.7050 91.0513
45.5711 91.0502
45.6582 91.1155
45.7634 91.0708
45.4810 91.1315
45.9685 91.0754
45.5929 90.9640
45.8366 91.1052
45.6605 91.1950
45.5416 90.9689
45.5502 90.8978
45.4838 91.1805
45.5766 91.0638
45.8795 91.0257
45.9107 90.8732
45.7116 90.9825
45.7642 91.0133
45.4452 90.9622
45.5793 90.9550
45.9222 90.9806
45.5948 91.0167
45.5177 90.8598
45.5558 90.8287
45.6475 91.0109
45.6147 90.9053
45.8663 91.0889
46.0178 90.7464
45.5898 91.2244
45.8258 90.8228
45.7411 91.1441
45.6983 91.0811
45.6205 91.0621
45.6218 90.9601
45.4842 91.0587
45.6793 91.0639
45.8062 91.1868
45.7015 91.4616
45.7004 91.0409
45.7039 91.0894
45.9944 90.9427
45.4557 91.2692
45.5646 90.9617
45.5513 91.1358
45.6555 90.9343
45.4982 90.8032
45.6894 91.0618
45.8744 91.1052
45.6817 90.9942
45.6083 90.9740
45.6722 90.9127
45.9395 91.0312
45.8823 91.0001
45.8231 90.9604
45.5768 91.2949
45.6429 90.9625
45.7458 91.2013
45.7862 91.0465
45.9362 90.9783
45.8122 91.2442
46.1591 91.1135
45.7652 91.1357
45.7360 91.1264
45.8140 91.1967
45.7046 90.9722
45.6171 90.9561
45.5188 91.1427
45.7148 90.9663
45.7198 90.7932
45.6686 90.9485
45.9329 90.9789
45.8790 90.9244
45.5889 91.3102
45.7523 91.0344
45.8618 91.1520
45.8513 91.1298
45.8541 91.0552
45.6566 90.8741
45.7388 90.9679
45.6687 91.1399
45.8095 91.0701
45.5180 91.1999
45.4536 91.3512
45.7874 91.0891
45.7903 90.9076
45.4144 91.0588
45.6265 91.0875
45.5519 91.2317
45.8071 91.1281
45.5440 90.8421
45.9095 91.0805
45.9090 90.9634
45.5899 91.1423
45.7188 91.0860
45.7772 91.0179
45.7415 90.9621
45.6943 90.8944
45.7715 90.9796
45.6092 90.9778
45.7367 91.0543
45.4869 90.9811
45.8182 91.1139
45.8970 91.0244
45.8924 90.8393
45.6947 91.2076
45.6158 91.1631
45.8224 90.8248
45.5851 90.9957
45.7925 91.1399
45.9097 90.9730
45.6722 90.9784
45.6840 90.8547
45.9555 90.9243
45.6591 91.1263
45.5888 91.1220
45.6054 91.0242
45.4661 90.9911
45.8247 91.3611
45.8400 91.1314
45.7919 91.0823
45.6874 90.9419
45.9875 91.0150
45.5891 91.1393
45.8504 90.8557
45.4438 90.9250
45.6077 90.8249
45.3461 91.1135
45.6254 90.9748
45.4522 91.1411
45.5625 90.8247
45.7849 91.0421
45.8669 91.1643
45.7917 91.0546
45.5014 91.1719
45.7335 91.0112
45.8228 91.0954
45.5098 91.2264
45.6184 90.9239
45.3971 91.1384
45.5515 91.0610
45.6327 91.0509
45.6349 91.0910
45.7631 91.2698
45.6661 90.8980
45.5439 91.1392
45.4717 91.0886
45.5510 90.9032
45.8552 90.9002
45.6086 90.9234
45.6401 91.0721
45.5260 90.9581
46.0146 91.0118
45.7211 90.9350
45.6945 91.0214
45.7584 91.1014
45.7283 90.9186
45.7935 90.9257
45.7993 91.2107
45.8116 91.3597
45.7834 91.2541
45.8710 91.2319
45.8310 91.2379
45.8516 91.2467
45.8015 91.3467
45.9897 91.2643
45.7720 91.3559
45.7905 91.1631
45.8236 91.1586
45.8502 91.1532
45.8567 91.3005
45.7889 91.2673
45.8811 91.2630
45.8342 91.2839
45.8892 91.1358
45.9096 91.2400
45.8439 91.3462
45.9110 91.2833
45.9048 91.3172
46.1142 91.5708
45.8610 91.3316
45.9550 91.1381
45.8647 91.1720
45.8760 91.2431
45.8842 91.1269
45.8180 91.1694
45.7711 91.2041
45.7883 91.1924
45.8353 91.1493
45.8612 91.3124
45.8793 91.2631
45.7761 91.2467
45.7592 91.2358
45.9252 91.2309
45.8881 91.2927
46.0354 91.1550
45.8712 91.2012
45.8399 91.2825
45.8938 91.2169
45.9690 91.2896
45.9613 91.2687
45.6962 91.2111
45.7483 91.3265
45.8694 91.2225
45.7732 91.2319
45.7106 91.2326
45.7911 91.3302
45.7953 91.1844
45.8226 91.2395
45.9099 91.3861
45.8084 91.2061
45.8018 91.2268
45.8444 91.2597
45.7193 91.2649
46.0004 91.3385
45.8272 91.1112
45.9771 91.3132
45.8527 91.2367
45.8941 91.3049
45.9814 91.3663
45.7793 91.2921
45.8879 91.2143
45.8394 91.3163
46.0462 91.3785
45.8735 91.2433
45.8870 91.2129
45.8220 91.2127
45.8481 91.3369
45.9618 91.2782
45.9881 91.2380
45.9532 91.3407
45.8560 91.1681
45.9487 91.1533
45.8645 91.2446
45.9358 91.2258
45.7480 91.1879
45.8026 91.3019
45.8734 91.2174
45.8961 91.2507
46.0371 91.4266
45.8739 91.1707
45.9188 91.3988
45.7636 91.2260
45.9563 91.2486
45.8679 91.3285
45.8938 91.3984
45.7360 91.1715
45.9280 91.3156
45.8078 91.2680
45.8352 91.2724
45.7825 91.1990
45.8930 91.1908
45.8354 91.3839
45.8462 91.3411
46.0087 91.2970
45.9755 91.2939
45.8819 91.3299
45.9045 91.2346
45.9356 91.2611
45.7856 91.2179
45.8821 91.2677
46.0037 91.2722
45.7539 91.2279
45.8128 91.1802
45.8387 91.2348
45.7577 91.3336
45.9840 91.1908
45.7913 91.1876
45.7267 91.1892
45.8152 91.3531
45.9011 91.3392
45.8321 91.2787
45.7942 91.2802
45.9057 91.2376
45.8010 91.3477
45.7558 91.3075
45.7807 91.1366
45.8592 91.2596
45.8839 91.1791
45.9592 90.9804
46.0425 91.0697
46.0337 91.0693
46.1158 91.0511
45.9458 91.1089
45.9355 90.9857
45.8108 91.1645
45.9313 90.9863
45.9145 90.9862
45.9992 90.9507
46.0333 90.7875
45.9815 90.8715
45.9437 90.9544
46.0346 90.9548
46.0524 90.9198
45.9765 90.9569
46.1252 90.8651
46.0659 91.0211
45.9174 90.8975
46.1644 90.9799
45.8787 90.8990
46.0186 91.0095
46.0434 90.9530
46.0048 90.8794
45.9193 90.8248
45.8756 90.9329
46.0757 90.8539
46.0697 90.8457
46.0980 90.9629
46.0432 90.9805
46.0631 90.9108
46.0558 90.9321
46.0987 91.0702
45.9818 91.0088
46.1308 91.0350
46.0661 90.9220
46.0850 91.0722
46.0312 91.0032
45.9971 90.9456
46.0338 90.9550
46.1372 91.0784
46.1022 90.8720
46.1127 91.0571
46.1147 91.0176
46.0769 90.8758
46.1262 91.2116
46.0550 90.9846
46.1931 91.0536
46.0919 91.0989
45.9925 91.0481
45.9544 91.0967
46.1970 91.0144
45.9809 90.8255
45.8510 90.9367
46.0611 90.9748
45.8499 90.9986
46.0287 90.9310
46.0518 90.9088
46.0589 90.9085
45.9833 90.9181
45.9747 90.9630
46.1049 90.9061
46.0085 90.8892
46.1455 91.0534
46.0639 91.0362
45.8453 91.1045
46.0780 90.9462
45.9535 91.0824
45.9117 90.9442
45.9528 90.8794
46.0031 91.0496
46.0693 91.0759
46.1003 91.0705
46.2152 90.9242
46.2001 90.9882
46.0870 91.0014
46.0795 91.0569
46.1247 90.9702
46.0357 91.0294
46.0368 90.9024
46.0049 90.9269
46.2221 90.8325
46.0075 90.9404
45.9110 90.9632
46.0440 90.8307
45.9302 91.0730
46.2564 91.0885
45.8951 91.0536
45.9626 91.0131
46.0288 91.0213
45.9630 90.9943
45.9964 90.9830
45.9757 91.0291
46.1605 90.9741
46.0699 90.9679
45.9686 90.7999
45.7810 90.9163
45.9165 90.9382
45.9354 90.9058
45.9105 90.9250
45.9152 90.9324
46.0321 90.9540
46.0276 90.9560
46.1009 90.9515
46.0562 90.9463
45.8559 90.8923
45.9125 90.9204
45.8543 90.9490
45.9961 90.9480
45.9847 90.9935
46.0682 90.9991
45.8448 91.0598
46.0872 90.8705
46.0782 90.9799
46.1399 91.0398
46.1506 91.0989
45.8459 91.2805
45.7882 91.2660
45.9668 91.2859
45.8884 91.2173
45.8896 91.3478
45.9893 91.2049
45.9728 91.1801
45.9113 91.4048
45.9695 91.2119
45.8727 91.3588
45.9560 91.1055
45.9661 91.2704
45.9503 91.2082
45.9064 91.2264
45.8434 91.1301
45.9484 91.3852
46.0097 91.2201
46.0463 90.9591
46.0722 90.9346
46.0852 90.9540
46.0750 90.9594
46.0141 91.0486
46.1364 91.0452
45.9954 90.9674
45.9409 90.9981
46.0249 91.0797
46.0386 90.7762
46.1134 90.9318
45.9700 90.9487
46.1540 90.9155
46.2408 90.9220
46.0680 90.9956
46.0252 91.1068
45.9965 90.9681
46.1265 91.0158
45.9824 91.0208
46.0925 90.9066
46.1218 90.7869
46.0657 91.0977
46.1283 91.0578
46.0510 91.1028
46.0426 91.0249
46.0209 90.8271
46.0848 90.9762
46.0838 91.0371
46.0407 90.9380
46.2346 91.0962
46.0300 91.0939
46.0258 91.1477
46.0476 91.0047
46.0920 90.9473
45.8408 90.9918
45.7782 90.9267
46.0763 90.7236
46.1846 90.8039
