118.8392 145.8179
118.4447 145.7601
118.6279 145.8250
118.3340 146.1117
118.4824 146.0692
118.1837 146.1794
118.2399 146.1113
118.4447 146.0576
118.6123 145.8374
118.6792 145.8345
118.5772 145.9500
118.6069 145.8583
118.6913 145.9487
118.7868 145.9252
118.7555 145.7918
118.7665 146.0267
118.7029 145.9422
118.8179 145.7882
118.8395 145.8011
118.6463 145.8814
118.7229 145.8285
118.4327 145.7488
118.6494 145.9996
118.6546 145.8738
118.9128 145.7152
118.6635 145.9945
118.6688 145.8092
118.6293 145.8412
118.5041 145.8928
118.7016 145.9274
118.7314 145.9154
118.7523 145.8379
118.8893 145.9121
118.8136 145.8085
118.9066 145.8851
118.7568 145.8638
118.7606 145.9139
118.8243 145.8491
118.7279 145.9712
118.8972 145.9361
118.7290 145.8003
118.7994 145.7608
118.7072 145.9028
118.7113 145.6976
118.6741 145.9937
118.5482 145.8325
118.4056 146.0013
118.5238 145.9968
118.8542 145.9440
118.6076 145.8136
118.7712 145.9828
118.7894 145.7438
118.5450 145.9875
118.8606 145.8988
118.5256 145.8073
118.6838 145.8615
118.6316 146.0603
118.6708 145.9044
118.7689 145.8799
118.6954 145.9048
118.6847 145.9397
118.5707 146.0919
118.4910 145.8687
118.6438 145.8688
118.7928 145.7184
118.6998 145.8337
118.6610 145.8889
118.6482 146.0143
118.4720 145.7373
118.6954 145.8596
118.6004 145.8093
118.6468 145.9248
118.8702 145.9962
118.6128 145.9310
118.7449 145.7728
118.7466 146.0605
118.6913 145.7554
118.8689 145.7972
118.7691 145.8340
118.6714 145.8397
118.6456 145.8096
118.6774 145.9587
118.5893 145.7645
118.5439 145.9258
118.5083 145.9134
118.7271 145.7648
118.5865 146.0241
118.7550 145.7867
118.6478 145.8803
118.6621 145.9724
118.6677 145.7683
118.5807 145.8470
118.6761 145.9027
118.7477 145.8797
118.8117 145.8204
118.6599 145.8959
118.8029 145.8476
118.5466 145.9886
118.7318 146.0045
118.6854 145.9449
118.6731 145.8589
118.4987 145.7362
118.7515 145.9191
118.7011 145.9190
118.6567 145.8188
118.6998 145.8897
118.7382 145.8546
118.8142 145.9082
118.6875 145.9685
118.6186 145.9454
118.5557 146.0645
118.6624 145.9939
118.5783 146.0287
118.7873 145.9598
118.7663 145.7607
118.9077 145.9195
118.7248 145.9961
118.6587 145.8721
118.5118 145.8863
118.7588 145.8463
118.6822 145.8144
118.7667 145.8869
119.0165 146.0320
118.6092 145.9617
118.7221 145.7921
118.6182 145.8641
118.8983 145.7784
118.8137 145.9768
118.7577 145.8449
118.5364 145.7720
118.6783 145.8530
118.6601 145.8183
118.8258 145.9806
118.7362 145.9620
118.6138 145.8305
118.5905 145.9999
118.5443 145.8836
118.5298 145.8276
118.4435 145.9227
118.7234 145.8958
118.7885 145.8827
118.6267 145.8534
118.8232 145.9540
118.6543 145.8171
118.6155 145.9942
118.8509 146.2112
118.5085 146.1227
118.3525 146.2758
118.7200 145.9520
118.6875 145.8993
118.7535 145.9075
118.7387 145.9123
118.6953 145.8668
118.7367 145.8696
118.6546 145.8988
118.6421 145.8969
118.6912 145.8243
118.4577 145.7059
118.3979 145.6651
118.4479 145.7208
118.3270 145.8682
118.2641 145.8047
118.2941 145.9789
118.2247 145.7778
118.2638 145.8152
118.2454 145.7912
118.2075 145.8314
118.2599 145.8068
118.2713 145.7688
118.3057 145.7750
118.3980 145.6708
118.3729 145.8996
118.4509 145.7822
118.5459 145.8626
118.3837 145.7631
118.2857 145.7217
118.3011 145.7596
118.2818 145.7863
118.2253 145.8480
118.5225 145.9261
118.3021 145.7569
118.2332 145.8343
118.3871 145.7662
118.4838 145.8482
118.3850 145.7978
118.4181 145.8591
118.2268 145.7367
118.3617 145.8643
118.4825 145.8010
118.3552 146.0979
118.2341 145.8586
118.5213 145.6375
118.5454 145.8779
118.5055 145.9166
118.5383 145.8098
118.5024 145.8795
118.4172 145.9048
118.3352 145.8289
118.4204 145.9028
118.3567 145.8637
118.3970 145.7959
118.4872 145.7591
118.4840 145.8536
118.4757 145.8747
118.4343 145.9310
118.2140 145.8393
118.3793 145.8615
118.5335 145.8699
118.1349 145.8468
118.3377 145.8564
118.4532 145.7691
118.2115 145.7637
118.2799 145.7091
118.4207 145.8442
118.4230 145.6602
118.2409 145.8722
118.3564 145.8122
118.3632 145.7811
118.4805 145.8072
118.2926 145.8726
118.2876 145.6601
118.2671 145.8675
118.4099 145.8401
118.4257 145.7418
118.2555 145.7292
118.3915 145.6766
118.1695 145.8923
118.3569 145.6017
118.4871 145.7935
118.4002 145.7424
118.2064 145.7772
118.3815 145.9979
118.1480 145.7870
118.2973 145.7277
118.3643 145.7592
118.3538 145.8486
118.4699 145.8404
118.3225 145.7753
118.4955 145.7697
118.4313 145.8994
118.2166 145.8152
118.2767 145.7233
118.3754 145.7882
118.4172 145.8236
118.3390 145.6767
118.4349 145.9435
118.3711 145.8712
118.6556 145.6970
118.2913 145.7495
118.4969 145.9102
118.2795 145.8169
118.5023 145.8217
118.2476 145.8082
118.3166 145.7523
118.4958 145.6733
118.5609 145.8412
118.4152 145.7709
118.3286 145.8403
118.5585 145.7262
118.2706 145.6924
118.3072 145.8462
118.7268 145.7341
118.6196 145.9579
118.4246 146.2659
118.5895 146.1079
118.5972 146.2537
118.5422 146.0970
118.5075 146.0242
118.5113 146.0782
118.6134 146.0110
118.4686 146.1725
118.6159 146.0625
118.5572 146.0492
118.4931 146.1535
118.5429 146.2547
118.4732 146.1973
118.5388 146.2304
118.5164 145.9999
118.4686 146.1671
118.3029 145.9870
118.6170 146.1772
118.5242 146.1257
118.5347 146.2472
118.2593 146.0388
118.5062 146.0498
118.4179 146.1026
118.4471 146.0224
118.5515 146.0729
118.4489 146.1965
118.5172 146.1893
118.4596 146.1688
118.5605 146.1226
118.5675 146.0827
118.3729 146.2093
118.4553 146.2298
118.4202 146.1224
118.5293 146.1962
118.4967 146.1631
118.4270 146.1746
118.5154 146.1732
118.5385 146.1843
118.4649 146.0916
118.5231 146.0951
118.4503 146.1504
118.5374 146.1004
118.5134 146.1536
118.4730 146.1320
118.5131 146.1320
118.4783 146.1175
118.5162 146.1046
118.4266 146.1293
118.4764 146.1938
118.5706 146.1375
118.4567 146.1645
118.2763 146.2140
118.4829 145.8757
118.6190 145.6646
118.6372 145.7293
118.7129 145.6520
118.3616 146.2281
118.3560 146.2904
118.4522 145.7433
118.3785 145.8503
118.3813 145.8195
118.4592 145.8549
118.4731 145.7994
118.4005 145.8292
118.5404 145.8158
118.4109 145.8374
118.3869 145.7725
118.3842 145.8431
118.4094 145.8683
118.4051 145.7391
118.4583 145.6791
118.6049 145.9676
118.7882 145.9484
118.8713 145.9338
118.4558 146.0893
118.6057 146.1720
118.5398 145.9554
118.4074 145.8634
118.5728 145.7919
118.4397 145.7583
118.5070 145.7526
118.4762 145.7268
118.3627 145.8239
118.4263 145.7897
118.4815 145.8108
118.4598 145.8213
118.3972 145.9524
118.3908 145.7390
118.4589 145.7020
118.5414 145.8087
118.5272 145.9602
118.5405 146.0500
118.5221 145.7618
118.3935 145.8205
118.4013 145.8311
118.5205 145.8187
118.6031 145.9389
118.3835 145.7655
118.4789 145.7338
118.6491 145.8084
118.2819 145.7113
118.5996 145.5582
118.7086 145.7422
118.7044 145.8149
118.2393 145.9378
118.4456 146.0023
118.6331 145.7748
118.5613 145.6760
118.4687 145.8593
118.4724 145.9702
118.5761 145.8258
118.4203 145.9249
118.5300 145.8512
118.5030 145.8322
118.4360 145.8274
118.4613 145.7139
