80.8059 110.5018
80.5504 110.8135
80.5912 110.6660
80.6762 110.4540
80.8501 110.5790
80.9144 110.2816
80.7225 110.5835
80.8464 110.5908
80.7042 110.4993
80.7414 110.4549
80.8752 110.6181
80.9674 110.4707
80.7355 110.3136
80.8561 110.4276
80.7584 110.4814
80.8412 110.3939
80.8775 110.5219
80.9727 110.3879
80.8883 110.6007
80.8485 110.5416
80.7102 110.3358
80.8155 110.4566
80.6730 110.5129
80.6430 110.4377
80.8517 110.6193
80.8202 110.5647
80.9232 110.5175
80.8518 110.4566
80.6219 110.4410
80.9538 110.6059
80.8222 110.5380
80.8309 110.4903
80.8876 110.3568
80.6236 110.4936
80.8305 110.5422
80.8146 110.5642
80.7409 110.4476
80.9078 110.4872
80.8465 110.4373
80.5636 110.6334
80.8089 110.5675
80.7279 110.5381
80.7685 110.4123
80.7425 110.3718
80.7486 110.5215
80.8672 110.5240
80.9506 110.6223
80.8292 110.6111
80.8211 110.4490
80.8341 110.4203
80.7791 110.4169
80.8995 110.3984
80.5655 110.5596
80.8134 110.6149
80.8274 110.4501
80.9278 110.5166
81.0360 110.4066
80.8157 110.4684
80.8287 110.5498
80.9531 110.2758
80.8605 110.3996
80.7639 110.5468
80.7772 110.5601
80.8633 110.5259
80.9376 110.5137
80.7932 110.5316
80.7994 110.6138
80.9264 110.4283
80.9470 110.4405
80.8704 110.4464
80.8634 110.3543
80.9512 110.5136
80.8127 110.4314
80.6581 110.2877
80.7984 110.6219
81.0755 110.6073
80.8882 110.5805
80.7886 110.4699
80.7662 110.4214
80.7808 110.6547
80.8939 110.5943
80.7209 110.4556
80.9167 110.3908
80.7675 110.5951
80.5576 110.5181
80.8745 110.5396
80.8678 110.4720
80.7200 110.4181
80.8642 110.5253
80.7575 110.5189
80.8344 110.4775
80.8837 110.4956
80.8378 110.6072
80.8103 110.3732
80.9530 110.3554
80.7502 110.4771
80.9509 110.3685
80.8780 110.4482
80.8991 110.5006
80.8408 110.4741
80.7032 110.4684
80.8043 110.4953
80.8163 110.4351
80.7609 110.5866
80.8011 110.5560
80.6915 110.6198
80.7220 110.5542
80.8706 110.3345
80.8833 110.5572
80.9296 110.4573
80.9687 110.5515
80.7267 110.4804
80.9066 110.4679
80.9088 110.5698
80.8574 110.6099
80.8670 110.5393
80.8024 110.4567
80.7970 110.3260
80.8589 110.4873
80.8744 110.5486
80.6373 110.4770
80.7620 110.5285
80.8118 110.6172
80.9859 110.4949
80.8410 110.4742
80.8376 110.5405
80.9376 110.3935
80.8047 110.4951
80.9096 110.3526
80.9818 110.5371
80.8962 110.3877
80.6960 110.6328
80.9302 110.3869
80.6677 110.5459
80.8621 110.4825
80.7514 110.5513
80.9126 110.4334
80.8428 110.5334
80.7812 110.3239
80.7576 110.5438
80.8080 110.5257
80.8704 110.4448
80.8147 110.5026
80.7756 110.4907
80.7927 110.5275
80.8386 110.5260
80.7213 110.5015
80.8677 110.4717
80.8928 110.8092
80.8754 110.8821
80.2477 110.4854
80.5049 110.3313
80.4694 110.4361
80.5591 110.3932
80.4890 110.4672
80.5059 110.4575
80.6608 110.5098
80.5571 110.3333
80.3971 110.3368
80.4312 110.3709
80.4507 110.3568
80.4920 110.4073
80.4856 110.3919
80.4515 110.2693
80.3826 110.5034
80.7057 110.7935
80.7016 110.6953
80.5463 110.6625
80.6722 110.6033
80.5861 110.6796
80.5701 110.7960
80.5944 110.7313
80.8977 110.8617
80.5825 110.8043
80.9121 110.5341
80.7189 110.5330
80.8988 110.4460
80.9688 110.6344
80.7362 110.3007
80.5717 110.2821
80.4530 110.2211
80.4981 110.3062
80.4047 110.5280
80.3736 110.4161
80.5756 110.4630
80.4527 110.5363
80.4042 110.4156
80.5123 110.4186
80.5043 110.3696
80.5031 110.4132
80.5080 110.4516
80.4300 110.4083
80.5010 110.4884
80.4385 110.4009
80.5091 110.4711
80.6119 110.4808
80.6139 110.4910
80.4436 110.4692
80.4360 110.3311
80.4990 110.4391
80.4272 110.4542
80.4846 110.3429
80.5423 110.4771
80.5919 110.2639
80.5261 110.4279
80.4765 110.4436
80.4851 110.3814
80.5480 110.3757
80.4966 110.3735
80.5616 110.5065
80.4631 110.5224
80.5433 110.4289
80.4047 110.4407
80.5665 110.3793
80.4735 110.4687
80.5829 110.4949
80.5769 110.4363
80.4614 110.4397
80.5051 110.4693
80.4966 110.4378
80.2120 110.4751
80.2840 110.4547
80.3905 110.5906
80.5309 110.4682
80.4390 110.4890
80.5097 110.4107
80.4938 110.4340
80.4224 110.4364
80.4717 110.3806
80.4771 110.4004
80.5785 110.4337
80.5150 110.4753
80.4335 110.4932
80.5155 110.4258
80.4438 110.4650
80.4141 110.3765
80.5586 110.5483
80.4615 110.3863
80.6229 110.4394
80.4288 110.4504
80.5192 110.3604
80.4477 110.5368
80.2240 110.3958
80.2860 110.4473
80.3661 110.4193
80.4336 110.4231
80.3223 110.4750
80.3979 110.2707
80.3775 110.4195
80.3451 110.3744
80.4353 110.4484
80.4230 110.3195
80.2984 110.4103
80.2876 110.4068
80.4092 110.5582
80.3897 110.4349
80.3328 110.4627
80.2096 110.4494
80.4597 110.4062
80.1611 110.5354
80.2281 110.5193
80.2349 110.5351
80.2803 110.5286
80.1660 110.6210
80.3936 110.5078
80.2207 110.5763
80.1846 110.7074
80.3442 110.6350
80.5071 110.4704
80.3121 110.3785
80.3285 110.5831
80.3277 110.5126
80.3905 110.4251
80.3624 110.5109
80.4096 110.5449
80.1900 110.4635
80.4202 110.4103
80.3339 110.3772
80.2407 110.4110
80.4197 110.5082
80.3442 110.3816
80.6178 110.5350
80.4511 110.4186
80.3879 110.3735
80.6567 110.4385
80.6140 110.4166
80.4564 110.3723
80.4997 110.4256
80.4738 110.3912
80.5523 110.4347
80.5216 110.4302
80.4795 110.3804
80.5111 110.4157
80.4011 110.5346
80.5297 110.4226
80.5213 110.3646
80.4716 110.5086
80.4218 110.4908
80.5375 110.4082
80.4349 110.3904
80.5431 110.4098
80.5348 110.3783
80.4604 110.3942
80.4856 110.4678
80.4706 110.4553
80.5973 110.4595
80.5080 110.4425
80.5040 110.3655
80.5862 110.4858
80.5508 110.5490
80.4524 110.5064
80.6256 110.4783
80.6294 110.4944
80.5857 110.3690
80.4342 110.4418
80.5263 110.4825
80.5084 110.4333
80.4788 110.4911
80.4740 110.4709
80.4658 110.3755
80.7327 110.5081
80.8877 110.5651
80.7769 110.4861
80.9019 110.5162
80.9585 110.5221
81.0014 110.4818
80.8055 110.6073
80.8207 110.4533
80.8359 110.4756
80.8184 110.4781
80.8505 110.4900
80.7177 110.3611
80.8793 110.6376
80.8920 110.6210
80.9076 110.3926
80.9047 110.4999
80.8682 110.4538
80.9618 110.4164
80.7817 110.2177
80.5129 110.6854
80.8416 110.4869
80.9131 110.4636
80.9251 110.5238
81.0534 110.5520
80.7236 110.4791
80.8224 110.4870
80.8562 110.4157
80.9169 110.3724
80.7502 110.4720
80.8942 110.5785
80.8245 110.5627
80.8447 110.5507
80.7155 110.3904
80.8922 110.4887
80.8084 110.6065
80.8491 110.5980
80.8441 110.5324
80.7792 110.5477
80.6390 110.4070
80.6686 110.7902
80.6977 110.6374
80.5572 110.7262
80.5580 110.6497
80.5437 110.8348
80.6829 110.6723
80.6697 110.7778
80.6549 110.7405
80.6488 110.9703
80.6028 110.6596
80.7557 110.6333
80.6414 110.7351
80.5168 110.7004
80.6688 110.9227
80.5274 110.6214
80.6006 110.8394
80.5751 110.7967
80.5910 110.7759
80.5964 110.6699
80.7957 110.6939
80.5567 110.8046
80.7000 110.7262
80.6835 110.6094
80.7882 110.7145
80.7415 110.5677
80.6220 110.7676
80.7803 110.6123
80.6420 110.7342
80.7692 110.6492
80.7371 110.8935
80.6197 110.7430
80.7439 110.7745
80.6601 110.7381
80.8179 110.6841
80.8430 110.7799
80.6889 110.7188
80.8234 110.7595
80.8756 110.5743
80.6126 110.8896
80.6444 110.7858
80.6940 110.7081
80.7556 110.6953
80.6687 110.8010
80.7079 110.8390
80.7497 110.7597
80.8806 110.3475
80.8499 110.4731
81.0346 110.4802
80.8457 110.3233
80.9728 110.5174
80.9272 110.6359
80.8785 110.2902
80.8210 110.2330
80.8257 110.2123
80.8471 110.2467
80.8314 110.2455
80.8826 110.2125
