126.7246 95.4580
126.6429 95.3771
126.9045 95.5448
126.8184 95.5635
126.6778 95.3789
126.8544 95.4698
126.7216 95.3683
126.4492 95.3210
126.6708 95.1416
126.4912 95.0006
126.8267 95.0982
126.4706 95.1555
126.6852 95.2598
126.4673 95.1860
126.6316 95.0855
126.4780 95.2236
126.4973 95.3268
126.5578 95.2947
126.6016 95.1101
126.4628 95.2278
126.5067 94.9213
126.6237 95.0239
126.6835 95.1938
126.4999 94.9939
126.6156 95.5195
126.5546 95.3123
126.4761 95.2785
126.6898 95.2344
126.5507 94.9572
126.6495 95.0677
126.6892 95.1701
126.7455 95.1013
126.6645 95.1400
126.7333 95.0813
126.6770 95.0852
126.7751 95.0697
126.6891 95.0487
126.6707 95.1259
126.7886 95.0761
126.7653 95.1235
126.8258 95.1033
126.7428 95.1143
126.7323 95.1385
126.6296 95.1036
126.7182 95.1292
126.8299 95.0086
126.7827 95.0583
126.7728 95.0398
126.6888 95.0720
126.6619 95.0519
126.7952 94.9947
126.7554 95.0259
126.7291 95.0996
126.7631 95.0686
126.6396 95.1193
126.6961 95.1406
126.6764 95.1166
126.6528 95.0306
126.8983 95.0565
126.6199 95.0456
126.7825 95.0508
126.6444 95.1778
126.5373 94.9880
126.8472 95.0467
126.7549 94.9965
126.8607 95.0265
126.6833 95.0288
126.7465 95.0213
126.7887 95.1085
126.5987 95.0518
126.8770 95.0314
126.7412 95.2501
126.8010 95.1106
126.6977 95.0374
126.8353 95.0559
126.8082 94.9305
126.7782 94.8135
126.7400 95.1392
126.7432 94.9859
126.6544 94.9026
126.7902 95.1955
126.7430 95.0927
126.9304 95.0518
126.8018 95.0518
127.0039 94.9393
126.7169 94.9130
126.6521 95.0128
126.7845 94.9272
126.7401 94.9903
126.6915 94.8141
126.7685 95.1071
126.8827 95.0206
126.6982 94.9533
126.5764 95.0635
126.8245 94.9384
126.5585 95.1562
126.8630 95.1292
126.4991 95.1393
126.8024 95.1390
126.6974 95.0830
126.6744 94.8884
126.7034 95.0514
126.7916 94.7642
126.5960 95.0552
126.8429 95.1856
126.5659 95.2426
126.7272 94.8740
126.9051 94.9234
126.8013 95.1064
126.4707 95.2132
126.8439 95.0853
126.7637 95.1332
126.7992 94.9951
126.9539 94.8981
126.7701 95.0636
126.8374 95.1195
126.7518 95.0674
126.7224 94.9696
126.7943 94.8900
126.7260 94.8595
126.7208 94.9545
126.8034 95.2055
126.6684 95.1235
126.8524 95.1556
126.6563 95.0840
126.8194 95.0201
126.7663 95.1650
126.5933 95.2138
126.6957 95.0238
126.5445 95.1941
126.7657 95.1253
126.7949 95.0938
126.7460 95.0145
126.9390 95.2079
127.0933 95.1777
127.1675 95.2632
127.0756 95.3199
127.1348 95.5131
127.2199 95.4860
127.3025 95.3246
127.1819 95.2459
127.0834 95.1862
127.1268 95.2172
127.1203 95.2107
127.0886 95.1610
127.1626 95.2046
127.1777 95.2219
127.0781 95.2473
127.0933 95.1838
127.1837 95.2179
127.1501 95.2419
127.1307 95.1802
127.0974 95.2557
127.0480 95.2081
127.0723 95.2910
127.1338 95.1836
126.7859 95.2645
126.8854 95.3016
127.0977 95.4219
127.0560 95.4068
126.9680 95.2525
126.8053 95.4645
126.8038 95.6236
126.8527 95.2904
126.7097 95.5128
126.9384 95.2417
126.8991 95.4202
126.9588 95.3283
127.0077 95.3352
126.8321 95.4259
126.7822 95.5201
126.9613 95.4542
126.9424 95.4394
126.9279 95.3308
126.7973 95.3287
126.9393 95.2244
126.9363 95.3081
127.0069 95.4373
126.9177 95.2528
126.7710 95.4852
126.9785 95.5419
126.8195 95.3551
126.9609 95.3875
126.9311 95.2943
126.6760 95.2310
126.8171 95.3431
126.8571 95.3624
126.8274 95.4444
126.7630 95.2335
126.9977 95.3550
126.9556 95.2631
126.9620 95.2458
126.8451 95.3549
126.8632 95.3709
126.7893 95.2650
126.7810 95.3916
126.9809 95.4417
126.8500 95.3744
126.9342 95.3407
126.7916 95.3959
127.0298 95.2583
126.9206 95.3692
126.6823 95.3477
126.9155 95.3601
126.9122 95.4340
126.9433 95.2202
126.7368 95.5178
126.9378 95.3265
127.0880 95.3134
126.9493 95.3879
126.8906 95.2688
126.7999 95.4268
126.8681 95.4739
126.7800 95.2596
126.7322 95.4725
126.8739 95.4078
126.7385 95.2640
126.9038 95.4201
126.9095 95.4555
126.7107 95.5027
126.7940 95.4496
126.9386 95.4105
126.8587 95.3229
126.8106 95.3707
126.8520 95.6273
127.0179 95.4741
127.0943 95.3855
127.0915 95.4686
127.0281 95.5499
126.8811 95.3291
126.8492 95.4099
126.9634 95.3765
126.7628 95.5458
126.9514 95.3652
126.7085 95.2788
126.9914 95.4557
126.9363 95.3735
126.9575 95.3590
126.9347 95.3958
126.9898 95.2712
126.9411 95.3877
126.7822 95.2753
126.9542 95.3554
127.0511 95.3695
126.8698 95.4202
126.7024 95.5523
126.9816 95.3013
126.7143 95.4820
126.8227 95.2472
126.8654 95.3385
126.9493 95.4182
126.9344 95.2616
126.9119 95.5257
126.9734 95.3863
127.0123 95.3293
126.6948 95.4103
126.7876 95.4128
126.8092 95.5418
126.9929 95.3723
126.9215 95.3484
126.8017 95.3998
127.0083 95.3609
126.8620 95.3705
126.9789 95.4566
126.9701 95.3287
126.8914 95.3270
126.8761 95.3863
126.8205 95.3656
126.7871 95.4279
126.9564 95.3329
127.0089 95.5004
126.9801 95.2228
126.8150 95.3260
126.9322 95.2989
126.8636 95.3836
126.8374 95.4714
126.7668 95.5491
126.9842 95.3630
127.1317 95.3667
127.0859 95.4239
127.1353 95.3845
127.1173 95.4592
127.0923 95.3994
127.0479 95.3496
127.0725 95.3744
127.1618 95.4806
126.9855 95.3607
127.0774 95.3500
127.1021 95.3503
127.1190 95.3792
127.1140 95.4431
127.1088 95.4298
127.0333 95.4020
127.0327 95.3821
127.0139 95.4622
127.0822 95.3948
127.0356 95.4032
127.1010 95.3564
127.0871 95.4270
126.9390 95.4730
127.1573 95.4292
127.1103 95.3896
127.0594 95.3706
127.0759 95.3518
127.1233 95.3705
127.0972 95.3374
127.0955 95.4044
127.1105 95.4637
127.0419 95.3763
127.0902 95.4147
127.1346 95.4274
127.0834 95.4346
127.0624 95.4233
127.1244 95.4448
127.0798 95.4040
126.9804 95.3531
126.8852 95.1319
126.8965 95.0359
126.9708 95.0031
126.6276 95.1111
126.9003 95.0295
126.7746 95.0486
126.7907 94.9846
126.8313 95.0763
126.9692 95.1050
126.8508 95.0997
126.8133 95.1245
126.9812 95.1960
126.8089 95.0664
127.0466 95.0641
127.1432 95.1552
127.1881 95.2134
127.0047 95.2465
127.0424 95.2548
127.1691 95.0552
127.1300 95.1577
127.2524 95.2296
127.1200 95.0553
127.1345 95.0816
127.0263 95.1724
127.0168 95.1598
127.0760 95.0751
127.0749 95.2381
127.1996 95.1717
127.1212 95.1600
126.9972 95.1154
127.1005 95.1181
126.9654 95.0841
126.9705 95.1853
127.2256 95.1664
126.9999 95.2145
127.1489 95.0225
127.0158 95.2521
127.0476 95.0645
126.9842 95.2752
127.1923 95.0678
126.8932 95.3813
126.8239 95.3596
126.9279 95.2909
126.9087 95.2555
127.0595 95.2292
126.8627 95.4918
127.1578 95.2259
127.0792 95.2158
127.0911 95.1876
126.9772 95.1553
127.1281 95.1570
127.3188 95.0320
127.2607 95.2656
127.0900 95.2291
127.1079 95.1869
127.0894 95.2244
127.3714 95.2752
127.3835 95.1117
127.3631 95.0743
127.4057 95.1417
127.3298 95.2043
127.3119 95.2163
127.3114 95.1025
127.0326 95.3347
127.0468 95.4816
127.3218 95.2493
127.0047 95.2512
127.1714 95.2130
127.0420 95.2433
127.0075 95.2231
127.0651 95.3029
127.2188 95.3076
127.0062 95.2396
127.0252 95.2460
127.1241 95.2973
127.1586 95.0954
127.0078 95.2096
127.0747 95.2748
127.2209 95.1649
127.0752 95.2277
127.1304 95.1895
127.1543 95.2328
127.0638 95.1835
127.0563 95.3462
127.2897 95.1243
127.3727 95.0225
126.8653 94.9541
126.7812 94.8668
126.6892 94.9075
126.8712 95.0688
126.8218 95.1276
126.8902 95.0082
126.8281 95.0748
126.8428 95.0959
126.7595 95.0046
126.8153 95.0707
126.6647 95.0053
126.7243 95.0058
126.7678 95.0300
127.0426 95.0195
126.8762 94.9361
126.7679 94.9588
126.8074 94.9083
126.8357 95.0433
126.8349 94.8678
126.7304 94.9871
126.8216 94.9186
126.7231 95.0389
126.7905 95.0887
127.1835 95.3234
126.8750 95.2447
126.8758 95.2997
126.8699 95.3106
127.0185 95.2674
127.0972 95.3553
126.9397 95.3543
126.9826 95.2659
126.7347 95.1851
126.9965 95.5590
126.7441 95.3254
126.7426 95.3112
126.8753 95.4345
126.8338 95.4033
126.8361 95.4281
126.8669 95.3870
126.8635 95.3269
126.8794 95.4318
126.8928 95.2857
126.8948 95.4378
126.8195 95.4169
127.0254 95.3305
127.0299 95.3870
126.7793 95.3044
126.8479 95.3558
126.8306 95.5112
126.8200 95.5109
126.9173 95.4635
126.9287 95.2092
126.7561 95.2424
126.9794 95.4364
126.7453 95.4207
126.9026 95.5432
126.8420 95.4983
126.7425 95.4665
126.8995 95.4919
126.9593 95.4080
126.9834 95.3277
126.8718 95.3703
126.8308 95.5680
127.0023 95.3717
126.9307 95.3555
126.9044 95.3592
126.8127 95.2457
126.9508 95.3075
127.0278 95.3940
126.9294 95.4012
126.9451 95.4105
126.8514 95.3873
126.9575 95.4675
126.8816 95.2252
126.7744 95.3920
127.1988 95.3621
126.7005 95.3659
126.9656 95.4381
127.1401 95.3620
127.1385 95.2231
127.2240 95.2384
127.1945 95.2317
127.1249 95.2857
127.1208 95.1341
127.1516 95.1691
127.1098 95.2089
127.2243 95.1427
127.1024 95.1103
127.0499 95.1557
127.0426 95.2113
127.0315 95.3304
127.1189 95.1411
127.0571 95.2397
127.1393 95.1560
127.0761 95.3054
127.0362 95.2337
127.2262 95.2572
126.9071 95.3693
127.1333 95.1502
127.1390 95.3625
127.1307 95.2865
126.9672 95.1151
127.1700 95.2159
126.8865 95.1090
127.0487 95.1821
127.1951 95.2689
127.0513 95.1918
127.1501 95.2173
127.0535 95.2041
127.0901 95.1936
127.0475 95.2261
127.0989 95.1873
127.0775 95.1986
127.1186 95.2186
127.1613 95.1838
127.0683 95.2400
127.0617 95.1704
127.0812 95.2325
127.1412 95.2445
127.0414 95.1655
