5.2559 113.5697
4.8345 113.4793
4.8854 113.5083
5.0576 113.5924
4.8829 113.6215
4.9621 113.6787
5.0542 113.6207
4.8344 113.5875
4.8355 113.5169
4.9265 113.7687
4.6517 113.8048
4.9540 113.7399
4.9507 113.6448
4.9973 113.6830
5.1356 113.6406
4.9476 113.7496
4.7713 113.6748
4.9048 113.5469
4.9980 113.5836
4.9239 113.6183
4.9016 113.7263
4.8705 113.7085
4.7543 113.8981
4.8282 113.7489
4.8397 113.8487
4.7502 113.5802
4.8947 113.7668
4.7890 113.6573
4.7964 113.6183
5.0997 113.7164
4.6768 113.6206
4.9478 113.6634
4.6678 113.4777
4.8763 113.6387
4.7387 113.8423
4.7399 113.8634
4.8391 113.2273
4.8097 113.1790
4.9466 113.2378
4.9291 113.3271
4.9397 113.1419
5.0494 113.1066
4.8457 113.4093
5.1146 113.2387
4.9837 113.3629
5.0879 113.1173
5.0873 113.2788
4.9933 113.2383
4.9201 113.4759
5.3400 113.2192
5.2355 113.4682
5.3867 113.6097
5.5116 113.3694
5.2239 113.6183
5.4666 113.6062
5.2611 113.4268
5.2627 113.5139
4.9821 113.5021
5.4166 113.4842
5.3756 113.4466
5.3925 113.4629
5.1655 113.4860
5.0807 113.6058
5.2745 113.4825
5.0033 113.7260
5.3767 113.4943
5.0958 113.4714
5.1426 113.6112
4.9358 113.5672
5.0793 113.6680
5.2435 113.4841
5.0744 113.2141
5.0432 113.3266
5.0332 113.4506
5.1269 113.2850
5.0402 113.2409
5.1023 113.2121
5.0971 113.1815
5.0188 113.2521
5.1069 113.2356
5.0933 113.2256
5.0767 113.2094
4.9584 113.3262
5.1198 113.1897
4.9877 113.2631
5.0845 113.4158
5.0866 113.2906
5.0923 113.3060
5.0982 113.3791
4.9993 113.1552
5.0105 113.3146
4.9351 113.2670
5.0930 113.4535
5.0242 113.3480
5.1074 113.2360
5.0885 113.1895
4.9452 113.3314
5.1598 113.2776
4.9247 113.2625
5.0933 113.2614
5.0910 113.2752
5.1793 113.2597
5.0713 113.1754
4.9583 113.1836
4.9339 113.2449
5.0559 113.3132
5.1645 113.3235
5.1397 113.2431
5.0608 113.1780
5.2221 113.4660
5.2413 113.3250
5.3109 113.4456
5.3259 113.4393
5.1109 113.4826
4.9400 113.6497
4.9293 113.4701
5.2162 113.4330
5.3316 113.4595
5.0253 113.1312
5.1673 113.3303
5.0663 113.6169
4.9407 113.6855
5.0215 113.6715
5.0787 113.4751
4.9891 113.6213
5.0002 113.5669
4.9187 113.5614
4.8800 113.5205
4.9376 113.5269
5.0657 113.5958
4.8255 113.6452
5.1236 113.7346
5.0552 113.6828
5.1433 113.4990
5.0259 113.4346
5.0260 113.4922
4.9028 113.4761
4.9297 113.6080
5.0950 113.4809
4.8748 113.6877
5.0281 113.4940
5.0213 113.5973
4.9397 113.5220
4.9261 113.6108
4.9643 113.6062
5.0046 113.4760
5.1552 113.5791
4.9791 113.5252
5.0576 113.5853
5.0284 113.5261
4.8831 113.5732
4.8985 113.4777
5.1331 113.6541
4.9723 113.5804
5.0745 113.6252
4.9873 113.5249
5.0923 113.4273
4.9693 113.6960
5.0534 113.5927
5.0212 113.6446
4.9195 113.3581
4.9136 113.6273
5.0026 113.6107
5.0744 113.5789
4.8608 113.6995
4.9102 113.5876
4.8539 113.4816
5.0588 113.5821
4.8801 113.5846
5.0100 113.5201
4.9506 113.7351
5.0118 113.6106
5.1334 113.5881
5.1335 113.5466
4.9819 113.6702
5.0360 113.6632
5.0347 113.5110
4.9938 113.6368
5.0809 113.4249
5.0269 113.6081
4.9889 113.3324
4.8856 113.5747
4.9701 113.6761
4.9888 113.5720
4.9743 113.5604
4.8573 113.6487
4.8911 113.5315
4.9897 113.5990
5.0211 113.5288
4.9600 113.4982
5.0956 113.5766
4.7926 113.4932
4.9713 113.5646
5.0053 113.5222
4.9556 113.7417
4.8265 113.3771
5.0293 113.4855
4.9289 113.4756
4.9312 113.5640
4.9654 113.5782
4.9658 113.6705
5.1136 113.3391
5.3154 113.9211
4.7954 113.4125
4.8813 113.6306
4.8910 113.5155
4.9203 113.7087
4.9110 113.3317
4.8911 113.5835
5.0485 113.6679
4.9631 113.7252
5.1250 113.5467
5.0541 113.5834
