99.7562 34.0008
99.7999 34.1510
99.5991 34.0265
99.8257 34.3655
99.7164 34.2317
99.7551 34.1276
99.8192 34.1117
99.9467 34.3197
99.7781 34.3058
99.9529 34.2434
99.5199 34.0562
99.9010 34.1903
99.7938 34.1942
99.6082 34.3440
99.8642 34.1443
99.8694 34.2176
99.7623 34.3312
99.6362 34.1175
100.0138 34.0202
99.8053 34.2761
99.7257 34.0314
99.6369 34.2533
99.7430 33.9957
99.7387 34.2976
99.7457 34.3200
99.9719 34.3798
99.7944 34.3462
99.7727 34.3234
99.7362 34.4797
99.9358 34.1873
99.5858 34.2337
99.6801 34.2779
99.7347 34.2706
99.6112 34.3895
99.7648 34.2452
99.7818 34.3066
99.6809 34.2496
99.6661 34.2264
99.9906 34.5337
99.7391 34.1510
99.6904 34.4835
99.7906 34.3114
99.5165 34.1577
99.7767 34.2413
99.7179 34.3447
99.7360 34.1106
99.7679 34.3541
99.6913 34.2828
99.7809 34.1989
99.7310 34.2846
99.5906 34.3097
99.9169 34.5461
99.6437 34.3477
99.8354 34.1520
99.7218 34.3412
99.7178 34.4485
99.7818 34.3943
99.9680 34.5780
100.0708 34.6283
99.8422 34.5397
100.1269 34.2121
99.7586 34.0270
100.1447 34.2761
99.8758 34.0508
99.9856 34.2529
100.1079 34.2103
100.2320 34.1620
100.0622 34.1243
100.2521 34.3710
100.0695 34.2545
100.1563 34.3124
100.0333 34.4007
99.9515 34.1934
100.2279 34.5740
99.9574 34.4636
100.2389 34.2163
100.0060 34.3731
100.2179 34.3119
99.9549 34.3102
100.0385 34.4189
100.0830 34.3430
99.8473 34.4132
100.0726 34.2823
100.0013 34.3810
100.0578 34.4963
100.1646 34.5523
99.8649 34.4787
100.1004 34.4986
100.2172 34.4274
100.1619 34.4926
99.8887 34.2405
100.1281 34.3553
100.1102 34.2069
100.2231 34.2134
100.3222 34.2443
100.1961 34.6242
99.9096 34.1247
100.2379 34.2139
100.1206 34.4905
100.1448 34.4265
100.2036 34.6098
100.2157 34.3175
100.0330 34.2302
99.9000 34.0325
99.9252 34.1370
99.9342 34.2482
99.7499 34.1533
99.9155 34.2072
100.0423 34.1996
99.8857 34.3646
99.9672 34.1622
100.0632 34.3072
99.8285 34.1773
99.9523 33.9628
100.0571 34.0461
100.0764 34.0746
99.7627 33.9798
99.9930 34.1219
99.8257 34.3207
99.8728 34.1351
99.8000 34.2604
99.7969 34.2885
99.7685 34.2380
99.7033 34.2198
99.8447 34.2905
99.7910 34.2606
99.9170 34.3358
99.8524 34.3156
99.8418 34.3513
99.8930 34.3750
99.8504 34.1578
99.5965 34.0933
99.6975 34.0743
99.5640 34.3860
99.7920 34.4282
99.6282 34.1602
99.6277 34.2648
99.8388 34.2791
99.7002 34.2767
99.8034 34.4384
99.7976 34.2254
99.9327 34.3815
99.7921 34.2692
99.7851 34.3719
99.8986 34.3145
99.6551 34.2160
99.8609 33.9845
99.6661 34.2562
99.7878 34.3373
99.5980 34.3411
99.7170 34.3467
99.6269 34.1240
99.8271 34.4051
99.6808 34.3423
99.5336 34.2431
100.0136 34.2501
99.7429 34.3545
99.6826 34.1086
100.1067 34.0535
100.0176 33.9519
100.0049 33.9480
99.9686 34.0359
99.9847 33.8966
99.9717 34.0009
100.1679 34.0801
100.0928 33.9694
100.0752 34.0314
100.1208 34.0443
99.9093 34.0211
99.9605 34.0707
100.0672 34.0257
100.0529 34.0433
100.2227 34.0647
100.0537 33.8877
99.9675 33.9638
100.1248 34.0895
100.0644 33.9937
100.0304 34.0870
100.0260 34.0571
100.2030 34.3631
100.2420 34.4930
99.9873 34.0922
100.0675 34.3693
100.2087 34.2209
100.1857 34.3627
100.0817 34.2007
100.1733 34.1459
100.2579 34.3625
100.3095 34.2277
100.1769 34.0906
100.3715 34.2098
100.2677 34.2132
100.1273 34.2616
100.1879 34.1852
100.2101 34.3759
100.0783 34.3535
100.1495 34.5097
100.1125 34.2806
100.2912 34.3250
100.2869 34.1069
100.2672 34.3733
100.2107 34.2475
100.2160 34.2721
100.1596 34.4677
100.0479 34.2925
100.1387 34.2763
100.3289 34.2709
100.0999 34.3172
100.2671 34.1964
100.0159 34.3467
100.0820 34.2749
100.0518 34.6544
100.1144 34.4563
100.2792 34.1364
100.0912 34.3926
100.1410 34.4386
100.1724 34.3428
100.1371 34.3156
100.2695 34.3079
99.9616 33.9522
99.8983 33.7740
100.0190 34.0947
99.9604 34.0124
100.0993 33.9884
100.1549 34.1337
100.1565 34.0140
100.1726 33.8731
99.9240 33.9930
100.1455 33.9078
100.0987 33.8200
100.0940 33.8808
100.0551 33.8903
100.1841 34.1666
100.0596 33.8655
100.1649 33.9606
100.0014 34.1620
100.0433 33.8869
99.9072 34.0140
100.0521 33.8802
100.0712 34.0982
100.0728 33.9918
100.1336 34.0039
100.0625 33.9253
100.0823 33.9878
100.0897 33.8865
99.9859 34.2258
99.8044 33.9022
99.9608 34.0676
100.2227 33.9969
100.0651 33.8612
99.8887 33.8814
100.0110 33.8650
100.0010 33.8202
100.1097 33.8774
99.9867 34.1707
99.8172 33.8560
100.0626 34.0135
100.1303 33.8109
99.9149 34.0357
100.0545 33.9172
99.9360 33.9566
100.1809 34.2174
100.2220 34.0844
100.1569 34.1657
100.0756 33.9704
99.8854 34.1149
99.9457 34.0186
99.9302 34.0820
99.9729 33.8596
99.9636 34.0460
99.9034 33.8784
99.9713 34.0429
100.0031 33.8400
99.8697 33.9811
100.1553 33.9689
100.0816 33.8958
99.9601 34.0045
100.0113 33.8308
100.0820 34.1831
100.3317 34.3120
100.2004 34.4537
100.2971 34.2892
100.3459 34.4704
100.0841 34.4485
100.2333 34.2975
100.1741 34.3319
100.0869 34.4015
100.3068 33.9889
100.1050 34.3520
100.1377 34.4049
100.1091 34.4139
100.2747 34.4899
99.9967 34.1683
100.1582 34.4023
100.3700 34.2258
100.1688 34.3001
100.3196 34.3745
100.0876 34.3470
100.0559 34.5136
100.1063 34.3252
100.3279 34.4756
100.2688 34.2519
100.2836 34.2063
100.3306 34.4809
100.1853 34.1262
100.2109 34.3125
100.0097 34.3870
100.3103 34.2961
100.1190 34.3523
100.2087 34.2722
100.3015 34.3918
100.0614 34.3843
100.1809 34.4060
100.2894 34.3708
100.1645 34.2645
100.2537 34.4658
100.2850 34.3006
100.2917 34.3664
100.2412 34.3212
100.0912 34.3935
100.3589 34.0635
100.2258 34.1932
100.3220 34.3801
100.1550 34.3088
100.1656 34.3635
100.2893 34.1921
100.2152 34.2320
100.0636 34.5707
100.1344 34.3491
100.3715 34.3484
100.0255 34.4153
100.1849 34.2075
100.1849 34.3022
100.3350 34.1633
100.0765 34.2132
100.0937 34.4330
100.1680 34.3466
100.1018 34.4443
100.1979 34.2504
100.1424 34.2423
