60.8179 146.0269
60.7993 146.3028
60.9139 146.0599
60.8584 145.9256
60.8195 145.9323
60.9869 145.8985
60.8697 145.9288
60.8898 145.9108
60.8582 145.7610
60.8845 145.9258
61.2612 145.8655
61.1231 145.9827
60.8669 146.2063
60.5427 145.7997
60.4937 145.8442
60.5477 145.8553
60.5147 145.8839
60.5406 145.7952
60.4482 145.8297
60.5354 145.7710
60.6565 145.7968
60.6045 145.7720
60.4931 145.7805
60.5822 145.8690
60.5572 145.8333
60.6374 145.8277
60.6555 145.8150
60.5442 145.7861
60.6186 145.8494
60.6309 145.7991
60.6232 145.7825
60.6802 145.9002
60.5623 145.7012
60.5807 145.8650
60.6230 145.9020
60.5237 145.8326
60.5937 145.7296
60.5313 145.8861
60.6474 146.2762
60.6103 146.2168
60.8069 146.1584
60.5416 146.1834
60.7909 146.3092
60.6107 146.1916
60.4579 146.1620
60.7802 146.2510
60.8719 146.0629
60.6187 146.1984
60.5721 146.2337
60.6890 146.1668
60.6762 146.2002
60.6668 146.1926
60.7341 146.1964
60.7378 146.0884
60.8751 145.8641
60.9318 145.9553
60.8908 146.0866
60.9778 145.8984
60.8648 145.8657
60.7187 145.9415
61.0392 146.0018
60.8787 145.9191
60.8539 145.9765
60.8763 145.9469
60.8385 146.0926
60.6495 146.2762
60.7435 146.2139
60.6820 146.3129
60.6590 146.1378
60.6332 146.1350
60.8919 146.2470
60.5492 146.0339
60.6191 145.9030
60.5727 145.8668
60.6042 145.8656
60.6645 145.8837
60.5816 145.8426
60.6231 145.9971
60.5622 145.8473
60.4919 145.9009
60.9716 145.9431
60.8655 146.0760
61.0104 145.9084
60.9843 146.0907
60.9797 146.0310
60.8715 145.9589
60.8652 146.0185
60.9234 146.0339
60.9139 146.0317
61.1529 146.1019
