141.4391 100.0669
141.0835 99.9414
141.0571 99.5944
141.0413 99.9398
140.9172 100.1467
141.0742 100.2330
141.3571 100.1255
140.8608 100.2530
140.8564 100.2350
140.8579 100.2794
140.7960 100.0366
140.9554 100.1638
140.7362 100.1224
140.8977 100.3038
140.8947 100.2022
140.7234 100.1751
141.1491 100.1143
141.0853 100.1244
140.8587 100.2070
141.2602 99.8362
140.9810 99.8700
140.9239 99.6569
140.9845 99.8257
140.8179 99.8425
141.1566 99.8853
140.8355 99.7993
140.8910 99.8760
141.0233 99.8784
141.1810 100.0148
141.0650 99.7713
141.1496 99.7668
140.9684 99.8321
140.8757 99.8195
141.0745 99.7227
140.9760 99.8199
140.9699 99.8524
141.0322 99.8154
141.1763 99.5952
140.8920 100.0786
140.8954 100.0936
140.9089 100.0921
141.0297 100.0858
140.9104 100.1997
140.8055 100.2736
140.8500 100.2412
140.7252 100.1821
141.0851 100.1979
140.9314 100.1224
140.8457 100.2843
140.9215 100.1625
141.0491 100.0221
140.9859 100.2434
140.9397 100.2636
140.9621 100.2626
140.8677 100.1068
140.8228 100.1655
140.8946 100.0960
140.8083 100.0698
140.9016 100.1010
140.8366 100.0794
140.8352 100.0192
140.8218 100.1783
140.9167 100.1464
140.8642 100.1548
140.8627 100.1396
140.8685 100.1455
140.8085 100.0997
140.8331 100.1496
140.8614 100.1815
140.9371 100.1163
140.8441 100.1081
140.8968 100.1648
140.7241 100.0037
141.1410 99.9795
141.1092 100.0001
141.2092 99.8547
140.6999 100.0929
141.0681 100.1408
141.0162 99.9938
140.9779 100.0036
141.0921 100.0464
140.7765 100.0437
140.9805 99.9547
141.0104 99.7280
141.0894 99.7382
140.9447 99.6688
140.8524 99.6913
140.9100 99.8406
140.8931 99.7412
141.3595 99.8114
141.0669 99.7516
140.9093 99.7857
140.8007 99.8170
141.2569 99.8534
141.0620 99.6578
140.9284 99.7113
140.8376 99.6968
141.0440 99.6989
140.9845 99.7652
140.8328 99.8879
141.1205 99.8149
140.8704 99.9751
141.0157 99.8604
140.9772 99.7219
141.1049 99.7017
141.0305 99.8996
141.0656 100.0632
141.0285 99.6929
140.9188 99.8384
141.0568 99.7653
141.0036 99.8995
140.9276 99.8970
140.9099 99.8287
141.0519 99.8784
141.1178 99.8087
141.0777 99.7313
141.1301 99.9465
140.9383 99.8968
141.2856 99.7363
141.1966 99.7836
140.9137 99.8071
140.9684 100.0047
141.0099 99.7838
140.8874 99.9809
141.0404 100.0185
140.8923 99.8967
140.9135 99.9286
140.9740 100.0204
140.9169 99.9598
140.9763 99.9835
141.0263 100.0005
140.9202 100.0616
140.9845 99.9634
140.9289 99.8884
140.9610 100.0587
141.0883 100.0406
141.1126 99.9333
141.0179 99.8857
141.0017 100.0627
140.9305 99.9212
140.9649 100.0372
140.9057 100.0323
141.0348 99.9604
141.0565 99.8404
140.8342 99.7712
141.1311 99.9567
141.0737 99.8161
141.0699 99.7171
141.1317 99.7294
140.8561 99.6609
140.9025 99.7941
141.1904 99.9246
141.0053 99.8191
141.0428 99.5764
141.0550 99.8668
141.0533 99.8423
140.8477 99.7379
141.0669 99.8578
140.9464 99.7721
141.1497 99.7626
140.8185 99.8293
141.1920 99.8811
140.9242 99.7138
141.0671 99.7551
141.0556 99.8054
141.2106 99.6390
140.9939 99.7637
141.0094 99.7675
140.9162 99.8098
141.1010 99.8829
141.0428 99.8680
141.0816 99.9645
140.9660 99.9256
141.0596 99.6438
141.0382 99.7300
140.8389 99.6803
141.1520 99.8844
141.1400 99.7249
141.0195 99.6711
141.0841 99.9278
140.9299 99.8387
141.0867 99.7983
141.0555 99.8226
140.9326 99.8391
140.9883 99.8701
140.9402 99.8428
141.0511 99.8305
140.9782 99.8283
141.0090 99.8306
141.0036 99.7668
141.0316 99.8044
140.9329 99.8357
141.0469 99.8479
141.0105 99.7720
141.0223 99.7948
140.9347 99.8944
140.9554 99.8363
141.0179 99.8510
141.0465 99.7885
141.0199 99.7950
140.9640 99.7889
141.0287 99.8634
140.9352 99.7850
140.9891 99.8313
140.9909 99.8686
140.9837 99.8619
141.0018 99.9403
140.8782 99.7723
141.0015 99.9228
140.8888 99.6652
140.9644 99.7306
140.9299 100.1082
140.9241 100.1490
140.9328 100.1160
140.9014 100.0690
140.9682 100.1680
140.9236 100.0998
140.9778 100.1695
140.9804 100.1202
140.9561 100.1112
140.9960 100.0482
140.9709 100.1320
140.9668 100.1086
140.9095 100.0972
140.9338 100.0850
141.4154 100.1054
141.3831 99.9225
141.4012 99.9533
141.2684 99.8517
141.3093 100.0200
141.4900 99.8654
141.4929 100.0119
141.4694 99.7977
141.3683 100.0018
141.1850 99.9670
141.5129 99.9760
141.2049 99.9174
141.6307 99.9613
141.1555 100.1059
141.4325 100.0610
141.2679 100.0868
141.1743 100.1344
141.2057 99.9722
141.3184 100.1354
141.4473 100.0506
141.2939 99.9907
141.3334 100.1103
141.4020 100.0755
141.3587 100.0712
141.4984 100.1479
141.2526 100.1177
141.2831 100.0578
141.2701 100.1674
141.2934 100.0132
141.3243 100.1403
141.2254 100.2196
141.3991 100.2556
141.2242 100.1297
141.4052 100.1268
141.2128 100.0721
141.2984 100.0976
141.0782 100.1655
141.0579 100.1862
141.3437 100.2550
141.2027 100.0890
141.0886 99.9678
141.0458 100.0160
141.0451 100.0524
141.0730 100.0149
141.0663 100.2031
140.8854 99.9642
141.1615 99.9676
141.0153 100.1461
140.8493 100.0217
141.1138 100.0870
141.1234 100.0438
140.8732 100.1197
140.9297 100.0329
141.0162 100.1115
140.9123 100.0458
141.0513 100.2621
141.3668 99.8538
141.1345 100.0663
141.2019 99.9613
141.5264 100.0023
141.5790 100.0839
141.2338 100.2007
141.2300 100.2897
141.2570 99.9787
141.1639 100.0343
141.3254 100.0707
141.3164 99.9500
141.3334 100.0687
141.4193 100.0324
141.4831 99.9858
141.4560 100.0386
141.3846 100.3353
141.3057 100.1761
141.3201 100.0731
141.2806 100.0528
140.9757 100.1321
140.8882 100.2444
141.1236 99.6387
141.1639 99.8100
141.0518 99.5713
141.0573 99.7413
141.0377 99.7214
141.0237 99.7564
141.0450 99.5862
141.1420 99.8501
141.1517 99.8497
141.1121 99.7960
141.0979 99.7174
141.0055 99.7518
141.0441 99.7298
141.0363 99.9442
140.8395 99.7295
141.1065 99.8226
141.0100 99.7599
140.9011 99.7949
140.9773 99.7640
141.0324 99.9177
141.1440 99.8682
140.9614 99.8776
141.1180 99.9163
140.8916 99.7466
141.0545 99.7637
141.0037 99.8562
140.9628 99.9130
141.1096 99.8726
141.0215 99.7447
141.1600 99.8366
141.1243 99.8217
141.1400 99.7196
141.2478 99.8296
141.2045 100.0444
141.1166 99.8962
141.2409 99.7664
141.1601 100.0057
141.1227 99.9346
140.9051 99.9176
141.0945 99.7810
140.8852 99.6403
140.9694 99.7817
141.4666 99.9212
140.9663 100.1100
141.3681 100.0193
141.1624 99.8141
140.7823 99.8550
140.9142 99.8835
141.1593 100.0656
140.9271 100.2074
140.9343 100.1022
140.9112 100.0392
140.8547 100.2122
140.8677 100.4041
140.7744 100.0039
141.0404 100.2321
141.1788 100.0737
141.4713 99.8520
141.1340 99.8072
141.1696 99.9496
141.2436 99.8163
141.1036 99.8297
141.1240 99.8485
141.1245 99.9391
141.2074 99.7939
141.1855 99.8132
141.0475 99.8387
141.1605 99.7406
141.1084 99.6957
140.9530 99.8479
141.2065 99.7594
141.1744 99.9076
141.1217 99.8504
141.0344 99.7966
141.0382 99.8527
141.0679 99.9459
141.0103 99.8566
140.9389 99.8495
141.0336 99.7632
141.0677 99.6909
141.1033 99.8362
141.0367 99.7674
141.1683 99.7555
141.0215 99.9874
141.0070 99.6021
141.0996 99.7802
141.0696 99.8782
141.1587 99.8588
141.1832 99.8138
141.0645 99.8514
141.1521 99.8462
141.0730 99.8729
141.0239 99.9020
141.0379 99.7550
141.2383 99.7431
141.0050 99.8897
141.0850 99.7807
140.9040 99.8001
141.0074 99.9758
141.1024 99.9069
140.9913 99.7011
140.9707 99.9956
141.1279 99.8236
141.1357 99.8070
141.0089 99.7961
141.3432 100.0002
140.8880 99.8784
141.0245 99.7732
141.0202 99.8395
141.1068 99.7673
141.0837 99.8206
141.0279 99.9296
141.2224 99.9423
141.0605 99.8971
141.2243 99.7130
141.0470 99.7056
140.9809 99.7734
141.0006 99.9258
141.2592 99.8012
141.2794 99.8845
140.9869 99.9265
140.8585 99.9361
141.0293 100.0184
141.0194 99.8288
141.0142 99.8923
141.0153 99.7150
141.2173 99.7294
141.0556 99.9639
140.8878 99.9826
141.1374 99.7830
140.8439 99.8212
141.0349 99.8911
140.9910 99.8126
140.9767 99.8089
141.1652 99.9342
140.9395 99.8025
141.0335 99.9586
141.0034 100.0478
140.9516 99.6270
141.3949 99.8420
141.1691 99.7708
141.0297 99.8316
141.0891 99.8392
141.0963 99.7545
141.0960 99.6242
140.9696 99.6727
141.0831 99.7181
141.0430 99.7377
141.0762 99.8914
141.1557 99.8597
141.1417 99.7471
141.1740 99.7204
141.1473 99.8754
141.0337 99.8652
141.1417 99.6146
141.1496 99.8108
141.2903 99.7996
141.1509 99.8818
141.1357 99.8113
140.9930 99.7921
140.9927 99.8370
141.0644 99.8819
141.2048 99.9339
141.0900 99.9957
141.1408 99.9299
141.0634 99.9070
141.2161 99.7850
141.2049 99.7018
141.1653 99.7850
141.0815 99.9069
141.0421 99.7933
141.1867 99.9017
141.1060 99.7929
141.0023 99.6200
141.1777 99.9349
141.0894 99.7346
141.0497 99.8091
140.9783 99.8893
141.0894 99.6756
141.0901 99.7281
141.1251 99.9045
141.0078 99.8040
141.0768 99.9426
141.1709 99.6744
141.0400 99.7763
141.0300 99.7484
141.0854 99.8329
141.0448 99.6756
141.1143 99.8215
141.0524 99.9862
141.0759 99.6611
141.0013 99.9367
141.0922 99.8164
141.1886 99.8384
141.0806 99.6902
141.0102 99.8507
141.1426 99.7934
141.1216 99.9657
141.1276 99.9097
141.1238 99.7675
141.0158 99.9466
141.0814 99.8917
141.1639 100.0322
141.2227 99.7980
141.1387 99.7552
141.0585 99.8569
141.0565 99.8803
141.0847 99.8946
141.2385 99.7323
141.0651 99.8504
141.0902 99.8606
141.1373 99.7786
141.0360 99.7819
141.1652 99.7733
141.0970 99.8523
141.2649 99.6816
141.0002 99.6783
141.2820 99.7471
140.9901 99.7851
141.0381 99.6182
141.0463 99.7261
141.0779 99.7550
141.0925 99.8113
141.1258 99.7981
141.0314 99.7122
141.0652 99.9431
141.1137 99.8541
141.0704 99.9563
141.1671 99.9769
140.9461 99.8696
141.1599 99.8470
140.8683 99.7396
141.0931 99.8086
140.9671 99.8975
140.9870 99.9950
141.1875 99.8640
141.3106 99.8732
140.9912 99.7845
141.1554 99.8709
141.1308 99.7393
141.0073 99.8420
141.0196 99.9115
141.1920 99.9310
141.0804 99.9236
141.0462 99.8772
141.0704 99.9330
141.0504 99.9671
141.0771 99.8692
141.1508 99.8459
141.2894 100.1232
141.3924 100.0973
