44.1438 201.2564
43.9977 201.0722
43.8076 201.3561
43.6834 201.5446
43.9400 201.2951
43.9775 201.3471
44.0983 201.1714
43.9558 201.1961
43.9169 201.2647
44.1218 201.3132
43.9919 201.2157
43.8212 201.2912
43.7577 201.2157
43.6812 201.5165
44.0394 201.3468
44.1034 201.3434
44.1081 201.3990
44.0061 201.2983
43.8766 201.3276
43.9311 201.3037
43.9176 201.3993
44.2175 201.1050
44.3303 201.2802
43.8562 201.1046
43.8070 201.3950
44.1037 201.3220
43.8758 201.2543
44.0607 201.2486
43.7786 201.3461
44.0639 201.1371
44.3258 201.0817
44.0399 201.2692
44.0538 201.1798
43.8898 201.3548
44.3982 201.3952
44.4307 201.3350
44.4157 201.2148
44.1409 201.4885
44.4694 201.2600
44.2619 201.5373
44.3409 201.2038
44.2069 201.1657
44.2929 201.2870
44.5024 201.3726
44.2901 201.3137
43.9856 201.7035
44.0961 201.3395
44.3536 201.0867
44.4346 201.1895
43.7639 201.3978
44.3407 201.0850
43.8842 201.4729
44.0852 201.2356
44.0301 201.2496
44.0186 201.4003
43.7920 201.4742
43.7769 201.4366
44.0453 201.3667
43.8068 201.5327
43.8392 201.4289
43.8483 201.5100
43.8505 201.5743
44.0483 201.2197
44.0659 201.7335
43.9443 201.7910
43.8946 201.4410
44.2379 201.7536
44.3320 201.7488
44.1303 201.4636
44.2304 201.5449
44.1560 201.6428
44.4558 201.5500
44.2651 201.7017
44.2836 201.6055
44.2764 201.6009
44.0793 201.6464
44.1901 201.5144
44.1841 201.5959
44.2137 201.6035
44.1964 201.6377
44.2588 201.6474
44.2569 201.7131
44.2198 201.6571
44.1987 201.5707
44.1984 201.6454
44.0621 201.7813
44.4020 201.7965
44.1380 201.8720
43.9839 201.1226
44.2441 201.5964
44.2556 201.7751
44.5883 201.4400
43.8206 201.5190
44.0065 201.5760
43.9877 201.3850
44.0725 201.5368
43.8579 201.4661
43.8870 201.6208
43.9289 201.4625
43.9810 201.5738
44.3123 201.5971
44.2494 201.6336
44.1026 201.7021
44.2675 201.5857
44.0465 201.7267
44.1540 201.4621
44.3323 201.3073
44.1512 201.2989
44.3321 201.3628
44.3242 201.5179
44.1544 201.3118
44.2762 201.3369
44.2610 201.3959
44.0536 201.2579
44.4267 201.4082
44.3595 201.4553
44.2391 201.4144
44.3067 201.2747
44.3925 201.3898
44.2251 201.2281
44.2378 201.4224
44.4096 201.2512
44.2918 201.2173
44.1902 201.2643
44.4094 201.3681
44.1514 201.6173
44.3445 201.2710
44.4451 201.2458
44.4213 201.4322
