76.0127 95.9498
76.0543 96.0796
76.1399 96.0939
75.9405 96.1048
75.9589 96.1913
75.9581 96.0391
76.0473 96.1914
76.0118 96.1803
75.9075 96.0473
75.9657 96.1061
76.0071 96.0622
75.9316 96.1330
76.2174 96.0804
76.0022 96.1076
76.0243 96.2254
76.0778 96.0120
76.0760 96.0755
76.0126 95.9915
76.0590 96.1509
75.8944 96.0525
76.0788 96.1158
75.9250 95.9624
75.9183 96.1298
76.1580 96.2061
75.9990 96.0816
76.0718 96.1651
75.8976 96.1011
76.0331 96.1232
76.0319 95.9534
76.0175 96.0051
75.9292 96.1515
76.0704 96.0329
75.9130 95.9723
75.9043 96.1639
76.0601 96.0255
76.0177 96.0987
75.9849 95.9761
75.8919 96.1704
76.0880 96.3240
75.8978 96.1549
76.4889 95.9769
76.3811 95.8201
76.3894 96.0130
76.4841 96.1422
76.5602 95.9086
76.3846 96.0683
76.2979 95.9884
76.3968 95.9210
76.3873 95.9388
76.4196 95.9102
76.3303 95.8611
76.3549 96.0106
76.2826 95.9763
76.3202 95.8882
76.3531 95.9261
76.5205 95.7279
76.3734 95.8926
76.5029 95.8845
76.4441 95.9023
76.4274 95.8290
76.4197 96.0056
76.3747 95.8626
76.3576 95.8911
76.4375 95.8298
76.4918 95.9369
76.3723 95.9053
76.3831 95.9006
76.3545 95.8946
76.4444 96.0288
76.3107 95.8743
76.3153 95.9997
76.3669 96.0023
76.2956 95.9699
76.3884 95.8979
76.4369 95.9682
76.4493 95.9025
76.4287 95.9507
76.5013 95.9068
75.8336 96.2115
76.0379 96.0016
76.0697 96.0144
76.0280 96.1479
76.1200 96.1179
75.8878 96.0931
76.0806 96.1702
76.0561 96.1054
75.9218 96.1019
75.9590 95.9455
75.9909 96.0237
76.0501 96.0449
76.0779 96.0507
76.0613 95.9790
76.0748 96.0023
75.9790 96.1571
76.1326 96.0674
76.0082 96.0404
75.9869 96.0054
75.9556 96.0305
75.8640 96.1094
76.0045 96.0815
75.9473 96.0435
76.0162 96.1376
76.0096 95.8961
76.1301 96.0400
76.0534 96.0467
76.0306 96.0182
76.0788 96.0776
76.0128 95.9686
76.1168 96.0133
75.9865 96.0708
75.9885 96.0282
76.0857 95.9686
75.9886 96.0609
76.0008 95.9581
75.8954 96.0999
76.0610 95.9160
76.0449 95.9927
76.1045 96.1035
76.0658 96.0591
76.0456 96.1003
76.0359 96.1126
75.8930 96.0664
76.0196 96.0427
76.0386 96.0458
75.8333 96.1244
76.0602 96.0203
76.0613 95.9729
75.9833 96.0583
76.0391 96.0984
76.1723 96.1032
76.0716 96.1152
75.9825 96.0112
75.9396 96.0669
76.0396 96.0906
76.0684 96.0351
75.9023 96.0962
76.0899 96.0812
76.0536 96.2558
75.8778 96.1695
76.1818 96.2601
76.0339 96.1371
76.1365 95.9913
76.1599 95.9171
76.0886 96.0949
75.9907 96.1017
75.8994 96.0612
75.9910 96.0967
76.0150 96.1156
75.9838 96.0613
75.9078 96.1578
76.1800 96.0201
76.0998 96.1530
75.9386 96.0428
76.0697 96.1480
76.1375 96.1004
76.1635 96.0987
76.1271 96.0048
76.1410 96.1240
75.9303 96.0853
76.1371 96.0771
76.0285 96.1218
75.9739 96.0456
75.9194 96.0621
75.9476 96.0193
75.9795 96.0573
76.0711 96.0228
75.9401 96.1179
76.0893 95.9332
76.1780 96.0130
76.0711 96.1101
76.0560 96.1072
76.0634 96.0023
76.3406 95.9437
76.4983 95.9416
76.3475 95.9607
76.4355 95.8890
76.4338 96.0279
76.3498 95.9772
76.2715 96.0167
76.2901 96.0129
76.4943 95.9734
76.5129 96.0419
76.3260 96.0191
76.3573 95.9371
76.3962 95.9148
76.3860 95.9124
76.3337 95.9128
76.3990 95.9244
76.3597 95.9149
76.3422 95.9394
76.3191 95.9413
76.4178 95.9132
76.4980 95.8915
76.3314 95.9142
76.3837 95.8392
76.5028 95.9054
76.5164 95.9810
76.3858 95.8565
76.4391 96.0008
76.2743 95.9348
76.4879 95.9954
76.3766 95.9519
76.4803 95.8878
76.4051 95.9283
76.4928 95.9305
76.3652 95.9875
76.4967 95.8810
76.3132 95.8991
76.2795 95.8967
76.4939 96.0950
76.4239 95.9362
76.4489 95.8631
76.3481 95.8896
76.3908 95.7815
76.4011 96.0225
76.5733 96.0255
76.4893 96.2726
76.5121 96.1699
76.5414 96.2664
76.4729 96.1705
76.4479 96.1979
76.3643 96.2148
76.4767 96.1981
76.4703 96.3208
76.4242 96.3279
76.5278 96.1954
76.4038 96.2142
76.4263 96.3046
76.4599 96.2702
76.3677 96.2712
76.4394 96.1754
76.3806 96.1549
76.3980 96.2509
76.3519 96.3219
76.4636 96.1042
76.2149 96.3772
76.3501 96.2359
76.2456 96.3240
76.4739 96.2934
76.4035 96.1780
76.4100 96.3629
76.3851 96.4696
76.4474 96.2221
76.3483 96.2178
76.3778 96.4088
76.5336 96.3082
76.3570 96.2365
76.4167 96.2767
75.8483 96.1252
76.4549 96.2657
76.3764 96.2092
76.5404 95.9744
76.4117 95.8877
76.5697 95.8867
76.3212 96.2450
76.4681 96.0914
76.6158 96.3220
76.4569 96.1489
76.2318 96.0030
76.4227 96.2459
76.3773 96.2227
76.3483 96.3242
76.2815 96.2351
76.4126 96.1728
76.4334 96.2554
76.3029 96.2468
76.4174 96.2851
76.4887 96.2917
76.2798 96.2437
76.4382 96.2438
76.4046 96.2937
76.3384 96.1794
76.4631 96.2601
76.3154 96.3830
76.4374 96.2716
76.3439 96.2493
76.3090 96.2709
76.4666 96.3146
76.3621 96.3195
76.4079 96.3401
76.3960 96.3454
76.4999 96.3374
76.4463 96.1607
76.4531 96.2129
76.3760 96.1638
76.4559 96.2045
76.1500 96.2112
76.3820 96.2475
76.2889 96.3092
76.3929 96.1619
76.3931 96.3182
76.4443 96.3121
76.3890 96.2822
76.4455 96.2762
76.3831 96.2679
76.3659 96.2771
76.3226 96.2238
76.3455 96.2200
76.3620 96.2798
76.2634 96.2582
76.4820 96.2543
76.4654 96.3943
76.3395 96.2087
76.4220 96.1884
76.4710 96.2377
76.4820 96.3895
76.4762 96.2594
76.2751 96.2107
76.4002 96.2410
76.4007 96.2858
76.4151 96.2503
76.3624 96.2400
76.3890 96.2967
76.4033 96.3044
76.3877 96.2846
76.3945 96.2749
76.4234 96.2590
76.4030 96.2235
76.1038 96.0374
76.1970 96.1396
76.1105 96.1076
75.9263 96.1218
76.1757 96.1816
76.0389 96.0919
76.0996 96.0973
76.0971 96.0497
76.0808 96.0923
76.1127 96.0355
76.1502 96.0681
76.1335 96.0912
76.1097 96.1073
76.0819 96.0334
76.1359 96.0481
76.1523 96.2344
76.1368 96.0609
76.1129 96.0866
76.1271 96.0592
76.1406 96.0698
76.1036 96.0449
76.1533 96.0039
76.5816 95.7707
76.4362 95.8755
76.4915 95.8413
76.3061 95.9442
76.5304 95.9797
76.4248 95.9137
76.6214 95.8984
76.3805 95.9915
76.5487 95.9609
76.4416 95.8220
76.5387 95.9572
76.3783 95.8827
76.3991 96.0033
76.4421 95.8724
76.4208 95.9230
76.3846 96.0787
76.4220 95.9449
76.5010 95.9662
76.4679 96.0024
76.5167 96.0473
76.3762 95.9488
76.4851 95.8891
76.4880 95.8159
76.3463 95.9632
76.4033 95.7986
76.3435 95.9818
76.5418 95.9072
76.2477 95.8130
76.4251 95.9600
76.3949 96.0047
76.4182 95.8751
76.4071 95.9428
76.4896 95.9638
76.5663 95.9323
76.4223 96.0173
76.4673 95.9339
76.5029 95.8308
76.4906 95.8883
76.4259 95.9426
76.4513 95.8773
76.5036 95.8701
76.4652 95.9001
76.3385 95.9822
76.4189 95.9256
76.4157 95.9519
76.4363 95.8246
76.5026 95.9064
76.5121 96.0178
76.4311 95.8716
76.4526 95.9732
76.4386 95.8424
76.3737 95.9000
76.4206 96.0302
76.4829 95.9303
76.4318 95.8912
76.4023 96.0002
76.3845 95.9103
76.5491 95.9556
76.3694 95.9599
76.3047 96.0365
76.4003 95.8224
76.3893 95.7086
76.4349 96.2741
76.2310 95.7904
76.2636 95.8757
76.4260 95.7466
76.2906 96.0908
76.5269 96.2498
76.4382 96.2466
76.5246 96.2916
76.3420 96.3700
76.4479 96.2310
76.5486 95.9930
76.1410 96.2821
76.3908 96.1505
76.4337 96.2704
