102.1704 199.3478
102.2752 199.2892
102.3100 199.3993
102.1928 199.4103
102.0881 199.2512
102.0979 199.2809
102.1934 199.3634
102.1014 199.4091
102.0866 199.2689
102.2053 199.4292
102.0403 199.2874
102.4256 199.4891
102.1664 199.3363
102.1660 199.2859
102.2437 199.3437
102.1263 199.3762
102.1672 199.4236
102.1178 199.2591
102.1394 199.3218
102.0947 199.3242
102.1169 199.3084
101.9878 199.3676
102.1608 199.3631
102.2034 199.2869
102.1836 199.3043
102.1326 199.3397
102.1728 199.3517
102.2413 199.3013
102.2023 199.3372
102.0506 199.4940
102.0840 199.2827
102.0882 199.2782
102.1079 199.3192
102.2013 199.3005
102.1302 199.3621
102.3142 199.3508
102.0851 199.3770
102.1270 199.4611
102.1044 199.4328
102.0832 199.3107
102.1748 199.2480
102.1188 199.3457
102.0731 199.4306
102.0104 199.3307
102.0477 199.3203
102.1267 199.3638
102.1522 199.3773
102.1463 199.4007
102.0031 199.3650
102.0447 199.4690
102.0313 199.4767
102.1466 199.3598
102.0683 199.3743
102.0965 199.5222
102.1905 199.4237
102.1947 199.4760
102.1715 199.3769
102.2270 199.4139
102.0274 199.4368
102.1277 199.4297
101.9797 199.4187
101.9251 199.4215
102.0675 199.4974
102.1572 199.3752
102.1434 199.3765
102.0922 199.3690
102.1166 199.4461
102.1798 199.3088
102.1629 199.3001
102.0749 199.4504
102.1655 199.4226
102.1333 199.4293
102.1401 199.4468
102.0118 199.3668
102.1482 199.4212
102.1658 199.3900
102.0420 199.4056
102.1029 199.3999
102.1665 199.3620
102.0828 199.4890
102.1812 199.4751
102.1999 199.3546
102.0832 199.4711
102.0816 199.4853
102.0761 199.4479
102.2445 199.3847
102.0761 199.5227
101.9583 199.4160
102.1739 199.4939
102.1370 199.5171
102.2462 199.3890
102.2011 199.4466
102.0634 199.3575
102.0321 199.4935
102.2404 199.4905
102.0621 199.4295
102.1749 199.4582
102.0655 199.4301
102.0805 199.5360
102.1180 199.3911
102.1529 199.4225
102.0612 199.4456
102.0929 199.3731
102.2735 199.5549
102.1361 199.5398
102.2499 199.5425
102.0036 200.0346
102.3019 199.5068
102.3381 199.4691
102.6279 199.8988
102.5467 199.7387
102.3541 199.7932
102.2518 199.4868
102.6944 199.7219
102.3375 199.7250
102.2836 199.7785
102.4491 199.5970
102.6347 199.7079
102.3311 199.7728
102.6292 199.8105
102.2012 199.5497
102.5257 199.8932
102.6506 199.6177
102.3610 199.9030
102.4459 199.7509
102.5949 199.7125
102.4424 199.6122
102.3713 199.5410
102.3692 199.5657
102.2838 199.5525
102.3505 199.5433
102.2993 199.5768
102.3272 199.6150
102.2951 199.5596
102.3064 199.6456
102.4302 199.5460
102.3635 199.5949
102.3487 199.5766
102.3907 199.5624
102.2817 199.6676
102.3388 199.5884
102.2829 199.5706
102.2486 199.5978
102.2954 199.6170
102.4232 199.6395
102.2234 199.5965
102.3457 199.5942
102.3490 199.5936
102.4019 199.5542
102.4296 199.6034
102.4292 199.6516
102.4063 199.6035
102.3309 199.6878
102.3301 199.6523
102.2481 199.5526
102.4857 199.6403
102.3028 199.6310
102.3052 199.5722
102.4529 199.5026
102.3062 199.6498
102.4307 199.6158
102.3843 199.6569
102.4103 199.6648
102.2992 199.5185
102.3071 199.5686
102.2303 199.5489
102.2022 199.4895
102.2341 199.6043
102.2761 199.4926
102.2635 199.5754
102.2884 199.5296
102.3328 199.5458
102.2756 199.5569
102.3593 199.5907
102.2172 199.5582
102.5818 199.6753
102.4911 199.6508
102.5593 199.6307
102.4626 199.6349
102.4770 199.5668
102.7699 199.7627
102.6148 199.6322
102.4605 199.5630
102.4320 199.5546
102.5153 199.6990
102.6216 199.6300
102.5185 199.7620
102.4871 199.7047
102.7121 199.5455
102.5322 199.6541
102.6396 199.4436
102.6321 199.5924
102.5880 199.7767
102.5772 199.6137
102.4812 199.7035
102.6747 199.6451
102.5699 199.6647
102.5837 199.7666
102.4279 199.4165
102.6133 199.7498
102.5652 199.7032
102.3977 199.8239
102.5068 199.7293
102.4635 199.6191
102.6085 199.4531
102.4759 199.6976
102.5245 199.7648
102.4680 199.7469
102.5760 199.7432
102.5940 199.7541
102.4911 199.5484
102.5968 199.6404
102.5236 199.5587
102.3662 199.6524
102.4098 199.5478
102.3755 199.6542
102.3328 199.5530
102.4277 199.6472
102.5582 199.6946
102.6379 199.6168
102.5641 199.5853
102.6728 199.6842
102.4543 199.7491
102.4717 199.7514
102.5907 199.6355
102.5453 199.7133
102.4599 199.5692
102.1307 199.5745
102.3464 199.8555
102.2212 199.8304
102.1373 199.8237
101.9356 199.8165
102.2695 199.9799
102.2069 200.0525
102.5802 199.7436
102.0269 199.9064
102.1974 199.9688
102.4625 199.7736
102.2949 199.7306
102.1427 199.7677
102.1683 199.9185
102.1380 199.3742
102.1490 199.3989
102.0346 199.6371
102.4259 199.4584
102.4499 199.8035
102.3622 199.8757
102.3332 199.8742
102.5411 199.7745
102.1448 199.8038
102.3551 199.8780
102.4426 199.7039
102.1827 199.8231
102.1931 199.9178
102.3011 199.9139
102.3106 199.9525
102.3610 199.8845
102.4316 199.8865
102.1926 199.8578
102.3416 199.7350
102.1063 199.8654
102.2358 199.8451
102.1998 199.7358
102.0696 199.8618
102.3522 199.8600
102.1423 199.9437
102.2016 199.9119
102.3583 199.8255
102.1711 199.7892
102.3158 199.9690
102.3838 199.8524
102.3216 199.8258
102.2275 199.9600
102.4019 199.7563
102.3398 199.8475
102.1325 199.9862
102.3890 199.9603
102.0680 199.6926
102.2380 199.7353
102.4090 199.9038
102.2208 200.0201
102.3866 199.8108
102.3747 199.7842
102.3625 199.8345
102.2807 199.7357
102.2217 199.8464
102.1887 199.8407
102.1508 199.9991
102.2307 200.0357
102.4355 199.8858
102.3640 199.9204
102.1724 199.7789
102.0672 199.6909
102.3351 199.9859
102.3733 199.8265
102.2882 199.9278
102.3990 200.0577
102.4358 199.6821
102.2566 199.8917
102.4398 199.9694
102.2102 199.8219
102.2425 199.8760
102.3739 200.0005
102.2554 199.7692
102.2587 199.8429
102.4029 199.8159
102.2008 199.8850
102.0689 200.0084
102.1915 199.7512
102.0452 199.8246
102.2331 199.8421
102.3518 199.9084
102.3931 199.9179
102.1649 199.7275
102.1386 199.8612
102.2609 199.7684
102.2263 199.9447
102.5898 199.8167
102.3276 199.8226
102.1131 199.8089
102.1797 199.9188
102.3705 199.8453
102.2921 199.8931
102.4043 199.9212
102.2171 199.7902
102.2624 199.6893
102.3088 199.8825
102.4341 199.7843
102.3247 199.8041
102.3245 199.8607
102.4801 199.5736
102.2197 199.7349
102.4679 199.7612
102.3627 199.8672
102.3035 199.7955
102.3211 199.8841
102.4698 199.8642
102.1987 199.9431
102.2989 199.6866
102.3041 199.7525
102.1666 199.8483
102.2221 199.9455
102.3760 199.8382
102.2666 199.6464
101.9918 199.8484
102.2101 199.8303
102.2825 199.7987
102.1710 199.6956
102.3130 199.6972
102.3102 199.9075
102.1359 199.7286
102.2609 199.7587
102.3777 199.9912
102.2697 199.8366
102.1912 199.8734
102.2853 199.8679
102.3842 199.8214
102.6616 199.7998
102.2791 199.9391
102.3650 199.9566
102.4416 199.9409
102.1890 199.8366
102.4373 199.9043
102.0569 199.8693
102.2738 199.9654
102.0737 199.7887
102.2755 199.8560
102.1984 199.7490
102.1998 199.9266
102.3853 199.9644
102.3083 199.9099
102.0396 199.7771
102.2637 199.9008
102.4252 199.9421
102.2687 199.8145
102.3620 199.7885
102.1130 199.8208
102.2785 199.8263
102.3027 199.7584
102.3982 199.8695
102.3788 199.9503
102.1832 199.7739
102.4596 199.8928
102.1317 199.8974
102.2875 199.9863
102.2722 199.9893
102.3653 199.9223
102.1700 199.7267
102.3422 199.8833
102.1441 199.9092
102.3336 199.8342
102.3451 199.7376
102.3849 199.8410
102.0813 199.8830
102.6236 199.6485
102.4292 199.6997
102.7377 199.6991
102.4700 200.0356
102.3404 200.0536
102.3526 199.8351
102.4720 199.9798
102.4040 199.8983
102.2929 200.0186
102.2446 200.1094
102.1820 199.8576
102.2014 199.9877
102.3783 200.0126
102.4651 199.8776
102.3036 199.9480
102.1771 199.7022
102.3410 199.7800
102.3464 199.9082
102.4187 199.8263
102.4175 199.7705
102.2146 199.8921
102.2627 199.9427
102.2802 199.8450
102.3265 199.9285
102.3105 199.9380
102.3032 199.9430
102.4834 199.9699
102.3656 200.0294
102.2718 200.0059
102.4513 199.9574
102.4018 199.7834
102.1633 199.8221
102.1893 199.9492
102.3387 199.9423
102.3223 199.9036
102.2791 199.9862
102.2877 199.8893
102.2907 199.8341
102.2036 199.7918
102.3003 200.0427
102.2258 199.8133
102.2617 199.9246
102.3182 199.8825
102.3044 199.8984
102.3654 199.8951
102.2794 199.9352
102.2800 199.9127
102.3230 199.8894
102.2841 199.9618
102.2972 199.8839
102.2423 199.9473
102.3188 199.7929
102.3217 199.9311
102.3829 200.0260
102.3095 200.1018
102.2373 199.9189
102.2536 199.8028
102.2159 199.9174
102.3901 199.8539
102.2944 199.9948
102.2362 199.7927
102.3193 199.8434
102.2405 199.9983
102.2864 200.0606
102.2004 199.9184
102.3294 199.7986
102.3223 199.8413
102.2692 199.9320
102.3996 199.8923
102.2549 199.8617
102.1938 199.9184
102.2945 199.9153
102.3318 199.8872
102.2543 199.8415
102.3206 199.8703
102.3141 199.8610
102.3324 199.9235
102.2897 199.9227
102.2926 199.9064
102.2580 199.8485
102.2970 199.8261
102.3332 200.1032
