37.9827 201.0848
38.1896 201.0357
38.1309 201.4232
38.2414 201.0409
38.2449 201.3381
38.3342 200.9432
38.2099 201.2063
38.1216 201.0279
38.3256 201.0193
38.0357 201.3170
38.0556 201.1494
38.5000 201.1847
38.5545 201.1343
38.2444 201.0655
38.4890 201.1973
38.3902 201.3936
38.4685 201.0616
38.5139 201.2573
38.6270 201.4100
38.6924 201.2785
38.3813 201.1122
38.0597 201.0634
38.4642 201.0813
38.5761 201.1421
38.3695 201.1233
38.4353 201.0066
38.2383 201.1363
38.4671 200.9667
38.3171 201.2028
38.4005 201.0907
38.7317 201.3126
38.5877 201.0971
38.2269 201.1841
38.5002 201.5105
38.0124 201.0554
38.3823 201.1932
38.1835 201.2338
38.3319 201.1138
38.3664 201.1987
38.3201 201.1382
38.4618 201.1423
38.3103 201.1469
38.3251 201.1069
38.1627 201.4613
38.0426 201.4650
38.4008 201.5350
38.0993 201.6072
38.1133 201.4701
38.2021 201.5430
38.2742 201.4272
38.1054 201.3856
38.4677 201.5414
38.1132 201.4882
38.1179 201.6691
38.1342 201.5236
38.4186 201.5224
38.3629 201.4454
38.3176 201.5126
38.0286 201.5066
38.2571 201.5657
38.4326 201.5690
38.2441 201.5305
38.3202 201.2645
38.3570 201.6196
38.1492 201.6093
38.3272 201.4682
38.2109 201.6844
38.1762 201.2712
38.2365 201.4835
38.3014 201.6373
38.3033 201.5635
38.3634 201.5316
38.0826 201.4118
38.3492 201.4613
38.3179 201.7136
38.2137 201.4384
38.4520 201.6702
38.2843 201.6465
38.0375 201.2200
38.0764 201.4364
38.2968 201.7440
38.1360 201.6703
38.1868 201.3549
38.2131 201.6911
38.1489 201.4620
38.3319 201.3322
38.2248 201.4437
38.2171 201.1687
38.1480 201.6732
38.2856 201.3077
38.1968 201.3367
38.6607 201.3643
38.3286 201.7112
38.2276 201.2653
38.3104 201.5457
37.9404 201.4760
38.0205 201.5488
38.4410 201.3738
38.0113 201.5737
38.0085 201.1799
38.4071 201.2582
37.9914 201.3910
38.2567 201.8068
38.2868 201.5390
38.0268 201.4984
38.2884 201.6306
38.3146 201.2144
38.1452 201.3396
38.3285 201.7319
38.3558 201.6122
38.1070 201.3490
38.2874 201.8853
38.4625 201.7577
38.1526 201.1134
38.2432 201.5311
37.8584 201.4328
38.1773 201.8405
38.5190 201.5228
38.2193 201.4150
38.1750 201.7655
37.9896 201.3744
38.1875 201.1035
38.3449 201.0475
38.3188 201.0486
38.4081 201.2320
38.4758 201.1353
38.5648 201.1758
38.3616 201.1169
38.1822 201.1862
38.1087 201.3951
38.1389 201.2997
38.4160 201.0889
38.1427 201.0804
38.4014 201.1886
38.4652 201.1132
38.1847 201.0696
38.2270 201.2052
38.1639 201.2052
38.2064 201.2439
38.2532 201.1283
38.3384 201.2458
38.0227 201.2294
38.3583 201.3457
38.2065 201.3325
38.4097 201.2062
38.2894 201.2689
38.0815 201.2210
38.1828 201.2078
38.4339 201.2232
38.4235 201.1715
38.3014 201.2525
38.3938 201.2624
38.3390 201.1094
38.0338 201.1601
38.0013 201.3171
37.9888 201.5901
37.9546 201.3816
37.8819 201.2141
37.8895 201.4238
38.1058 201.2281
37.9331 201.4830
37.9537 201.4338
38.0787 201.2768
38.1095 201.2675
38.0742 201.4313
38.0858 201.4715
37.8521 201.3678
37.9914 201.4388
37.9616 201.4170
38.0687 201.4773
38.2413 201.4251
38.0189 201.2774
38.0464 201.2897
37.8786 201.3075
37.9702 201.5830
37.9757 201.2828
38.2068 201.3248
38.0719 201.4558
38.1905 201.3086
38.0144 201.2737
37.8814 201.2950
37.8614 201.3563
38.0057 201.3914
37.9342 201.4708
37.9514 201.3376
37.9905 201.2404
37.9314 201.4278
37.9912 201.1887
37.9692 201.2956
37.9892 201.3940
37.9844 201.4877
38.1932 201.2390
37.8690 201.3059
38.0249 201.2953
37.8531 201.4581
38.0412 201.2837
38.0284 201.3459
37.8813 201.3028
37.8970 201.3430
37.9889 201.2826
37.9896 201.2731
37.9776 201.3065
37.9091 201.3278
38.1923 201.4697
38.1053 201.3936
37.9149 201.6153
37.9205 201.2393
38.3620 201.5064
37.9033 201.4465
38.0702 201.4637
38.0213 201.3636
38.0170 201.3003
37.9929 201.4247
38.0818 201.3564
37.9109 201.2788
38.0929 201.2873
37.9823 201.4807
38.0329 201.2814
37.9889 201.6207
38.0972 201.3680
38.0210 201.4549
38.0258 201.3294
38.0323 201.4423
37.8697 201.3840
37.8989 201.1948
37.9585 201.4205
38.2593 201.1247
38.1849 201.4694
38.1342 201.1747
38.2738 201.3048
38.4303 201.1392
38.3132 201.2016
38.5050 201.3095
38.4731 201.2820
38.2409 201.0617
38.5375 201.2290
38.3623 201.2070
38.1630 201.1931
38.3499 200.9578
38.3924 201.0173
38.1721 201.2371
38.3948 201.2943
38.2618 200.9661
38.2931 201.1477
38.3887 201.3036
38.2960 201.1973
38.4090 201.2487
38.2352 201.0920
38.2728 201.2099
38.3451 201.0390
38.1706 201.2077
38.2745 201.1397
38.4013 201.1891
38.1873 200.9697
38.3619 201.1162
38.0979 200.9917
38.2140 201.0552
38.4913 201.3235
38.2808 201.3419
38.2962 201.1312
38.3142 201.1996
38.2540 201.2626
38.2262 201.4312
38.2789 201.0774
38.3868 201.1211
38.3602 201.2992
38.3949 201.0052
38.1445 201.1841
38.3254 201.1687
38.3284 201.2805
38.3695 201.1050
38.3172 201.1720
38.2667 201.1745
38.0648 201.2854
38.3093 201.0732
38.3184 201.3338
38.2679 201.1442
38.2618 201.3997
38.4161 201.3859
38.2704 201.0189
38.4849 201.2089
38.1428 201.0219
38.2892 201.2261
38.2954 201.3328
38.0366 201.0180
38.2865 201.1671
38.3648 201.2554
38.3309 201.1472
38.4250 201.1523
38.4846 201.0226
38.2979 201.2920
38.2470 201.1543
38.2238 201.2680
38.2512 201.3102
38.2495 201.0856
38.2591 201.2060
38.5519 200.9957
38.3572 201.2102
38.2490 201.2588
38.1603 201.0169
38.1152 201.1595
38.3186 201.0116
38.4592 201.1763
38.1986 201.1126
38.3022 201.2308
38.3273 201.1012
38.2943 201.1839
38.2908 201.1465
38.1939 201.1204
38.1652 201.3157
38.0750 201.1325
38.2554 201.0099
38.1674 201.2003
38.4454 201.3128
38.2210 201.3280
38.3586 201.2815
38.2786 201.2242
38.2856 201.0958
38.1271 201.2214
38.0006 201.1345
38.2315 201.2096
38.3712 201.1776
38.4070 201.1188
38.5631 201.3062
38.2462 201.0892
38.4037 201.0177
38.2520 201.1615
38.1874 201.0268
38.1149 201.1874
38.2780 201.1095
38.4621 201.2289
38.4158 201.2126
38.2644 201.1034
38.1958 201.1463
38.2564 201.3274
38.2940 201.1750
38.0880 201.2594
38.0872 201.2511
38.0588 201.0007
38.1654 201.2163
38.0331 201.3390
37.9161 201.2828
37.8684 201.3430
38.1516 201.2613
37.9634 201.3018
37.9412 201.3853
38.0041 201.3247
38.0367 201.4377
38.0663 201.4191
38.0238 201.3983
38.3205 201.6207
38.2854 201.4844
38.2795 201.4220
38.2948 201.5518
38.4295 201.5257
38.3171 201.4827
38.3348 201.5041
38.2427 201.4799
38.3138 201.4862
38.3995 201.5147
38.2849 201.4877
38.3271 201.5170
38.3880 201.4516
38.2012 201.0190
38.2285 201.2976
38.3038 201.2350
38.3434 201.1226
38.2215 201.1525
38.4431 201.0352
38.4810 201.2881
38.3645 201.2540
38.2285 201.4105
38.2777 201.3853
38.3084 201.1622
38.2645 201.1730
38.2743 201.1592
38.3535 201.2423
38.3061 201.2780
38.3571 201.1130
38.3111 201.1889
38.3434 201.1625
38.4078 201.2068
38.2452 201.1797
38.3296 201.2826
38.3750 201.1506
38.4226 201.1299
38.4132 201.1613
38.3854 201.1346
38.4134 201.1788
38.3828 201.1433
38.3521 201.1642
38.2915 201.1419
38.1751 201.2452
38.0996 201.3387
37.9716 201.3154
37.9556 201.5749
37.8764 201.3499
37.9814 201.4572
38.0989 201.5298
38.0154 201.3789
37.9708 201.6640
38.0762 201.2609
38.3290 201.2953
38.3814 201.1750
38.3053 201.3206
38.4357 201.3251
38.3477 201.2112
38.2646 201.0858
38.3202 201.4336
38.3370 201.5721
38.3518 201.4314
38.3036 201.4581
38.3662 201.4893
38.3305 201.4984
38.2152 201.5055
38.2985 201.4021
38.4444 201.4537
38.2932 201.4406
38.3588 201.4572
38.3037 201.4681
38.3886 201.4481
38.2808 201.5318
38.3047 201.4623
38.3443 201.4938
38.3897 201.5267
38.3283 201.4764
38.3498 201.4723
38.3158 201.3515
38.2390 201.4925
38.3877 201.5668
38.4124 201.4526
38.3187 201.4086
38.2601 201.4592
38.2380 201.4825
38.3215 201.4848
38.3686 201.5192
38.4217 201.4723
38.2233 201.4674
38.3059 201.4509
38.4419 201.4679
38.3184 201.4124
38.3303 201.4441
38.3261 201.5997
38.2830 201.5322
38.3012 201.4082
38.3415 201.5200
38.4000 201.4445
38.4421 201.3984
38.3095 201.5864
38.3255 201.4147
38.3208 201.5631
38.2821 201.5022
38.3868 201.5839
38.2611 201.4821
38.4298 201.5013
38.4445 201.4551
38.3530 201.5058
38.3981 201.4013
38.3004 201.4954
38.3464 201.4167
38.3791 201.4908
38.2944 201.4378
38.3281 201.4745
38.3092 201.3893
38.3999 201.4558
38.3017 201.4173
38.3645 201.5725
38.3623 201.4576
38.2377 201.5296
38.3718 201.5638
38.3033 201.5385
38.3684 201.5037
38.2952 201.5130
38.4412 201.5798
38.2957 201.5061
38.3628 201.5226
38.3518 201.4634
38.3927 201.4687
38.3960 201.4637
38.1995 201.4719
38.1764 201.5186
38.3129 201.4664
38.3474 201.3959
38.2997 201.5332
38.4453 201.5293
38.3601 201.4816
38.3405 201.4232
38.2571 201.5490
38.2862 201.3828
38.2491 201.5266
38.2593 201.5103
38.3979 201.5084
38.3248 201.5186
38.3602 201.5351
38.3562 201.5286
38.2771 201.5118
38.2996 201.6111
38.3520 201.4129
38.3080 201.4958
38.3468 201.4970
38.2992 201.4380
38.2333 201.5509
38.3610 201.4655
38.4347 201.5431
38.2738 201.4778
38.3821 201.5073
38.3626 201.5758
