25.3500 139.5475
25.4483 139.9357
25.4164 139.8883
25.2144 139.8829
25.4448 139.9512
25.4773 139.8525
25.4579 139.8910
25.3406 139.9463
24.9173 139.6650
25.1918 139.6168
25.1122 139.5636
24.9137 139.5801
25.1379 139.6606
25.2217 139.5402
25.0913 139.6078
24.9678 139.6369
24.8865 139.6178
25.0683 139.4945
25.0388 139.6514
25.2596 139.7041
24.8515 139.7361
25.1140 139.7200
25.0761 139.6586
25.2003 139.6563
25.0940 139.5113
25.0258 139.6089
25.1660 139.5879
24.9866 139.6798
24.9081 139.5491
25.0521 139.6618
25.1418 139.7947
24.8700 139.5018
25.0391 139.4673
24.9345 139.4586
25.2344 139.7816
25.0986 139.6917
25.1870 139.6771
25.2830 139.6786
25.1055 139.5077
25.0993 139.6325
25.0686 139.6698
25.0804 139.6228
25.0692 139.4543
25.2443 139.6022
25.3057 139.5255
24.8702 139.4910
25.0576 139.5654
25.1215 139.7620
25.1817 139.5913
25.2233 139.4018
25.0101 139.6730
25.1425 139.6807
25.1611 139.5949
24.9696 139.4166
25.0648 139.5572
25.1128 139.4357
25.1005 139.6471
25.1155 139.5173
25.0215 139.5761
25.1274 139.6151
25.2212 139.5498
24.9960 139.5351
25.0006 139.6407
25.1718 139.5620
25.0875 139.6130
25.0000 139.5687
25.0299 139.7465
24.8293 139.6018
25.2243 139.6160
25.1493 139.4903
25.2030 139.5712
25.3089 139.5273
25.0375 139.6370
24.9735 139.6241
25.2522 139.5235
25.1066 139.3996
25.1916 139.5989
25.2649 139.5319
24.8993 139.6076
25.0551 139.6419
25.0212 139.5383
25.0989 139.5139
25.1465 139.6605
25.1299 139.5712
25.0792 139.7115
25.1627 139.6341
24.9712 139.4505
25.1017 139.6514
24.9881 139.5613
25.1216 139.3878
24.9923 139.4996
24.9728 139.6376
24.9599 139.7969
24.9792 139.6382
24.8674 139.6764
25.0271 139.5966
25.2437 139.8958
25.2217 139.6592
25.1656 139.4699
24.8904 139.5828
24.9956 139.5395
24.9542 139.5086
25.0445 139.5553
25.0105 139.5320
25.0663 139.5893
25.1616 139.4805
25.1306 139.5922
25.1991 139.6936
25.2835 139.5803
24.9785 139.6974
25.1507 139.7729
25.1150 139.5730
25.1759 139.6242
25.1602 139.6629
24.9134 139.7074
25.1426 139.6458
24.9784 139.6013
25.1576 139.5008
25.1015 139.7059
25.1711 139.6451
25.1183 139.5382
25.0426 139.6604
25.0972 139.6283
25.0973 139.6834
25.0601 139.6176
25.0830 139.7675
25.0086 139.7587
25.0650 139.5224
25.1016 139.7556
25.1680 139.6691
24.9562 139.6861
25.0502 139.5293
25.0639 139.6270
24.9273 139.7484
25.3773 139.9749
25.2936 139.7530
25.3886 139.9337
25.2496 139.5880
25.6548 139.6632
25.5258 139.4996
25.3152 139.5261
25.4183 139.5615
25.5225 139.3791
25.3137 139.4539
25.4841 139.5197
25.3359 139.5355
25.3992 139.5370
25.3916 139.4572
25.4359 139.4073
25.3900 139.4311
25.4955 139.4341
25.4380 139.4583
25.4067 139.4640
25.4505 139.4617
25.4319 139.4207
25.3872 139.4887
25.3748 139.4152
25.3644 139.4159
25.0102 139.4735
25.1279 139.5814
25.0994 139.6827
25.1640 139.6792
25.2450 139.3316
25.2794 139.2469
25.4095 139.5291
25.5359 139.4987
25.4273 139.3545
25.3881 139.4534
25.4327 139.4529
25.4681 139.4372
25.4191 139.4485
25.4514 139.4239
25.4305 139.5256
25.4016 139.5126
25.4364 139.4669
25.0556 139.5380
25.0799 139.6324
25.2178 139.5748
25.3583 139.7162
25.5137 139.8576
25.3332 139.7038
25.3365 139.7760
25.2316 139.7533
25.2589 139.9551
25.2690 139.6715
25.5170 139.9091
25.3229 139.8976
25.3985 139.5985
25.3628 139.8718
25.3450 139.7033
25.4299 139.6424
25.4112 139.6727
25.5666 139.8477
25.4801 139.8383
25.4666 139.8002
25.1757 140.0308
25.2267 139.9650
25.3868 139.9076
25.5035 139.6380
25.2502 139.7445
25.5458 139.9642
25.4327 139.7247
25.3339 139.8665
25.2238 139.9265
25.4008 139.8560
25.3431 139.6870
25.6150 139.6933
25.4479 139.8514
25.1491 140.0365
25.1602 139.8897
25.3368 139.9921
25.3406 139.8751
25.4578 139.8352
25.4254 139.9488
25.6333 139.8713
25.4902 139.6613
25.6027 139.4365
25.4202 139.4804
25.3349 139.6437
25.3209 139.8606
25.5784 139.5049
25.4970 139.5654
25.4211 139.4123
25.4084 139.3966
25.1412 139.6281
25.1688 139.5641
25.2565 139.6996
25.1230 139.6655
25.1378 139.6967
25.1282 139.5999
25.1089 139.7504
25.0514 139.5819
25.0746 139.5964
25.1079 139.4181
24.9838 139.5979
25.0726 139.5791
25.0683 139.7052
25.1706 139.5899
25.2172 139.5222
25.2731 139.6472
25.5891 139.3527
25.2097 139.6609
25.1298 139.5529
25.0116 139.6535
25.1095 139.6720
25.0974 139.4918
25.1774 139.6125
25.1212 139.6456
25.1724 139.8240
25.3553 139.7198
25.2371 139.6766
25.0746 139.6252
25.2040 139.6296
25.2039 139.6436
25.1864 139.6518
25.1422 139.7737
25.1235 139.5963
25.1634 139.7400
25.1315 139.7085
25.1060 139.6674
25.1984 139.5992
25.0865 139.6046
25.1622 139.5225
25.0736 139.7195
25.1940 139.5990
25.0487 139.6688
25.0035 139.5479
25.1939 139.5945
25.1018 139.5310
25.1499 139.7353
25.2297 139.6944
25.0857 139.7177
25.0916 139.5103
25.0882 139.6801
25.1361 139.6438
25.2221 139.6026
25.1417 139.8379
25.1738 139.5305
25.1482 139.7232
25.2010 139.6668
25.0857 139.5370
25.1088 139.6969
25.2514 139.6291
25.1225 139.6885
25.2032 139.7064
25.1793 139.5296
25.1638 139.6323
25.1235 139.7077
