30.3266 143.7013
30.3316 143.7275
30.3161 143.8214
30.3602 143.9457
30.4743 143.8984
30.1972 143.7861
30.4598 143.9800
30.5197 143.7979
30.2575 143.7696
30.4128 143.7778
29.9832 143.7865
30.3316 143.8127
30.3857 143.9711
30.1628 143.7891
30.5539 143.9097
30.3468 143.7060
30.2490 143.8556
30.2221 143.9659
30.3398 143.9193
30.3000 143.9911
30.3373 143.8433
30.2883 143.8950
30.1892 143.9546
30.3307 143.9051
30.2714 143.8985
30.2528 143.9285
30.3509 143.9842
30.0668 144.0672
30.3558 143.9654
30.5059 144.2511
30.2235 143.7853
30.1502 143.8663
30.0286 143.7847
30.5197 144.1564
30.0157 144.1718
30.1201 143.7926
30.0449 143.8480
30.4529 144.1848
30.2377 143.9512
30.2690 143.8911
30.3899 143.9654
30.1784 144.1455
30.4317 144.0212
29.9828 144.0813
30.1407 144.0909
30.4709 143.8293
30.2021 143.8368
30.1930 143.8276
30.3810 144.0582
30.2859 144.1547
29.8182 143.8641
30.5664 144.0223
30.2503 143.9653
30.2207 144.0530
30.3386 143.8347
30.2018 143.9501
30.4951 144.2148
30.2040 144.2637
30.3655 144.1035
30.4400 144.1111
30.3626 144.0621
30.1861 144.3180
30.1538 144.1509
30.4898 144.1282
30.0896 144.0762
30.3253 144.2162
30.2843 144.0149
30.3867 144.0780
30.2689 144.4136
30.1827 144.1862
30.2551 144.3637
30.2296 144.2133
30.3887 144.3970
30.1808 144.1358
30.4920 143.9631
30.1247 144.1803
30.3951 143.8889
30.2832 144.1086
30.2910 144.1859
30.1879 143.9324
30.5008 144.0899
30.4015 144.2803
30.3465 144.0965
30.4638 143.8928
30.1561 144.1541
30.4020 143.9289
30.3354 144.1248
30.4647 144.0119
30.3317 144.2818
30.2851 144.1555
30.4615 144.1188
30.3231 144.2023
30.1720 144.2533
30.3124 144.1152
30.1844 144.1359
30.1500 144.2024
30.0984 144.1550
30.3355 144.1472
30.1688 144.1914
30.1622 144.2981
30.1458 144.2283
30.1500 144.2412
30.1565 144.2248
30.1232 144.2136
30.1681 144.2538
30.2175 144.1667
29.8728 144.0807
29.8427 143.9010
29.7170 144.0690
29.8138 144.0918
29.9132 143.8906
29.8299 143.8966
29.9040 143.8995
29.9009 144.0393
29.9425 143.7928
29.8908 143.9714
29.8410 143.8787
29.7537 144.1735
29.8424 144.1358
29.8431 144.0228
29.8530 143.9614
29.9891 144.0031
29.6991 143.9607
29.7577 143.8996
29.9434 143.8719
29.7857 143.8809
29.7996 143.9808
29.9412 144.0528
29.7730 143.9632
29.7735 143.9513
29.7050 143.9601
29.9876 143.9023
29.9593 143.9851
29.8894 144.0046
29.9473 143.9886
29.9614 143.9622
29.8496 144.0982
29.7972 144.1304
29.7754 144.0565
29.7490 144.1089
29.7466 143.9718
29.9166 143.9595
30.0703 143.9702
29.9090 143.9444
29.7196 143.8917
29.8724 144.0364
29.7397 143.8980
29.9346 143.9613
29.8905 143.9922
30.2279 144.1294
30.2552 144.0557
30.2587 143.8971
30.1516 144.0535
30.3799 144.0672
30.3326 143.9067
30.1505 143.9929
30.4107 144.1168
30.3793 143.8558
30.2591 144.0411
30.3879 143.9344
30.1038 144.0058
30.1961 144.1699
30.3350 143.9311
30.3090 143.8786
30.3016 143.9180
30.3618 143.9711
30.3707 143.7993
30.4734 144.0331
30.3563 143.8951
30.3869 144.1168
30.3127 144.0142
30.5065 143.8986
30.3197 143.9526
30.4424 143.7843
30.4484 143.8964
30.3996 143.9639
30.2615 143.8793
30.3127 143.9462
30.4628 144.0230
30.2422 144.0311
30.3096 143.9323
30.3835 143.9355
30.2074 143.8885
30.2697 143.8222
30.2959 144.0689
30.1512 144.0150
30.1925 144.0156
30.2140 143.7129
30.3589 144.0089
30.2749 144.0402
30.4096 144.0488
30.2274 143.9752
30.1214 144.0770
30.2412 143.9737
30.2881 143.8882
30.2191 144.1108
30.2417 144.1631
30.5171 143.9956
30.0792 143.9474
30.3345 144.2350
30.2140 143.7195
30.1920 143.8814
29.9520 143.9840
30.3443 144.0152
30.3877 144.0041
30.2106 143.9994
30.2076 143.9589
30.2167 143.9467
30.2453 143.8951
30.3798 143.9987
30.2111 143.9782
30.4826 143.8758
30.2467 144.1090
30.2555 143.8069
30.2720 144.0243
30.3245 144.0372
30.5410 144.0127
30.2646 143.9143
30.2413 144.0579
30.3591 144.1675
30.2866 143.9915
30.1633 143.6941
30.3676 144.0848
30.4310 143.7310
30.0484 143.6831
30.4926 144.1882
30.3007 144.0551
30.4565 143.8216
30.2200 143.9674
30.2902 143.9911
30.3827 144.0882
30.3208 143.8660
30.2633 144.0058
30.2914 144.0477
29.8062 143.7617
30.1886 144.0865
30.3331 144.0323
30.2055 143.8829
30.2964 143.9371
30.2589 143.9115
30.1906 143.9036
30.2490 143.9378
30.1585 143.9218
30.3067 144.0166
30.3279 143.9100
30.2808 143.9203
30.2407 144.0061
30.3045 143.9208
30.2109 144.0212
30.3792 143.8831
30.2981 143.9653
30.4417 143.9485
30.1720 144.0541
30.2992 144.0764
30.3258 143.9297
30.3280 144.0121
30.0874 143.9616
30.4269 143.9997
30.2474 144.0538
30.3733 144.0085
30.3000 143.8852
30.1280 143.8634
30.3050 143.9485
30.3771 143.9623
30.1330 143.9596
30.2752 143.9776
30.2720 143.8764
30.2282 144.0316
30.2395 143.9898
30.2484 143.9321
30.2807 143.9568
30.4112 143.9709
30.2596 143.8839
30.4007 144.1955
30.1846 144.0349
30.4149 144.0478
30.3915 143.8938
29.7708 143.9461
29.8683 143.9881
30.2541 144.1984
30.1256 144.4883
30.1977 144.2465
30.0622 144.1192
30.3014 144.1273
30.0760 144.2814
30.1974 144.2295
30.0016 144.2053
30.1177 144.3909
30.1769 144.5546
30.1087 144.3455
30.3324 144.3754
30.1850 144.2317
30.2243 144.1222
30.2393 144.1636
30.1245 144.4279
30.1068 144.3033
30.2630 144.1470
30.1167 144.2869
30.1786 144.3102
30.1313 144.3974
29.9743 144.2012
30.1737 144.3130
30.2397 144.2843
30.1425 144.3222
30.0184 144.1625
30.0909 144.2705
30.0270 144.4046
30.1257 144.3573
30.1877 144.3219
30.2495 144.1947
30.3076 144.2473
30.2567 144.3012
30.2716 144.2691
30.1059 144.3733
30.1296 144.3995
30.1262 144.3737
30.1643 144.2856
30.0634 144.3864
30.2031 144.1819
30.1246 144.2820
30.1457 144.1002
30.0722 144.2877
30.1330 144.1990
30.2261 144.2051
30.0839 144.2877
30.0896 144.2111
30.2319 144.2620
30.0781 144.4368
30.2023 144.4282
30.1715 144.2217
30.2277 144.3667
30.0738 144.3435
30.1563 144.1974
30.1741 144.2390
30.1822 144.5730
30.0748 144.1423
30.0926 144.1678
30.2358 144.3119
30.1533 144.4696
30.1209 143.9399
30.0430 144.3274
30.2504 144.2867
30.1638 144.2013
30.1339 144.2950
30.0161 144.3170
30.2212 144.2014
30.1647 144.3428
30.0933 144.2559
30.1275 144.3188
30.0380 144.1406
30.1005 144.1561
30.2232 144.0774
29.9911 144.3284
30.0650 144.2063
30.1480 144.4564
30.1554 144.2755
30.1123 144.2404
29.9631 144.1309
30.0641 144.2386
30.3489 144.2463
30.0399 144.2176
30.0943 144.2072
30.1707 144.3017
30.3105 144.3627
30.1721 144.3770
30.1401 144.2021
30.1341 144.4417
30.2731 144.3244
30.2072 144.4616
30.1206 144.1263
30.1387 144.2778
30.2750 144.1816
30.0496 144.3935
30.2647 144.1656
30.2975 144.3444
30.4094 144.1373
30.0347 144.1723
30.0910 144.0914
30.2766 144.2353
30.3522 144.2397
29.8841 144.2475
30.2928 144.4182
30.0240 144.3115
30.3408 144.1983
30.1232 144.2522
30.1452 144.1762
30.0771 144.1849
30.2416 144.3005
30.0495 144.2233
30.1469 144.2268
30.2265 144.2807
30.0001 144.2594
30.2042 144.2861
30.2076 144.3244
30.0023 144.0976
30.2245 144.2352
30.2204 144.1817
30.2123 144.3289
30.1777 144.2554
30.1553 144.2672
30.1463 144.2782
30.1347 144.1766
30.1727 144.2154
30.1066 144.2052
30.1678 144.2841
30.0166 143.9332
30.0362 143.9761
29.8905 143.9210
30.0493 144.4542
29.8931 144.4129
29.9436 144.1132
29.9713 144.1223
29.9393 144.0755
29.9277 144.0036
29.9582 144.1301
29.9103 144.0336
29.9374 144.0182
29.9199 144.0504
29.9818 143.9590
29.8956 144.0012
30.0469 143.9063
30.0213 143.9358
30.0746 143.9755
29.8290 144.1561
29.9818 144.1040
30.0244 144.1264
29.9889 144.2715
30.1733 144.3119
30.1543 144.2582
30.1818 144.2763
30.3002 144.1360
30.1067 144.3862
30.2097 144.2830
30.2041 144.3311
30.3827 144.4401
30.2604 144.2845
30.3067 144.2896
30.0772 144.2190
30.2071 144.1917
30.1120 144.3238
30.2661 144.2294
30.1107 144.3062
30.1490 144.3511
30.1939 144.3954
30.2035 144.2132
30.1841 144.2225
30.0396 144.2347
30.1299 144.3373
30.1598 144.3720
30.3376 144.2174
30.0913 144.4393
30.1137 144.2131
30.1157 144.2941
30.1469 144.4176
30.2442 144.2118
30.1131 144.2876
30.3059 144.2900
30.1749 144.2780
30.1244 144.2209
30.2608 144.1929
30.3181 144.2191
