104.2180 150.2561
104.2549 150.3255
103.9734 150.1003
104.1170 150.2369
104.2749 150.3235
104.1826 150.1827
104.0912 150.3217
103.9642 150.2978
104.2155 150.4825
104.0321 150.3542
104.4150 150.5318
104.2289 150.2523
104.2761 150.2038
104.3537 150.3693
103.9541 150.2858
104.0054 150.1796
104.1245 150.3656
104.4295 150.3322
103.8836 150.3392
104.2674 150.2765
104.1603 150.4062
104.0563 150.3113
104.2093 149.9590
104.1906 150.2115
104.4490 150.5075
104.3052 150.4231
104.4189 150.4183
104.0830 150.1781
104.0290 150.2644
104.3644 150.0439
103.9522 150.2595
104.0050 150.3942
104.0664 150.2493
104.0886 150.2455
104.1245 150.3620
103.9861 150.2733
104.1202 150.3803
104.2056 149.9565
104.2927 150.1759
104.1319 150.2223
104.2303 150.3531
104.1250 150.2860
104.4060 150.3510
104.1022 150.2552
104.3285 150.1102
104.5120 150.6042
104.3250 150.0374
104.3373 150.3106
104.3649 150.0790
104.3861 150.1916
104.3458 150.5059
104.3854 150.1716
104.6783 150.2213
104.4562 150.3048
104.6175 150.2855
104.2973 150.2581
104.6087 150.3817
104.7749 150.1420
104.4984 150.2345
104.5044 150.2298
104.3499 150.2467
104.6466 150.3791
104.4372 150.1356
104.6362 150.2100
104.4482 150.3128
104.3295 150.2093
104.4720 150.1381
104.3854 150.1445
104.3822 150.2517
104.4439 150.2443
104.2911 150.1453
104.4823 149.9886
104.4891 150.1950
104.3329 150.2586
104.4571 150.5733
104.7882 150.1017
104.2275 149.9811
104.3540 150.0051
104.4696 149.9393
104.1519 150.4332
104.3176 150.3221
104.2996 150.0357
104.6415 150.2151
104.5324 150.2922
104.4885 150.2909
104.4477 150.1881
104.5536 150.1764
104.4621 150.2735
104.5529 150.0760
104.4646 150.1535
104.5626 150.2120
104.3938 150.3238
104.4902 150.1189
104.4993 150.1308
104.4662 150.2754
104.5646 150.2572
104.5713 150.2856
104.5391 150.2838
104.5515 150.2079
104.5771 150.1723
104.5499 150.2054
104.6270 150.0246
104.5451 150.2127
104.2251 150.4084
104.5569 150.1672
104.5204 150.3098
104.4626 150.0764
104.4213 150.2286
104.7004 150.1198
104.6078 150.1663
104.5370 150.0536
104.4911 150.2725
104.3339 150.0997
104.6475 150.3470
104.5201 150.2531
104.5047 150.1153
104.4951 150.2493
104.4930 150.2910
104.7563 150.1309
104.3899 150.2016
104.5465 150.2856
104.8069 150.2695
104.4627 150.2065
104.3538 150.2267
104.5644 150.2406
104.3482 150.3238
104.6243 150.2495
104.4221 150.2493
104.6403 150.0335
104.4513 150.0629
104.5428 150.2765
104.6901 150.2202
104.5636 150.2485
104.4691 150.1778
104.4823 150.1522
104.4079 150.3553
104.5373 150.1389
104.4031 150.2194
104.5264 150.0923
104.3500 150.1557
104.6137 150.2713
104.6984 150.2610
104.2609 150.4773
104.5555 150.1656
104.5984 150.1934
104.5617 150.1993
104.6438 150.1604
104.4366 150.2061
104.3980 150.3421
104.6504 150.2814
104.5862 150.2375
104.5886 150.2170
104.7058 150.3212
104.5048 150.2234
104.5206 150.3850
104.4966 150.1626
104.5651 150.1788
104.3041 150.2705
104.5609 150.2227
104.4302 150.1221
104.4858 150.1993
104.4697 150.1041
104.6480 150.2677
104.5822 150.1235
104.6310 150.2952
104.6614 150.1999
104.4857 150.3132
104.4238 150.2009
104.5453 150.1742
104.5558 150.1888
104.3932 150.1851
104.3677 150.2256
104.5506 150.2554
104.4128 150.3212
104.6826 150.2254
104.5649 150.2936
104.5870 150.2314
104.5919 150.2325
104.5637 150.2397
104.5417 150.3006
104.5180 150.3508
104.5193 150.1319
104.5543 150.1328
104.5838 150.3352
104.5482 150.2341
104.2777 150.3908
104.6899 150.2054
104.6035 150.4431
104.2627 150.2680
104.4188 150.0660
104.5584 150.5704
104.5180 150.4875
104.2689 150.1739
104.2259 150.4058
104.6408 150.4201
104.4730 150.3399
104.5471 150.4385
104.7507 150.5168
104.6726 150.1521
104.3966 150.5574
104.5342 150.4469
104.2889 150.6865
104.2733 150.0638
104.4250 150.1538
104.3638 150.4208
104.5374 150.5124
104.3862 150.5278
104.3593 150.4317
104.2940 150.6868
104.2054 150.4169
104.5173 150.4657
104.6700 150.6094
104.3363 150.3091
104.4280 150.5677
104.5375 150.6085
104.3787 150.4930
104.5549 150.6658
104.4580 150.5057
104.5413 150.6682
104.4891 150.5302
104.3197 150.6442
104.4561 150.7847
104.4857 150.7073
104.1101 150.1914
104.4581 150.3744
104.5453 150.5219
104.6599 150.4743
104.7214 150.4601
104.5766 150.4817
104.5202 150.4663
104.3759 150.5193
104.4883 150.4158
104.4643 150.5495
104.4158 150.4611
104.3395 150.5488
104.3867 150.6892
104.2499 150.4836
104.5226 150.6038
104.4895 150.4549
104.3856 150.5726
104.3279 150.6851
104.4728 150.3806
104.4058 150.4025
104.4814 150.4490
104.3675 150.6461
104.3911 150.5272
104.4846 150.4371
104.4955 150.6636
104.4822 150.4212
104.4176 150.5928
104.3119 150.3575
104.5923 150.5734
104.6248 150.4686
104.5876 150.5103
104.5790 150.5976
104.6056 150.3764
104.3149 150.5126
104.6227 150.4990
104.5475 150.6863
104.2325 150.5912
104.5293 150.7412
104.5558 150.6191
104.3245 150.6617
104.3020 150.4072
104.2947 150.5407
104.6832 150.4077
104.4513 150.5061
104.2190 150.4841
104.6118 150.6262
104.3952 150.4572
104.4147 150.3906
104.4023 150.4086
104.5098 150.4856
104.5442 150.5773
104.5352 150.5296
104.5111 150.5475
104.3554 150.5513
104.5123 150.4832
104.4349 150.5157
104.4326 150.5027
104.4826 150.5072
104.4297 150.4408
104.3755 150.4429
104.3226 150.5943
104.5010 150.6519
104.4757 150.4596
104.6393 150.5974
104.6475 150.4072
104.6364 150.5792
104.3861 150.3742
104.5370 150.4139
104.5104 150.6269
104.1193 150.4462
104.0693 150.4744
104.1804 150.3374
104.2041 150.2512
104.3146 150.2748
104.0687 150.4943
104.3398 150.3633
104.3025 150.2720
104.2309 150.3174
104.1381 150.4166
104.3199 150.3171
104.1333 150.2825
104.4490 150.3119
104.2317 150.3907
104.0543 150.3550
104.4192 150.2532
104.1250 150.2519
104.0325 150.2462
104.1562 150.3220
104.4001 150.0682
104.2040 150.3461
104.2252 150.3130
104.2350 150.1916
104.2204 150.3587
104.0546 150.3084
104.3748 150.3650
104.5069 150.5369
104.4839 150.4499
104.3606 150.3653
104.5652 150.5910
104.5172 150.5254
104.3164 150.2995
104.4117 150.2673
104.3251 150.2634
104.2952 150.5182
104.4673 150.4520
104.1648 150.3245
104.2325 150.5027
104.4381 150.3264
104.1618 150.4981
104.2446 150.4934
104.2758 150.3610
104.3120 150.4397
104.1758 150.4201
104.1840 150.3480
104.3210 150.3939
104.1073 150.4287
104.1678 150.3153
104.3683 150.3966
104.3705 150.4079
104.2631 150.5495
104.1836 150.4189
104.2653 150.3480
104.4778 150.2931
104.2141 150.5016
104.1979 150.3073
104.1217 150.4229
104.3487 150.3168
104.1854 150.3003
104.1568 150.5087
104.1350 150.5831
104.2572 150.2974
104.3151 150.3546
104.1225 150.2539
104.3524 150.4512
104.0903 150.4316
104.1391 150.4765
104.2125 150.4210
104.3354 150.2447
104.1271 150.4050
104.0679 150.1839
104.3278 150.3820
104.2716 150.2341
104.2240 150.2877
104.2131 150.5187
104.1049 150.3707
104.3130 150.4357
104.0778 150.3434
104.1588 150.2677
104.3237 150.2648
104.2490 150.4039
104.2077 150.4395
104.1468 150.3540
104.2935 150.3564
104.0073 150.4433
104.1511 150.3754
104.2867 150.3898
104.2439 150.2921
104.2462 150.2424
104.3125 150.4091
104.3007 150.3701
104.2472 150.3347
104.2972 150.3201
104.2654 150.3029
104.2233 150.4344
104.4027 150.3116
104.2472 150.3571
104.3534 150.3386
104.3058 150.3727
104.2354 150.3813
104.1496 150.2231
104.1287 150.3629
104.1875 150.2936
104.2608 150.4714
104.1879 150.2857
104.2311 150.4813
104.2584 150.2763
104.2692 150.4545
104.1988 150.3079
104.0422 150.3741
104.3284 150.2679
104.1201 150.1010
104.2540 150.3903
104.0340 150.4644
104.2562 150.2584
104.0497 150.3285
104.1777 150.3186
104.3739 150.5242
104.2564 150.3465
104.3426 150.3281
104.2480 150.3632
104.2171 150.4354
104.1452 150.2830
104.4321 150.2666
104.2497 150.3393
104.2500 150.5248
104.2634 150.2880
104.1945 150.3580
104.2266 150.2464
104.2829 150.3131
104.0911 150.3370
104.1339 150.3980
104.1869 150.4843
104.2361 150.5483
104.2445 150.3768
104.2014 150.3160
104.1716 150.3254
104.2368 150.6069
104.0188 150.6125
104.2268 150.4134
104.1604 150.3555
104.2012 150.2946
104.1827 150.3170
104.0939 150.2211
104.2035 150.3458
103.9424 150.3565
104.3789 150.3732
104.5337 150.3396
104.6878 150.2051
104.4312 150.2886
104.5304 150.3219
104.4857 150.3486
104.5389 150.3113
104.6164 150.3869
104.5199 150.4270
104.5140 150.3545
104.7393 150.1806
104.5733 150.3116
104.3841 150.2458
104.5756 150.2010
104.4976 150.4429
104.5845 150.6296
104.5200 150.6012
104.5935 150.4331
