84.6937 148.2866
84.8237 147.9947
84.7386 148.1247
84.7799 148.3651
84.7283 147.9809
84.6909 148.3650
84.8206 148.4738
84.8973 148.5106
84.8549 148.3670
84.8681 148.3706
85.0697 148.5152
84.7676 148.3502
84.7896 148.4115
84.7596 148.3512
85.0299 148.4249
85.0462 148.4282
85.2166 148.4114
84.8627 148.3904
85.0764 148.4830
84.8784 148.2341
84.9762 148.3775
84.8652 148.2923
85.0229 148.3988
84.9144 148.5557
84.8427 148.2738
85.0125 148.3994
84.8639 148.4685
84.9992 148.4017
84.8209 148.2447
84.8773 148.3922
84.8371 148.3242
84.9433 148.2192
84.8811 148.5679
84.9439 148.4616
85.0679 148.3884
84.8924 148.5433
84.9748 148.5212
84.9467 148.4246
84.8430 148.4597
84.9701 148.3357
84.9205 148.4746
84.9654 148.3805
85.1997 148.5655
84.8739 148.3709
84.8187 148.2886
84.9409 148.4907
84.9852 148.3010
84.7749 148.3754
84.7762 148.3899
84.9672 148.3589
84.7721 148.3643
84.8345 148.4506
84.6566 148.2713
84.9718 148.4457
85.0963 148.3241
84.8842 148.3279
84.8682 148.3981
84.7932 148.4131
84.9503 148.4933
84.8407 148.4680
84.8271 148.3984
84.8122 148.4090
85.0267 148.3563
84.9350 148.4827
84.8232 148.5057
84.9347 148.4554
84.9608 148.3588
84.8561 148.3186
84.9295 148.4480
84.8771 148.3882
85.0938 148.3002
84.8517 148.4357
85.0814 148.4753
84.8943 148.3744
84.8629 148.3452
84.9511 148.4212
84.8817 148.4887
84.8121 148.3187
84.9082 148.3320
85.0128 148.4025
84.8508 148.4608
84.8115 148.4545
84.8460 148.5077
84.8970 148.4545
84.8866 148.3916
84.7911 148.3822
84.6954 148.3888
84.8532 148.5208
84.9975 148.2538
84.9700 148.4096
84.8847 148.4281
84.8277 148.5444
84.8256 148.5741
84.9897 148.4629
85.0702 148.5606
85.0487 148.4642
84.9421 148.5242
84.9460 148.4120
84.7691 148.1504
85.0461 148.3411
84.8884 148.2442
84.8331 148.5521
84.9750 148.5878
84.9484 148.4100
85.2384 148.2971
84.7013 148.2638
85.0466 148.5936
85.0186 148.1628
85.0545 148.4360
84.8737 148.2951
84.9818 148.2650
84.8362 148.2955
84.8074 148.3916
84.9827 148.4945
85.0669 148.2609
84.9406 148.4031
84.8125 148.3097
84.8814 148.3591
85.0375 148.0995
85.2874 148.1971
84.7773 147.9651
84.7010 148.1071
84.8617 148.0722
84.9198 148.1779
84.9127 148.0331
84.9707 148.0781
84.7113 147.9562
84.8096 148.1122
84.6654 148.1025
84.7520 148.0285
84.7833 148.0638
84.8035 148.1186
84.7137 148.0701
84.7653 148.0160
84.7575 148.0797
84.7125 148.0275
84.7282 148.0590
84.7910 148.1234
84.7372 148.0773
84.7305 148.0880
84.7582 148.1215
84.8211 148.0896
84.7682 148.0439
84.7611 148.0594
84.7791 148.0052
84.7695 148.0704
84.7383 148.0930
84.7147 148.0567
84.7949 148.0655
84.8149 148.1330
84.7539 148.0213
84.8408 148.1036
84.7303 148.0895
84.7430 148.0643
84.7470 148.0482
84.7315 148.0901
84.6599 148.1054
84.7032 148.1741
84.8301 148.0946
84.7834 148.0808
84.7525 148.0098
84.7641 148.0448
84.8726 148.1507
84.8639 148.0191
84.7693 148.0765
84.7457 147.9634
84.7824 148.0558
84.8638 148.0903
84.6991 148.0639
84.7908 148.0199
84.7548 148.0757
84.7773 148.0786
84.7412 148.0312
84.7627 148.0822
84.7714 148.0743
84.7819 148.0756
84.7179 148.1312
84.7641 148.1076
84.7176 148.0910
84.7329 148.0444
84.7720 148.0148
84.7539 148.0746
84.7550 148.0969
84.7526 148.0672
84.7508 148.0863
84.7595 148.1120
84.7686 148.0870
84.7852 148.0596
84.8520 148.0232
84.7775 148.0927
84.8607 148.1909
84.7112 148.1039
84.7774 147.9930
84.7181 148.1196
84.7334 148.0634
84.8423 148.0800
84.7839 148.0612
84.7816 148.0468
84.7274 148.0589
84.7954 148.0988
84.7123 148.1202
84.8175 148.0859
84.7860 148.0973
84.7760 148.0868
84.7928 148.0541
84.7244 148.0943
84.7200 148.1179
84.7402 148.1310
84.7968 148.0018
84.8093 148.0344
84.7920 148.0625
84.7937 148.0189
84.7473 148.0982
84.7555 148.0984
84.7648 148.0562
84.7393 148.0257
84.7880 148.0973
84.7183 148.0903
84.7720 148.0011
84.7806 148.0534
84.7511 148.1030
84.7408 148.0655
84.8258 148.0376
84.7711 148.0290
84.7363 148.0302
84.7197 148.0924
84.7602 148.0800
84.7577 148.0405
84.7486 148.1124
84.7761 148.0818
84.7177 148.0964
84.7507 148.0352
84.7382 148.0040
84.7350 148.0978
84.8053 148.0913
84.7667 148.0755
84.7501 148.0645
84.7750 148.0491
84.8489 148.1454
84.7903 148.0684
84.7925 148.1212
84.7913 148.1507
84.7427 148.1074
84.7477 148.0797
84.8056 148.0886
84.7710 148.0901
84.7690 148.0838
84.8148 148.0110
84.7123 148.0924
84.8087 148.0576
84.7631 148.0980
84.7790 147.9757
84.7650 148.1284
84.8926 148.0706
84.7588 148.0220
84.7518 148.0791
84.7520 148.1036
84.7657 148.0598
84.7475 148.0806
84.7154 148.0178
84.8289 148.0434
84.8198 148.1057
84.8065 148.0968
84.7340 148.0058
84.8232 147.9896
84.8916 148.0844
84.7282 148.0352
84.7447 148.0888
84.7298 148.0792
84.7812 148.1155
84.7541 148.0759
84.7800 148.0431
84.7726 148.1149
84.7635 148.0627
84.8253 148.0903
84.7012 148.0606
84.7626 148.0096
84.8036 148.0869
84.7154 148.0875
84.7577 148.0489
84.7654 148.0976
84.7783 148.1294
84.7716 148.0398
84.7571 148.0634
84.7516 148.0428
84.7074 148.0796
84.7070 148.0769
84.7988 148.0381
84.8137 148.0605
84.7646 148.1038
84.7578 148.0522
84.7503 148.0803
84.7456 148.0710
84.7990 148.0213
84.8152 148.0540
84.7479 147.9835
84.9815 148.5822
84.9493 148.3114
84.8034 148.4118
84.7967 148.5094
84.9990 148.3541
85.0594 148.3384
85.0121 148.4163
84.8519 148.3743
84.8951 148.5128
85.0192 148.4608
85.1708 148.4095
85.0484 148.4440
85.1432 148.3840
84.9887 148.3495
84.8541 148.4513
84.8880 148.2673
84.7754 148.4996
85.0574 148.5648
84.6468 148.2748
85.0453 148.5012
84.8021 148.3749
85.0316 148.3047
85.0775 148.2764
84.9887 148.5565
85.0073 148.2346
84.9902 148.3326
85.1348 148.2930
85.0557 148.2846
84.8689 148.3208
85.0922 148.4108
84.9353 148.5671
85.0104 148.3052
84.8920 148.3624
84.9696 148.4017
85.0033 148.3577
85.0050 148.3227
85.0024 148.3636
84.7552 148.3232
84.9680 148.4491
84.7864 148.3644
85.0947 148.3065
85.1007 148.1734
85.0303 148.4116
84.8555 148.3687
85.0081 148.4446
85.0198 148.4943
85.0344 148.4254
84.9995 148.2872
84.8893 148.4469
85.1966 148.3955
84.8808 148.5484
84.8134 148.2453
84.7114 148.2753
85.0353 148.4348
84.8521 148.3087
84.8579 148.4010
85.0448 148.3585
84.9168 148.3943
84.9666 148.2929
84.9418 148.3313
84.9373 148.4200
84.8814 148.4124
84.9559 148.4443
84.8510 148.3934
84.9055 148.4153
84.9131 148.4121
84.8887 148.3926
84.8709 148.4726
84.9167 148.4111
84.9530 148.4096
84.8906 148.3979
84.8466 148.3821
84.9219 148.4091
84.9051 148.4413
84.9267 148.4109
84.9341 148.4065
84.9021 148.4147
84.9239 148.4196
84.8964 148.4116
84.9009 148.4370
84.8304 148.4886
84.8976 148.3923
84.8714 148.4307
84.8758 148.3814
84.9143 148.4383
85.0252 148.5423
84.8978 148.2225
84.8105 148.4977
84.8797 148.3436
84.9117 148.3890
84.9111 148.3061
84.8738 148.4359
84.8968 148.4201
84.9867 148.5617
84.6803 148.4042
84.8114 148.3442
84.7545 148.4362
84.8401 148.2998
84.9374 148.4312
84.9239 148.4488
84.9098 148.4342
84.9161 148.4617
84.8917 148.4648
84.9119 148.3943
84.9023 148.4135
84.8909 148.4229
84.8842 148.3822
84.8525 148.4078
84.8687 148.4238
84.9519 148.3640
84.9230 148.4348
84.8978 148.3793
85.0594 148.4418
84.9300 148.4243
84.8714 148.3895
84.9166 148.4072
84.8990 148.3653
84.9046 148.5063
84.8866 148.4055
84.8466 148.3643
84.9016 148.4358
84.8924 148.4038
84.8445 148.3644
84.8783 148.3649
84.9167 148.3931
84.8919 148.3798
84.8905 148.4118
84.8518 148.3805
84.8518 148.3764
84.8422 148.3793
84.8635 148.3835
84.8679 148.3871
84.8910 148.3605
84.9023 148.4026
84.9221 148.3600
84.9039 148.3747
84.8432 148.3344
84.8919 148.3694
84.9033 148.4209
84.9897 148.2486
85.0121 148.1963
85.0175 148.2272
85.0106 148.2325
85.0199 148.1959
85.0284 148.2294
85.0014 148.1971
85.0467 148.1183
85.0979 148.2317
85.0808 148.2336
85.2272 148.0331
84.9290 148.5422
85.0698 148.2631
85.0341 148.1494
84.9975 148.1149
84.9896 148.2434
85.1431 148.1141
84.9870 148.2218
85.1405 148.1450
85.0779 148.1829
85.1202 148.1752
84.9932 148.1233
85.0285 148.2372
84.8918 148.1901
85.0277 148.2595
85.1410 148.2773
85.0993 148.2132
85.1630 148.1428
85.2862 148.1986
85.1348 148.1216
85.1363 148.2932
84.9448 148.3076
85.0314 148.2113
84.9694 148.2160
85.0265 148.3458
85.0865 148.1590
84.8514 148.3015
85.0306 148.3243
85.2087 148.1978
85.0645 148.2828
84.9600 148.1729
85.1283 148.2114
85.2895 148.2719
85.0662 148.4072
85.0704 148.2083
85.2214 148.2087
85.1100 148.2865
85.1369 148.1935
85.0958 148.2670
85.0416 148.2081
85.1047 148.3000
85.0649 148.3006
85.0640 148.1744
84.9979 148.1855
85.0077 148.3571
85.1070 148.1553
85.1744 148.1807
85.0911 148.2499
85.1037 148.0959
84.9943 148.3226
85.1285 148.1001
85.0172 148.2689
84.9807 148.2190
85.1232 148.1741
85.1503 148.0986
84.8639 148.1425
85.1114 148.2214
85.1249 148.2465
85.1133 148.2613
84.9461 148.3299
84.9585 148.4676
84.9376 148.3943
84.8939 148.4220
84.7629 148.3090
84.6998 148.3911
84.7407 148.3899
84.7299 148.3518
85.0876 148.2725
85.1353 148.0775
85.0919 148.2629
85.0464 148.3297
85.1083 148.2349
85.1484 148.2187
85.1296 148.2488
85.0982 148.2722
85.0618 148.2655
85.1798 148.2799
85.1538 148.2508
85.0274 148.2341
85.2186 148.2955
85.0898 148.2361
85.0185 148.3213
85.0501 148.1455
85.0252 148.2604
84.9544 148.1667
85.0911 148.3499
85.2486 148.2432
84.9482 148.2000
85.0666 148.2729
85.0962 148.3450
85.1185 148.3242
85.1616 148.2498
85.1343 148.1622
85.0740 148.3125
85.2252 148.1872
85.2056 148.2217
84.9432 148.1617
85.1800 148.2252
85.2056 148.2370
85.0690 148.2169
85.1136 148.2035
84.9908 148.2320
85.1577 148.1308
85.0352 148.2911
85.0988 148.2347
85.0958 148.3048
84.9926 148.2478
84.9435 148.2344
85.0527 148.2210
85.0263 148.3502
85.1261 148.3688
84.9508 148.3532
85.0264 148.3336
84.9826 148.2152
85.1912 148.2311
85.0775 148.3629
85.0826 148.2360
85.0441 148.1955
85.0729 148.2843
85.1042 148.2778
85.1688 148.0846
85.1126 148.2100
85.1049 148.2254
85.0092 148.3218
85.0891 148.3888
85.0117 148.2123
85.1345 148.1509
85.0539 148.2708
85.2589 148.3846
85.0798 148.2345
85.2054 148.2335
85.2453 148.2913
85.1359 148.2617
85.0420 148.2469
84.9912 148.2702
85.1540 148.2998
85.0978 148.2355
85.1943 148.3442
85.1542 148.1797
85.0816 148.2525
85.0077 148.2272
85.0510 148.1754
84.9936 148.3541
85.0401 148.1906
85.1996 148.2619
85.1140 148.2677
85.0458 148.1384
85.0891 148.3009
84.9555 148.3032
85.0522 148.2645
85.0801 148.2232
85.0886 148.1542
85.0355 148.2118
85.1621 148.3029
85.2591 148.3168
85.1158 148.2496
85.1290 148.1570
85.0490 148.2981
85.1140 148.2076
85.1333 148.2814
85.2547 148.1985
85.1340 148.3773
85.1500 148.3315
85.2283 148.2290
84.9804 148.2804
85.1110 148.2756
85.0871 148.1955
85.1201 148.2709
85.1242 148.2802
85.1955 148.1811
85.1575 148.3001
85.0229 148.3029
85.2444 148.2425
84.9698 148.3087
85.0341 148.2724
85.0610 148.1635
85.0639 148.1351
84.9868 148.2382
84.9987 148.2537
85.1393 148.2436
85.0314 148.1995
85.2374 148.2021
85.1691 148.2898
85.0302 148.3066
85.0190 148.3621
85.1240 148.1870
85.1022 148.3140
85.0200 148.1208
85.2041 148.2061
85.0358 148.3466
84.9465 148.4963
84.8041 148.3825
84.8936 148.4895
84.9609 148.4197
84.9518 148.3814
84.9324 148.5346
84.9703 148.3805
84.9724 148.3305
84.8644 148.4910
84.9658 148.3917
84.9216 148.4426
84.8320 148.3168
85.0725 148.1624
85.1239 148.2396
85.1387 148.1938
85.0454 148.3048
85.0149 148.0820
84.9793 148.1580
85.0395 148.1607
84.8661 148.3193
