125.1048 126.7382
124.9423 126.7152
124.9987 126.7578
124.9735 126.7912
125.0286 126.8047
125.1259 126.7439
124.8533 126.8705
125.0361 126.7951
125.1282 126.6916
125.1071 126.7616
125.1940 126.7708
124.8976 126.8885
125.0158 126.8927
124.8796 126.7332
124.9424 126.9226
124.9507 126.8394
124.9825 126.8652
125.0293 126.8914
125.1803 126.7719
125.0685 126.8742
125.1812 126.7888
125.0853 126.8230
124.8466 126.9339
124.9695 126.8441
124.7508 126.7537
124.9388 126.9496
124.8841 127.0419
124.8815 126.9021
124.8373 126.8898
125.1204 126.9378
125.2853 126.9510
124.8651 126.7799
124.8990 126.7518
124.8654 126.9340
124.9025 126.8229
125.0705 126.9448
124.9942 126.8782
124.6882 126.8781
124.8386 126.9561
124.8548 126.9682
124.7771 126.9056
124.8607 126.8063
124.8083 127.0728
124.7752 126.9305
125.0227 126.8303
125.0800 126.9744
125.1001 126.9129
124.8147 126.9196
124.7140 127.0119
124.9851 126.9886
124.8535 126.8528
124.8818 127.0143
125.0328 126.8785
124.9444 126.8486
124.9031 126.8654
124.6968 126.8612
124.9755 127.0327
124.8247 126.9874
124.8848 127.0133
124.8457 127.0009
124.8860 127.0495
124.8967 127.0620
124.6634 126.7750
124.9210 126.9000
124.6349 126.8324
124.8529 126.8651
125.0085 126.9271
124.8817 126.9335
124.7372 126.6910
124.9004 126.8509
124.8880 126.9218
124.9550 126.9535
124.7129 127.0826
124.9010 126.8107
124.8622 126.9258
124.8923 126.9355
124.8806 127.3119
124.6973 126.8673
124.6423 127.0159
124.6587 127.0605
124.9476 127.2200
124.5614 127.1320
124.7668 126.7957
124.7342 126.9543
124.8210 126.9216
124.8816 126.9973
124.5750 127.2105
124.6499 126.9291
124.9641 127.1523
124.4381 126.9613
125.0104 126.6597
124.7152 126.6691
124.8042 126.6329
124.8735 126.8438
125.1537 127.1441
124.8486 126.8655
124.8625 126.8309
124.7815 126.8193
124.9358 126.6542
124.8413 126.7960
124.7695 126.6383
124.6283 126.6625
124.7136 126.7798
124.6651 126.7356
124.7808 126.5613
124.7560 126.7190
124.5960 126.7906
124.6637 126.5669
124.9643 126.6794
124.7154 126.8512
124.5870 126.8204
124.7957 126.5907
124.6127 126.6396
124.7810 126.7369
124.5915 126.7472
124.5704 126.6212
124.7447 126.9279
124.6949 126.7382
124.8708 126.5845
124.5438 126.7157
125.0090 126.7235
124.8351 126.5580
124.8638 126.5424
124.9007 126.6362
124.7289 126.7891
124.6471 126.9048
124.8281 126.7135
124.6009 126.6895
124.6728 126.6103
124.6895 126.7661
124.7493 126.6158
124.5723 126.6682
124.7986 126.8796
124.8548 126.8547
124.9009 126.6739
124.7086 126.9289
124.6218 126.6879
124.8022 126.7319
125.0381 126.7858
124.6945 126.8603
124.8076 126.7851
124.8046 126.7122
124.7365 126.6911
124.7049 126.6758
124.7229 126.7084
124.7566 126.7125
124.7192 126.7166
124.7008 126.7027
124.7377 126.6557
124.8609 126.7159
124.9066 126.7561
124.6878 126.7568
124.6257 126.6542
124.8785 126.9962
124.5896 126.9413
124.9373 126.9029
124.7116 126.9397
124.8675 127.0047
124.8634 127.0011
124.9283 127.1579
124.7837 126.9956
124.8027 127.0982
124.8436 126.7990
124.7804 126.7727
124.7565 127.1389
124.8253 127.0009
124.8291 127.0423
124.8451 127.0713
124.7092 126.9950
124.7504 127.1066
125.2364 126.7855
124.8876 126.6181
124.5747 126.8244
124.8957 126.6987
124.9494 127.0361
124.9756 126.7355
124.8328 126.7905
124.8060 126.7430
124.8921 126.8120
124.5298 126.7219
124.8923 126.7241
124.7731 126.5751
124.7074 126.7173
124.8085 126.6005
125.0793 126.6779
124.8494 126.6875
124.8399 126.5075
124.8859 126.8544
124.8773 126.7303
124.6669 126.8286
124.8618 126.7659
124.9044 126.8710
124.8390 126.7618
124.7809 126.6774
124.6946 126.7839
124.9057 126.8478
124.7434 126.8803
124.9225 126.6557
124.8082 126.6328
124.7937 126.7392
124.7400 126.7487
124.6924 126.6944
124.9277 126.8328
124.8284 126.7216
125.1487 126.7912
125.2274 126.8331
125.2157 127.0979
124.9740 126.7706
125.0797 126.8303
125.1555 126.8908
125.1780 126.8864
125.1248 126.7336
125.4042 126.9506
125.2884 126.8546
125.3056 126.8589
125.1469 126.8147
125.1739 126.7807
125.1423 127.0152
125.2973 126.8327
125.1163 126.8610
125.1418 126.8797
125.1824 126.7337
125.2981 126.8329
125.0082 126.9358
125.2244 126.8840
125.0108 126.7151
125.0534 126.9726
125.2590 126.8764
125.1611 126.7913
125.1201 127.0536
125.2813 126.8725
125.1817 126.7886
125.1655 127.0253
125.0129 126.9904
125.0063 126.9336
125.2452 126.9606
125.1544 126.8650
124.9969 126.7691
125.1755 126.9413
125.1550 126.7969
125.2232 126.9439
125.3818 126.7634
125.1543 126.8491
125.2336 127.0361
125.1760 126.9781
125.2047 126.9124
125.0765 126.8247
125.2273 126.8091
125.1199 126.8214
125.1667 126.8500
125.1988 126.8568
125.1681 126.8876
125.1045 126.8811
125.2928 126.7296
125.1745 126.7553
125.2793 126.7123
125.3322 127.0626
125.2624 126.8782
125.2736 126.8601
125.1521 126.8275
125.1791 126.8712
125.1645 126.8633
125.2275 126.9239
125.0766 126.8786
125.2017 126.8987
125.1862 126.8653
124.9646 127.0853
124.8614 126.9066
124.7931 127.0158
124.9201 126.9170
124.8178 126.9685
124.9672 126.8607
124.8410 127.0053
124.8842 127.0856
124.9328 126.9730
124.8387 127.1014
124.9281 127.0423
124.8518 126.9478
124.8408 126.9949
124.9812 127.0281
124.8292 126.9500
124.8102 126.9060
124.7362 127.0120
124.9388 126.9846
124.8332 126.9722
124.8259 126.9340
124.7528 126.9220
124.7027 127.0001
124.7775 127.0095
124.8665 127.0375
124.6281 126.9145
124.7611 126.9837
124.8595 127.0457
124.9286 127.0135
124.9148 127.0834
124.8078 126.9885
125.0635 126.8979
124.8615 126.9911
124.9089 126.9879
124.9171 127.0718
124.9745 127.0625
124.9322 127.1037
124.7750 127.0799
124.9542 126.9548
124.9690 127.0029
124.8291 127.1997
124.8355 126.9999
124.8113 127.0244
124.7969 127.0638
124.9310 127.0695
124.9174 127.0592
124.8937 126.8836
124.8610 126.9020
124.8880 127.0515
124.8184 126.9966
124.7933 127.0584
124.8305 127.0202
124.7262 126.9703
125.0811 126.8594
124.8729 127.1020
124.6550 126.8835
124.8827 127.0163
124.9331 126.8887
124.8669 127.0465
124.8176 126.9955
124.8979 127.0083
124.9801 127.0532
124.9699 126.8338
124.8542 127.0246
124.9553 127.0381
124.8033 126.9834
124.7954 126.9932
124.9262 126.9136
124.7731 126.9928
124.8987 127.0353
124.9021 126.9894
124.8354 127.0089
125.0016 127.0996
124.8959 126.9435
124.9602 126.8159
124.8395 127.0087
125.0089 126.9630
124.8212 127.0946
124.7966 127.0718
124.9407 127.1324
124.7707 127.0963
124.7942 127.0330
124.9635 126.9622
124.8788 127.1193
124.8052 127.0154
124.7870 127.0400
124.9618 127.0589
124.8976 127.0495
124.9134 126.9576
124.6727 127.0603
124.9927 126.9692
124.9801 126.9466
124.9910 127.1096
124.8299 126.8854
124.8678 126.9277
124.8997 126.9530
124.8616 127.0181
124.9234 126.9944
124.8218 126.9874
124.7871 127.0214
124.8504 127.0403
124.8400 127.0015
124.8365 126.8840
124.9318 126.9388
124.9846 127.1227
124.6337 126.9381
124.8636 126.9754
124.8161 126.9993
124.9486 127.0937
124.6929 127.0462
124.9989 126.9922
124.9698 126.9916
125.0216 127.0866
124.9076 127.0035
124.7941 127.1098
124.6971 127.0716
124.8448 126.9360
124.8848 127.0976
124.8553 127.0351
124.8497 126.8847
124.8809 126.9545
124.8076 126.9940
124.8310 126.8264
124.8402 127.0294
124.8906 127.0727
124.8122 126.8756
124.7906 126.9861
124.7661 127.1243
124.8728 126.9382
124.8189 126.9039
124.8659 126.9388
124.7942 126.9978
124.8348 127.0086
124.8390 126.9675
124.8938 126.9733
124.8640 127.0396
124.8973 126.6707
124.8356 126.6837
124.8718 126.6852
124.7477 126.9739
124.8639 126.9875
124.8175 127.0827
125.1309 127.0078
125.1949 127.0339
125.3231 127.0958
124.8522 127.1364
124.8811 127.0786
124.9733 126.9942
124.9033 126.9254
124.9546 126.9933
124.8908 126.9202
124.9716 127.0154
124.8670 127.1074
124.9338 127.0528
124.9979 126.9483
124.9718 127.0436
125.0392 126.9209
125.0977 127.0600
124.8812 126.9530
124.8930 126.9511
124.8487 127.0517
124.9676 126.9258
124.8428 127.1565
125.0380 126.9832
124.9536 127.0216
125.0522 127.0789
124.9521 127.1228
124.7983 127.1260
124.9613 126.9767
124.9979 127.1673
124.9219 126.9981
124.9571 126.9452
124.8724 126.7961
124.9587 127.1268
124.8363 127.1077
124.9379 126.9706
125.3634 126.9391
125.2065 126.9409
125.2174 126.9687
125.3324 126.8790
125.2133 127.0236
125.2397 127.0108
125.2831 126.9627
125.2408 126.9478
125.2289 126.7863
124.9734 126.9786
124.9183 127.0941
124.9511 126.9995
124.9434 127.0077
124.8819 127.0130
124.9976 127.0456
124.9437 127.0965
124.9818 126.8651
124.9556 126.9974
124.8134 127.0587
124.8550 127.0626
125.0228 127.0693
124.9480 127.0288
125.0393 127.0424
124.8381 126.9699
124.9867 126.9136
124.9989 126.9863
124.8661 126.9128
124.9213 126.8821
124.9426 126.9226
125.0239 127.0204
124.9110 126.9685
124.9165 127.1067
