37.0917 133.5600
36.9182 133.5939
36.9599 133.4126
36.9278 133.6309
36.7212 133.4255
36.9651 133.5310
36.8583 133.6260
36.8426 133.4965
36.9635 133.5217
36.9789 133.5629
36.8404 133.5292
36.8940 133.4707
37.0915 133.4741
36.7582 133.5698
37.0701 133.3675
36.8200 133.4522
36.8335 133.3912
36.9122 133.4411
36.8255 133.4243
37.1630 133.4431
36.8997 133.6844
36.7535 133.4802
36.8585 133.3457
36.9878 133.5079
37.0725 133.4035
37.0003 133.6064
36.9020 133.3241
37.1888 133.4423
36.8977 133.4651
36.9235 133.4657
36.8835 133.5760
36.9148 133.4581
36.7690 133.2637
36.9721 133.6536
36.9109 133.4848
36.9045 133.3860
36.9207 133.3724
36.8915 133.5243
36.8582 133.6090
36.9597 133.4395
36.8329 133.5067
36.9222 133.6051
37.0582 133.4710
37.0154 133.5156
36.9147 133.4471
36.8661 133.4244
36.9067 133.3961
37.0022 133.5212
36.8459 133.4509
36.8680 133.6348
36.9921 133.4729
36.9019 133.5005
36.8408 133.3733
36.8344 133.4178
37.0009 133.5518
36.8155 133.4473
36.9594 133.4411
36.8353 133.3839
36.7380 133.4277
36.9624 133.4737
36.9987 133.4038
36.9722 133.4779
36.7306 133.5679
36.7892 133.4856
36.9111 133.3569
36.9093 133.5124
36.9450 133.4007
36.8492 133.5244
36.9723 133.4833
36.8190 133.2309
36.8602 133.3354
36.7131 133.5544
36.9775 133.5383
36.9493 133.2890
36.9949 133.4831
36.8642 133.5684
36.9553 133.4740
36.7856 133.5689
37.0397 133.4223
36.8929 133.4191
36.8312 133.4980
36.9621 133.4391
36.8291 133.4852
36.9272 133.4596
36.9343 133.5072
36.8576 133.5051
36.9287 133.5185
36.8474 133.4598
36.8498 133.5148
36.9189 133.4843
36.9319 133.4488
36.6933 133.6854
36.5922 133.5577
36.5525 133.3741
36.4404 133.3428
36.4329 133.4495
36.6409 133.5833
36.6230 133.3913
36.5298 133.4397
36.5133 133.4391
36.5830 133.4445
36.5640 133.4260
36.5381 133.4017
36.5002 133.4234
36.5570 133.5207
36.4989 133.4422
36.6269 133.6834
36.7058 133.5271
36.7585 133.6113
36.6854 133.0831
36.8432 133.2362
36.8053 133.1350
36.6996 132.9839
36.7584 133.0772
36.8307 133.2144
36.6900 133.4242
36.9706 133.3849
36.9869 133.2866
37.0196 133.5947
36.9833 133.5456
36.7936 133.5053
37.0004 133.6151
36.9591 133.4498
36.9864 133.5246
36.8514 133.4916
37.0208 133.4401
36.8117 133.5024
36.9018 133.6549
36.9530 133.5709
36.9260 133.4572
36.9911 133.3224
36.8720 133.4303
36.9520 133.4212
37.1135 133.3350
36.8964 133.4669
36.8998 133.5110
36.8448 133.4805
36.9632 133.5657
36.8867 133.4977
37.0243 133.3775
37.0324 133.4910
36.9044 133.4747
37.0222 133.4896
37.0007 133.4955
36.9326 133.5367
36.9199 133.4522
36.8381 133.5634
36.9996 133.4082
37.0480 133.4723
36.9164 133.4493
36.9429 133.4823
37.0700 133.5207
36.9057 133.5751
36.9467 133.4556
36.9045 133.5169
36.9119 133.5980
36.8755 133.5399
37.0083 133.5045
36.9245 133.4173
36.9921 133.3574
36.9484 133.4562
37.0632 133.3893
37.0251 133.4873
36.9425 133.3392
36.8802 133.5157
36.8508 133.3797
36.7944 133.3244
36.7575 133.0864
36.7319 132.9179
36.8362 132.9498
36.5806 133.0979
36.7473 133.1070
36.8614 133.1942
36.7724 133.1043
36.8546 133.0393
36.8038 133.0215
36.7472 133.1611
36.7352 132.9807
36.8683 133.0479
36.7718 133.0942
36.7778 133.0724
36.8586 133.0811
36.7225 133.0019
36.9043 133.0338
36.8320 133.0430
36.8009 133.0605
36.7553 132.9574
36.7016 132.9824
36.7679 133.0891
36.8014 133.1659
36.8692 133.1337
36.7852 133.1433
36.6731 133.0756
36.8874 133.0310
36.8579 133.0243
36.7620 133.1011
36.8450 133.1024
36.8632 133.1992
36.7251 133.0117
36.7916 133.0452
36.8234 133.0794
36.6954 132.9927
36.5913 133.0552
36.8672 133.1638
36.7394 133.0381
36.7869 132.9157
36.6739 132.9987
36.7760 132.9807
36.7862 133.1721
36.9102 133.1895
36.8474 133.1578
36.7523 133.0365
36.8198 133.0221
36.7956 133.0374
36.7524 133.0112
36.8349 133.0106
36.7939 133.1210
36.8637 133.0452
36.8510 133.1095
36.7720 133.0754
36.8919 133.0187
36.7612 133.0891
36.8396 133.0082
36.7309 133.0426
36.7566 132.9951
36.8264 133.1632
36.8016 133.1300
36.7002 133.1218
36.6697 133.0458
36.7175 133.1321
36.7415 133.0590
36.7544 133.0677
36.7175 132.9960
36.8009 133.0999
36.8151 133.0423
36.7819 133.0768
36.8633 132.9985
36.8747 133.0524
36.7201 133.0768
36.7551 133.1118
36.7445 133.0514
36.7352 133.1245
36.9552 133.0954
36.7595 133.0339
36.7745 132.9942
36.9438 133.2649
36.3136 133.5197
36.8977 133.4591
36.9725 133.4472
36.9695 133.5289
36.9293 133.4252
36.8157 133.7007
36.9430 133.5083
36.8784 133.3908
37.1098 133.3466
36.9937 133.3475
36.8564 133.4726
37.0009 133.5302
36.9924 133.4818
36.8816 133.5816
36.8835 133.5402
36.9452 133.4490
37.0352 133.5865
36.8263 133.3688
37.0270 133.5607
36.8783 133.5033
37.0020 133.5247
37.0100 133.4636
36.7936 133.3756
36.9216 133.4529
37.0611 133.4584
36.9592 133.5094
36.9955 133.5148
36.6966 133.7387
37.1129 133.5937
36.9669 133.5213
36.6445 133.4745
37.0675 133.6036
36.8312 133.3274
36.9303 133.4960
36.7749 133.5494
36.8792 133.5824
37.0455 133.4844
36.9378 133.3426
36.9695 133.3307
37.0025 133.5331
36.9495 133.6931
36.9911 133.2268
36.7265 133.1844
36.5886 133.5876
36.5594 133.5124
36.5874 133.5421
37.0054 133.4823
36.5133 133.5516
36.6549 133.2363
36.7363 133.1553
36.8152 133.2104
36.7990 133.2297
36.7651 133.1953
36.7956 133.2358
36.4781 132.9313
36.7726 133.2492
36.7764 133.2282
36.7351 133.2362
36.8104 133.2079
36.7204 133.2617
36.7639 133.2157
36.7628 133.1990
36.7823 133.2045
36.7792 133.2298
36.7476 133.1219
36.8164 133.1660
36.7772 133.2234
36.7550 133.2009
36.8011 133.1675
36.8099 133.1990
36.7837 133.1644
36.7565 133.2695
36.7591 133.2173
36.6698 133.0770
