43.4107 53.9585
43.2645 53.8015
43.2602 53.9325
43.3725 53.9264
43.4558 53.9596
43.6469 54.1047
43.5648 54.0238
43.5863 54.0985
43.7322 54.1584
43.6907 54.2357
43.6026 54.3408
43.5657 54.3746
43.5707 54.3416
43.7677 54.2802
43.6735 54.1701
43.6766 54.0822
43.5671 54.2270
43.7291 54.4610
43.6272 54.1363
43.5758 54.2688
43.5936 54.2450
43.5803 54.2062
43.7600 54.2030
43.6795 54.1145
43.5599 54.4201
43.2960 53.9737
43.5568 54.0932
43.5078 54.0738
43.3197 54.0558
43.4800 53.7862
43.4398 53.8733
43.3244 53.7538
43.3114 54.1349
43.5221 53.8528
43.3041 53.9651
43.2371 53.8779
43.3128 53.9986
43.2932 53.9168
43.2820 54.1682
43.3337 54.0281
43.2365 54.0239
43.2391 54.1031
43.4038 53.9259
43.2465 54.0792
43.4841 54.1259
43.2121 54.0936
43.4527 54.0184
43.4365 54.0035
43.5040 54.0499
43.7520 54.4440
43.6365 54.3079
43.5157 54.1348
43.4576 54.0629
43.3485 54.0507
43.4300 54.0413
43.5959 54.1476
43.5401 54.2493
43.3911 54.0429
43.3791 53.6984
43.3286 54.0343
43.6307 54.0235
43.6417 53.9683
43.8559 53.9653
43.6966 54.0429
43.6130 54.0286
43.7840 54.0481
43.7434 53.8648
43.7592 53.9363
43.7710 54.0279
43.3480 54.0644
43.3535 53.9786
43.3722 53.9408
43.4613 53.9974
43.4187 54.0372
43.3915 53.9862
43.3464 54.0367
43.3256 53.9263
43.4730 54.0755
43.4234 53.9183
43.2478 54.0953
43.6348 53.9278
43.8580 53.9244
43.7448 53.8844
43.8435 53.8378
43.7817 53.9267
43.8395 53.9834
43.6667 54.0409
43.7885 53.9512
43.9291 53.9208
43.7169 53.9866
43.8167 53.9336
43.6798 54.0863
43.5651 53.9651
43.7117 54.0793
43.8435 53.9814
43.5592 54.3942
43.6664 54.0983
43.5818 54.1958
43.6031 54.2401
43.6820 54.2276
43.7085 54.0465
43.3484 53.8977
43.5518 54.0034
43.3411 54.0573
43.3528 53.8004
43.3757 53.9900
43.3524 53.8058
43.3496 53.8935
43.2270 53.9935
43.2996 53.8276
43.2585 53.9996
43.3706 53.9956
43.6233 54.2589
43.4939 54.4314
43.5500 54.3164
43.5954 54.2691
43.5306 54.2759
43.5581 54.1783
43.3936 54.3707
43.5135 54.2018
43.5209 54.1446
43.6402 54.3898
43.1874 54.2366
43.6308 54.3131
43.5783 54.2625
43.4341 54.3411
43.4874 54.0817
43.5310 54.3168
43.6226 54.1185
43.6151 54.2465
43.5517 54.3148
43.5621 54.2179
43.5700 54.1855
43.5194 54.1973
43.3974 54.4775
43.5537 54.1998
43.4971 54.3502
43.6064 54.1807
43.6550 54.2569
43.5370 54.2559
43.4762 54.1309
43.3236 54.2987
43.5693 54.2952
43.4567 54.4869
43.5751 54.3215
43.4723 54.3935
43.4159 54.3040
43.5277 54.3190
43.4200 54.2373
43.4840 54.2702
43.4756 54.1799
43.6345 54.1998
43.5294 54.4681
43.4897 54.2745
43.5726 54.0879
43.6267 54.1356
43.5786 54.2542
43.3308 54.2910
43.4920 54.1802
43.4615 54.2252
43.4854 54.2836
43.5923 54.1625
43.4812 54.3207
43.5132 54.3627
43.6185 54.1703
43.4802 54.4601
43.4046 54.1705
43.4303 54.2062
43.3544 54.2291
43.5047 54.2258
43.4858 54.4083
43.4873 54.3340
43.3673 54.1574
43.6319 54.1919
43.5629 54.3042
43.4767 54.1997
43.5197 54.3671
43.5441 54.2519
43.5541 54.2634
43.5494 54.2535
43.4460 54.2232
43.7377 53.8023
43.3833 53.9781
43.4652 53.9710
43.5033 54.0754
43.5160 53.9787
43.6602 53.9370
43.4338 54.1233
43.4934 53.9341
43.5575 53.7743
43.4448 53.9898
43.3796 53.9763
43.4433 53.9862
43.5128 54.4085
43.4857 53.8945
43.3093 53.9478
43.2514 54.0134
43.4548 54.0017
43.5576 54.0299
43.2709 53.9344
43.4247 53.7424
43.3359 53.8863
43.4550 54.0098
43.4791 54.1813
43.5615 54.0869
43.4711 53.9180
43.3500 54.0039
43.4894 54.0252
43.3866 53.8167
43.4695 53.9543
43.4996 53.9787
43.4474 53.9799
43.3287 54.0199
43.4955 54.0059
43.5675 53.9764
43.4033 53.9239
43.4861 53.8743
43.3915 53.8591
43.5161 53.8940
43.2815 54.0699
43.6310 54.0097
43.5059 53.9403
43.5998 53.9368
43.4201 54.1398
43.3392 54.0518
43.5098 54.0369
43.2651 53.8354
43.6301 54.1576
43.5377 54.0148
43.5242 53.9682
43.4078 54.0180
43.4658 53.9042
43.4205 53.9618
43.3507 53.9639
43.3347 53.8272
43.4793 54.0425
43.3732 53.8228
43.4635 54.1192
43.3498 53.9058
43.4756 54.0550
43.5707 54.0806
43.2759 54.0707
43.5016 54.0219
43.3976 53.9865
43.4025 53.9803
43.3164 54.0106
43.2978 53.9585
43.6937 53.8674
43.5434 53.9447
43.3230 53.8306
43.5423 53.9395
43.3153 53.9880
43.4402 53.8767
43.3764 53.8233
43.4088 54.0659
43.3381 53.9863
43.4401 53.9945
43.3155 53.9364
43.5807 54.0378
43.5761 54.1222
43.4530 53.9600
43.3784 54.0000
43.6216 54.0377
43.5024 53.8649
43.4790 54.0395
43.3988 54.0536
43.5419 53.9411
43.5094 54.1016
43.4051 53.9030
43.4241 54.0913
43.3810 54.2508
43.5041 53.9110
43.4197 53.9794
43.5530 54.0008
43.4252 54.1831
43.3880 53.8691
43.4848 53.9718
43.4851 54.0771
43.4533 54.0294
43.4637 54.0096
43.4479 53.9531
43.4175 54.0800
43.3239 53.9625
43.3354 54.0107
43.4854 54.0954
43.3544 53.9885
43.4450 53.9630
43.4957 53.9840
43.4639 53.9343
43.3752 54.0881
43.3368 53.8519
43.5014 53.8136
43.3632 53.8451
43.4603 54.0486
43.4137 54.0144
43.5926 53.9535
43.4885 53.9876
43.3296 53.8798
43.3144 53.8676
43.4725 54.0040
43.3749 54.1101
43.3127 54.1120
43.4883 53.9686
43.3930 54.0302
43.2810 54.0842
43.4659 54.0519
43.5427 54.0403
43.4366 53.9946
43.4429 54.1129
43.6195 53.9308
43.3555 53.9816
43.5863 54.1357
43.4628 53.9668
43.3266 54.0419
43.3578 53.9721
43.4457 53.8404
43.4116 53.9407
43.3945 53.9848
43.4487 53.9292
43.2965 54.0047
43.4611 53.9990
43.3275 53.8666
43.5340 53.9653
43.4619 53.8310
43.5049 54.0496
43.4824 54.0448
43.4388 54.0834
43.3529 53.9783
43.5925 53.9167
43.3589 53.9640
43.2941 53.9840
43.6242 54.0460
43.4636 53.9853
43.5000 54.1975
43.3743 53.7840
43.5007 54.1209
43.3085 53.9564
43.6543 54.1292
43.5394 54.2716
43.7178 54.1372
43.7130 54.1651
43.6823 54.2047
43.5175 54.0113
43.5215 54.2862
43.8351 53.9612
43.7497 54.1755
43.7310 54.5484
43.4450 54.0281
43.5784 54.1452
43.4699 54.0554
43.3905 53.9735
43.3675 54.0258
43.4129 53.9355
43.5121 53.8151
43.3864 53.9718
43.5745 54.1448
43.4356 53.8975
43.5015 53.7947
43.4707 53.9874
43.8764 54.1820
43.5742 54.3765
43.7028 54.0839
43.8578 54.2174
43.7878 54.2987
43.8871 53.9513
43.8799 54.2196
43.6603 54.3327
43.9069 54.2674
43.7727 54.2750
43.7704 54.1783
43.8071 54.1391
43.6450 54.3378
43.7309 54.2644
43.5611 54.2905
43.6555 54.1236
43.6158 54.2159
43.7350 54.1052
43.8100 54.3327
43.6430 54.2300
43.7642 54.1815
43.7616 54.0689
43.7927 54.3042
43.7098 54.3087
43.7396 53.9860
43.6788 54.2491
43.7081 54.3096
43.7543 54.2571
43.7393 54.1321
43.7032 54.1114
43.7283 54.1883
43.6777 54.1785
43.6640 54.1961
43.9118 54.1564
43.8544 54.2446
43.6362 54.3474
43.6499 54.0753
43.7412 54.2963
43.6935 54.2583
43.8401 54.2006
43.6758 54.2255
43.8079 54.1363
43.9406 54.0895
43.7766 54.3716
43.6709 54.2375
43.5904 54.1751
43.6979 54.4387
43.6809 53.8781
43.9524 54.2850
43.8978 54.3365
43.8678 54.1372
43.8063 54.1027
43.7633 54.3519
43.5121 54.3378
43.9673 53.9148
43.4779 54.0141
43.4082 53.9886
43.4154 54.0127
43.4613 53.9798
43.4897 54.0636
43.8752 53.9123
43.6171 53.9011
43.8731 53.9517
43.7542 53.9538
43.7588 53.9153
43.7120 54.0159
43.7891 53.9203
43.6882 53.8662
43.8199 53.9652
43.8731 53.8521
43.7580 53.8270
43.8051 53.9646
43.7639 53.9521
43.7295 54.0491
43.7926 54.0574
43.8605 53.8719
43.8013 54.0150
43.7900 53.9234
43.7213 53.8808
43.8329 53.9552
43.8448 53.9322
43.8765 53.8472
43.8116 53.9320
43.6618 54.1022
43.7494 53.9865
43.8082 53.9650
43.7419 54.0101
43.7364 54.0048
43.9345 54.0426
43.8010 54.0553
43.8977 54.0405
43.7844 54.0074
43.8946 53.8900
43.8297 53.9403
43.8284 53.9610
43.8692 53.9429
43.8014 53.9338
43.8759 53.8652
43.7863 53.9647
43.6484 53.9709
43.7180 53.9605
43.9588 53.9504
43.9783 54.0750
43.8175 54.0658
43.8652 54.0729
43.8586 53.9398
43.8489 53.9237
43.8176 53.8869
43.7379 53.9119
43.8829 53.9748
43.7877 53.9502
43.6948 53.8849
43.7595 54.0327
43.8440 53.9597
43.8297 53.9439
43.8987 54.0380
43.7460 53.9718
43.8864 53.8202
43.9121 53.9862
43.8305 53.9391
43.6815 53.8565
43.8964 53.8577
43.8537 53.7691
43.7097 53.8910
43.8093 53.8859
43.8125 53.8582
43.7569 53.9759
43.9109 53.9480
43.6494 53.8127
43.7361 53.9072
43.7709 53.8287
43.8945 53.8396
43.8657 53.9450
43.8639 53.8976
43.7948 53.8671
43.7595 54.0793
43.6683 54.0022
43.8088 53.8585
43.8009 53.9809
43.7813 53.8414
43.7588 53.7918
43.8135 53.8590
43.8517 53.9909
43.8235 54.0471
43.7296 54.0175
43.8921 53.9335
43.7022 53.7853
43.8508 53.8813
43.7741 53.8603
43.8128 53.9438
43.7485 53.9913
43.8210 53.9069
43.7278 53.9492
43.9220 53.9477
43.8205 53.9099
43.9193 53.9479
43.8026 53.8615
43.9173 53.9328
43.6754 53.8809
43.7740 54.0316
43.8440 53.8299
43.7866 53.8889
43.7238 53.9449
43.8381 53.9643
43.7943 54.0189
43.8747 53.8970
43.7017 53.8896
43.7213 53.8662
43.7216 53.8397
43.6844 53.9153
43.8489 53.8359
43.8465 53.9592
43.8295 53.8620
43.8342 54.0430
43.8635 53.8648
43.8168 54.0770
43.7206 53.8681
43.7834 53.9251
43.6684 53.9814
43.8637 53.8844
43.7911 53.9389
43.7210 53.9212
43.7059 54.0807
43.8718 53.8716
43.7199 53.9056
43.7506 53.9146
43.8050 53.9743
43.9209 54.0388
43.7403 53.9155
43.7805 53.9142
43.8039 54.0642
43.9186 53.8368
43.9052 53.8981
43.7026 53.7467
43.8134 53.9005
43.6865 53.8561
43.9110 53.9287
43.7979 53.7664
43.9565 54.0775
43.9118 54.0933
43.8108 53.9114
43.6991 53.8347
43.6831 53.9612
43.6077 53.8845
43.7288 53.7990
43.5836 53.8243
43.7410 53.9114
43.7246 53.9405
43.7758 53.7113
43.6874 53.9817
43.8290 54.0044
43.7884 53.8795
43.7401 53.8007
43.6753 53.9098
43.7739 54.0615
43.7185 53.8467
43.9112 53.9571
43.7891 53.9915
43.4858 54.2327
43.7275 54.0896
43.8773 53.9450
43.7845 54.0569
43.7441 53.9021
43.9070 53.8487
43.6860 53.8136
43.9535 54.0298
43.8428 53.8884
43.7799 53.8282
43.7441 54.0893
43.5778 54.2915
43.5718 54.2756
43.7246 54.2454
43.7941 54.4375
43.7005 54.4042
43.6227 54.1361
43.7127 54.4071
43.6718 54.1532
43.6728 54.1558
43.5755 54.1062
43.4259 53.9246
43.4443 53.8921
43.4358 54.0503
43.4601 53.9963
43.3842 53.7734
43.5199 54.0551
43.5942 53.9078
43.4261 53.7387
43.5178 53.9607
43.4962 53.8811
43.5633 53.9680
43.4927 53.9677
43.4108 53.8990
43.5618 53.8241
43.3796 53.9760
43.6631 54.1025
43.4267 53.8458
43.4093 53.8308
43.3574 53.8396
43.2562 53.8265
43.5711 54.0248
43.4149 53.8627
43.2601 54.0687
43.2899 53.8861
43.3801 53.7732
43.3311 53.9435
43.4958 53.8978
43.2993 54.1533
43.7854 54.1231
43.3942 53.9485
43.7705 54.0661
43.5908 53.8206
43.6071 53.7844
43.7147 53.9597
43.7184 54.0393
43.7851 53.8051
43.4171 54.2373
