12.0348 144.7766
11.9426 144.9187
11.9237 145.2227
11.8259 144.9522
11.7547 144.8405
11.8485 145.1799
11.7742 145.0478
11.7489 144.9649
11.8754 144.9925
11.7963 144.9408
11.8364 145.0285
11.7573 144.9631
11.8491 144.9040
11.8470 144.9913
11.8237 144.9683
11.8046 145.0085
11.7780 145.0142
11.7086 144.9142
11.8486 144.9512
11.9403 145.0943
11.9429 145.2207
12.2672 144.7966
12.1693 145.0783
12.0966 144.7911
12.0521 144.8564
12.2703 144.7803
12.2091 144.7435
12.2555 144.9163
12.3464 144.8515
12.2245 145.0780
11.9620 144.8537
12.3650 144.6343
11.8815 145.1344
11.7524 144.9955
11.9819 144.7512
11.9487 144.9192
12.0116 144.6950
11.9081 145.0433
11.7899 145.2113
11.8536 145.1418
11.8270 145.0140
11.7521 145.0128
11.9040 144.9380
11.8177 145.0362
11.7810 144.9871
11.8745 145.0407
11.7682 145.0455
11.8618 144.9706
11.8614 145.0163
11.8032 145.0795
11.7732 145.2140
11.8266 145.0777
12.1085 145.1490
11.9852 145.1741
12.1946 145.1910
12.0686 145.1053
12.1570 145.1202
12.1754 145.4140
12.0388 145.1631
12.0142 145.1068
12.0910 145.0663
12.1605 145.3889
12.0930 145.2660
12.1429 145.2954
12.0952 145.1122
12.0554 145.2446
12.2295 145.1774
12.1824 145.1781
12.1845 145.1829
12.2014 145.3151
12.2155 145.1694
12.1309 145.2607
12.1236 145.0467
12.1230 145.1667
12.0701 145.1738
12.1113 145.2859
11.9843 145.1717
12.0268 145.1764
12.1647 145.1787
12.1508 145.2141
12.0017 145.1181
12.0684 145.1707
12.0036 145.3080
12.0009 145.0401
11.9947 145.1113
11.9675 145.0938
12.0251 145.1769
12.0792 145.3845
12.1392 145.2724
12.1910 145.1317
12.2224 145.1899
12.0863 145.1548
12.0070 145.2064
12.1064 145.2580
11.9729 145.0257
12.2402 145.1297
12.1345 145.1337
11.9267 145.2193
12.0051 145.2658
12.0975 145.2982
12.1526 145.1823
12.0117 145.1410
12.0588 145.2473
12.1726 145.1864
12.1108 145.2506
12.0532 145.3697
12.2650 145.1919
12.1104 145.1257
12.3085 145.0968
12.1668 145.2718
12.0104 145.1281
12.1355 145.2475
12.1033 145.1439
12.1304 145.2330
12.0218 145.1357
12.1091 145.2045
12.1746 145.2593
12.2617 144.9584
12.1985 144.8951
12.2705 144.8706
12.0601 145.2284
12.1800 145.0254
12.1365 145.1956
12.0227 145.1974
12.2462 145.0120
12.1086 145.1943
11.8266 145.3527
12.0020 145.3785
12.1202 145.0017
12.1367 144.9425
12.2707 144.8074
12.2030 144.8837
12.2409 144.9037
12.1054 144.9886
12.1221 144.8353
12.2090 145.0216
12.0475 145.1353
12.3527 144.8843
12.0963 144.9702
12.3065 144.8478
12.1840 145.0020
12.1386 144.7868
12.1266 144.8858
12.2148 145.0204
12.2084 144.9536
12.1552 144.7946
12.1940 144.9534
12.1159 144.9202
12.3358 144.8238
12.2807 145.0966
12.2510 145.0168
12.1110 144.9442
12.3225 144.9854
12.0759 144.9240
12.1936 144.8645
12.2196 144.8556
12.2895 145.0545
12.3136 144.8628
12.2497 144.9299
12.2317 144.7568
12.0139 144.9903
12.0751 144.8987
12.2259 144.9430
12.3231 144.8115
12.2541 145.1895
12.1925 144.8781
12.2528 144.9024
12.2261 144.7833
12.1699 144.9578
12.2056 144.9586
12.0384 144.8130
12.2269 144.7720
12.2290 144.8668
12.3079 144.8721
12.0991 144.7424
12.3079 145.0508
12.1394 145.2019
12.2722 145.1056
12.1962 145.2593
12.0410 145.1046
12.3170 145.0702
12.2122 145.2276
12.2304 145.2543
12.2532 145.2527
12.1946 145.0945
12.2223 145.1694
12.1692 145.3178
12.0895 145.0149
12.0855 145.2283
12.1108 145.2276
12.0324 145.3384
12.1339 145.2437
11.9947 145.1805
12.1316 145.2080
12.1007 145.2092
12.1622 145.2977
12.1546 145.1505
12.1615 145.1626
12.1361 145.1606
12.1011 145.3059
12.1593 145.2024
11.9836 145.2064
12.2107 145.2760
12.2061 145.3352
12.1360 145.1059
12.0959 145.2294
12.1509 145.0513
12.2479 145.0850
12.1122 145.2629
12.0541 145.1952
12.1666 145.2655
12.1371 145.1754
12.0624 145.1990
12.2048 145.1769
12.0537 145.0027
12.0458 145.1810
12.0882 145.1637
12.2476 145.1563
12.0210 145.2033
12.2066 145.2228
12.1743 145.2481
12.1629 145.1907
12.0713 145.2321
12.1248 145.2344
12.1731 145.1230
12.1624 145.2087
12.1352 145.1604
12.1398 145.2802
12.1135 145.2313
12.0616 145.1346
12.1641 145.1903
12.1596 145.2173
12.1131 145.1863
12.2037 145.2173
12.1591 145.2453
12.0522 145.0972
11.9526 145.1028
12.1160 145.3485
12.1289 145.1781
12.1201 145.2185
12.3398 145.3661
12.1344 145.2348
12.1835 145.2052
12.2737 145.3708
12.0391 145.1559
12.2656 145.2640
12.1911 145.1825
12.1125 145.3555
12.0788 145.2338
12.0973 145.1451
12.1395 145.3181
12.0307 145.3738
12.2000 145.2594
12.0310 145.0689
12.1916 145.3416
12.1176 144.9882
12.1163 145.2578
12.2638 145.2518
12.1892 145.1624
12.0403 145.2675
12.2674 145.2953
12.1123 145.1982
12.0854 145.2425
12.2504 145.2556
12.1315 145.1629
12.1866 145.2117
12.0815 145.2046
12.3271 145.0904
12.1011 145.2962
12.1996 145.2522
12.1377 145.1604
12.1993 145.1304
12.0443 145.3640
12.2139 145.1929
12.1487 145.2708
12.2203 145.1008
12.1705 145.2688
12.0751 145.2442
12.1898 145.1324
12.0678 145.2200
12.2168 145.2257
12.2046 145.2046
12.3232 145.1644
12.0947 145.1094
12.1682 145.2465
12.0395 145.1736
12.1955 145.1028
12.1989 145.2003
12.2017 145.1512
12.1474 145.2800
12.1241 145.2090
12.2281 145.1569
12.1423 145.1833
12.2530 145.0125
12.0493 145.3323
12.0236 145.3117
12.0630 144.9681
12.0244 145.2300
12.1060 145.1149
12.0514 145.2740
11.9880 145.3229
11.9944 145.0286
11.9579 145.0089
12.0091 145.0245
11.9936 145.2890
12.2261 145.2438
11.8962 144.9156
11.8242 145.1055
11.8963 145.0703
11.9499 145.0555
11.9805 144.8656
11.9260 144.9766
11.8193 144.9364
12.0147 145.0525
11.8945 144.9959
11.8191 144.9819
12.0439 144.9909
11.9952 145.0973
11.8178 144.8595
11.8518 144.9451
12.0214 145.0355
12.0210 144.9191
11.9212 144.9219
11.8615 145.0255
11.8600 144.9187
11.6801 145.0184
11.8086 145.1370
11.8987 145.0315
11.9408 144.9242
11.8543 145.0463
11.8715 144.9878
11.8424 145.0153
11.9677 144.8722
12.2213 144.8359
12.1844 144.9011
12.2980 144.8900
12.2031 144.9172
12.2268 144.8374
11.8762 145.1057
11.9656 145.0454
12.1349 145.0726
12.1014 144.9328
11.9372 145.0115
12.0274 145.1379
11.8188 145.1127
11.9961 144.8574
12.1761 144.8442
11.7679 144.8991
11.9034 144.9689
11.9787 145.0338
11.9006 144.9759
11.8075 144.8910
11.9869 144.9648
11.9177 144.9811
11.9734 145.0236
11.9109 144.9864
11.8691 145.0784
11.9872 145.0949
12.0032 145.1710
11.9845 145.0155
11.7651 145.0078
11.9439 145.0566
12.0004 145.0318
11.9199 145.0207
12.0861 145.2083
11.9304 144.9169
11.8931 145.0468
11.8695 145.0168
12.0113 144.9444
11.9027 144.9202
11.9613 144.9973
11.9899 144.9249
11.9458 145.0102
12.0102 144.8454
11.9505 144.8821
11.8600 145.0181
12.0734 144.9090
11.9171 145.0300
11.9881 145.0333
11.9410 145.1599
11.8177 145.0400
11.8444 144.9416
11.9425 144.8911
11.9472 144.9348
11.7813 145.0598
11.9576 144.9127
11.9610 145.0128
11.8872 144.9324
11.9590 144.9967
11.9726 145.0586
11.8749 145.1066
11.9971 144.9247
11.7778 144.9831
11.8948 144.8786
11.9094 144.9645
12.0174 144.9258
11.8136 145.0779
11.8634 145.0754
11.8656 144.8915
11.9484 145.0141
12.0227 144.9828
11.9751 145.0699
11.9369 144.9536
11.8867 145.0002
11.9239 145.1302
11.8801 144.9554
11.8002 145.0428
12.0041 145.0561
11.7462 144.9855
11.8809 145.1217
11.9837 145.0229
12.0197 144.9002
11.9486 144.9324
11.9714 144.8767
11.9187 145.0067
11.8750 144.8698
11.8809 144.9563
11.8207 145.0595
11.9767 144.9648
12.0172 144.9947
11.9975 144.8937
12.0241 144.9809
11.9434 144.9919
11.9070 145.0978
11.9071 144.9723
11.8742 145.0412
12.0608 144.9476
12.0949 144.9326
11.9936 145.0379
11.8670 144.9058
11.8928 145.1232
11.9147 144.9644
11.9696 145.0203
11.9453 145.0111
11.9297 144.9580
11.8494 144.9516
11.8721 144.9689
11.8920 145.0798
11.8054 145.0793
11.8765 144.8805
11.8504 145.0267
11.8164 144.9930
11.9038 144.9739
12.1274 145.1065
11.8865 145.0381
11.9834 144.9755
11.9241 145.0930
11.8790 144.9737
12.0553 145.0503
12.1389 145.0072
12.0155 144.8735
11.7782 144.8691
12.0393 145.0122
11.9801 144.8811
12.0114 144.9283
11.8483 145.0813
11.8666 144.9668
11.8777 144.9163
12.1293 145.0941
11.9423 145.0977
11.9013 144.9959
12.0244 145.0604
12.0177 145.0613
12.0913 145.0446
12.0775 145.1118
12.1131 145.1234
12.1147 145.0753
12.0067 145.0449
12.0863 145.0748
11.9810 144.8996
11.9644 144.8587
12.0128 145.0011
12.0684 145.0241
12.0834 144.8328
12.3762 144.9517
12.0616 144.9945
11.9457 145.1039
12.0956 145.0998
11.7573 145.0440
11.8536 145.0640
11.8195 144.9568
11.9348 145.1470
12.0083 144.9456
11.9647 145.0939
12.0197 144.9574
11.9114 144.9458
12.0145 144.8206
12.0149 145.0378
11.8749 145.0122
11.9436 145.0994
11.7871 144.9856
12.1010 144.9555
11.8793 145.0031
11.9205 145.0395
11.8690 145.0566
11.9322 145.0170
12.0592 145.1697
11.9544 144.7827
12.1351 145.1191
11.9058 145.1070
11.9984 144.9910
11.7606 145.1047
12.2093 145.1982
12.1425 145.0252
12.2288 145.3625
12.2084 145.1737
12.1655 145.3077
12.0561 145.1837
12.3002 145.0703
12.1019 145.1617
12.0945 145.3347
12.1484 145.2980
12.3549 145.2346
12.1903 145.1904
12.2087 145.2305
12.2376 145.0165
12.1411 144.9528
12.2608 145.0052
12.2940 145.0453
12.3102 144.8045
12.3059 145.1663
12.0006 144.9986
12.1389 144.8763
12.1751 145.1817
12.1657 145.2455
12.1869 145.1943
12.1589 145.2056
12.1235 145.2162
12.1271 145.2484
12.2088 145.1666
12.1997 145.2226
12.1232 145.2112
12.1800 145.1638
12.1450 145.2320
12.1397 145.2179
12.2058 145.2034
11.9605 145.0586
12.0633 145.0629
11.7239 144.8627
11.9150 145.1267
11.9341 145.1191
11.9990 145.1199
11.9803 144.9987
12.0485 145.0927
11.9588 144.8712
12.2120 145.2371
12.1652 145.2209
12.1240 145.2592
12.2103 145.1844
12.0914 145.4411
12.2564 145.0438
12.1691 145.3416
12.2838 145.2979
12.1380 145.1821
12.2373 145.2232
12.2596 145.0336
12.2405 145.2868
12.1703 145.2818
12.3063 145.1229
12.1562 145.2805
12.2332 145.2086
12.1225 145.3118
12.1316 145.2850
12.0531 145.1458
12.2557 145.1942
12.1660 145.1934
12.0940 145.2608
12.2551 145.2549
12.0263 145.3175
12.1937 145.2962
12.1941 145.2755
12.1016 145.3611
12.2956 145.2694
12.0909 145.4020
12.1664 145.1408
12.2231 145.0793
12.2247 145.2386
12.1679 145.0963
12.1422 145.1088
12.2331 145.2031
12.1983 145.2307
12.1376 145.3080
12.1839 145.2407
12.2018 145.1839
12.1139 145.1878
12.1140 145.2247
11.9274 145.2229
12.1766 145.1570
12.2487 145.0541
12.0528 145.1349
12.2041 145.1833
12.1133 145.4199
12.1878 145.1561
12.1308 145.3339
12.0419 145.2129
12.0971 145.1834
12.3024 145.1516
12.1544 145.1618
12.1269 145.1913
12.1134 145.2589
12.3809 145.1638
12.2574 145.3251
12.1867 145.4127
12.1724 145.2416
12.2460 145.2643
12.2341 145.1507
12.1088 145.2745
12.2123 145.2576
12.4272 145.3377
12.2281 145.3586
12.3402 145.2101
12.1494 145.4586
12.4378 145.0459
11.9978 145.1609
11.9051 145.1860
12.0168 145.1266
11.9486 145.0828
12.0697 145.1413
11.9281 145.1112
11.8728 145.1060
11.8469 144.9194
11.8838 145.0763
11.9519 144.9988
11.8942 144.9599
11.9094 145.0448
11.9082 145.0647
11.8612 144.9412
11.8635 144.9398
11.8594 145.1183
11.9536 145.0531
11.8310 144.8956
11.8634 145.1524
11.8115 144.9195
11.9827 144.8695
11.8994 145.0736
11.8916 144.8829
11.9353 144.9643
11.9468 144.9076
11.9479 145.1158
11.9436 145.0545
11.8842 144.9948
11.9606 145.0418
11.9713 145.0137
11.8799 144.9919
12.0348 145.1637
11.9144 145.0344
11.9778 144.9947
11.9896 145.0986
11.9664 145.1382
11.9897 145.1304
11.8538 145.0901
11.8730 144.9305
11.9831 145.1239
12.0173 145.0272
11.9541 145.1459
11.8754 145.1001
12.0540 145.0440
11.9501 145.0316
11.9319 145.1119
11.9240 144.9866
11.8910 144.9178
11.9486 144.9588
11.8851 145.0269
12.0356 145.0671
11.9654 145.1750
11.8869 144.9567
11.9673 145.0313
11.8747 145.0306
11.8931 145.0305
11.9238 145.1347
11.9478 145.0030
11.9185 145.0870
12.1127 144.8811
11.9170 145.0160
