23.8598 177.1444
23.8258 177.2262
23.6620 177.0820
23.7243 177.0899
23.7083 177.1187
23.4702 177.0048
23.4754 176.9437
23.5305 176.9376
23.4774 176.9661
23.5077 176.9977
23.4625 176.9525
23.4542 177.0192
23.4936 176.9877
23.4642 176.9944
23.4154 177.0258
23.4539 177.0390
23.4424 177.0153
23.4045 176.9688
23.4787 176.9808
23.4158 176.9096
23.3711 176.9789
23.4911 177.0048
23.4409 177.0259
23.4045 176.9984
23.4276 176.9640
23.3516 176.9785
23.4916 176.9950
23.3980 177.0056
23.3504 176.9645
23.4811 176.9907
23.4308 176.9986
23.3767 176.9705
23.3972 176.9540
23.4462 177.0198
23.4389 177.0623
23.4780 177.0317
23.5007 177.0361
23.5318 176.8222
23.5749 176.8152
23.6296 176.6826
23.7546 177.0642
23.9486 176.9928
23.8091 177.0878
23.8024 177.0233
23.8764 177.0544
23.6867 177.0138
23.7930 177.1052
23.8267 177.1263
23.8455 177.0636
23.7774 176.9353
23.6983 176.9610
23.7588 177.1284
23.8380 177.1456
23.8545 177.1085
23.8473 177.0805
23.7312 176.9946
23.8923 177.0413
23.9604 177.2140
23.8529 177.1327
23.8821 177.0035
23.7514 177.0636
23.8075 177.0710
23.8005 177.0409
23.6706 177.0999
23.8775 177.0498
23.8299 176.9964
23.6548 177.0891
23.7094 177.0715
23.6972 176.9499
23.6704 177.0184
23.6203 177.3036
23.6497 177.1017
23.7785 177.0049
23.7323 177.0042
23.6238 177.0735
23.5839 176.9525
23.6604 177.0623
23.6352 177.0099
23.7773 177.1077
23.7489 177.0583
23.6961 177.0605
23.8249 177.0024
23.8593 177.1168
23.3557 176.9542
23.3279 177.0439
23.4000 176.9527
23.3022 176.9120
23.2737 176.9441
23.5085 176.9438
23.4141 177.0603
23.3912 177.0271
23.3813 176.9246
23.4235 176.9631
23.4753 176.9099
23.3272 177.0469
23.4164 177.1273
23.4700 176.9429
23.3808 176.9423
23.3694 176.8449
23.2523 176.9865
23.4814 176.8754
23.4128 176.8074
23.3395 176.8017
23.3902 177.0170
23.2598 176.8102
23.3632 176.8441
23.3049 177.0184
23.4869 176.9039
23.6812 177.1351
23.7798 177.0551
23.8385 177.0958
23.8327 177.0938
23.7676 177.0815
23.7924 176.9872
23.7795 177.0481
23.7505 176.8842
23.4198 176.9419
23.4273 176.9741
23.4565 177.0314
23.4861 177.0179
23.3500 177.0133
23.4459 177.0489
23.4452 177.0774
23.4105 177.0144
23.4505 177.0159
23.4266 177.0069
23.4439 177.0074
23.4579 177.0239
23.4860 177.0547
23.5152 177.0315
23.4051 176.7287
23.5564 176.6887
23.5724 176.6590
23.7389 176.7455
23.6325 176.6702
23.5405 176.7804
23.5533 176.7716
23.6638 176.6770
23.6901 176.7879
23.4067 177.2107
23.8262 176.8421
23.6176 176.7132
23.7744 176.7388
23.7012 176.7065
23.5846 176.9816
23.8364 176.7800
23.6984 176.7649
23.6899 176.6952
23.6339 176.7415
23.7938 176.7250
23.6087 176.8462
23.7850 177.2550
23.5464 176.5928
23.5479 176.7715
23.6106 176.6434
23.7092 176.8110
23.5437 176.6352
23.7531 176.7781
23.5223 176.7270
23.8210 176.7186
23.5954 176.8336
23.6570 176.6571
23.9895 177.1319
23.7165 177.1716
23.6840 177.1950
23.7807 177.1700
23.8035 177.1407
23.8004 177.2937
23.9729 177.0976
23.8741 177.2589
23.8049 177.1095
23.8392 177.2740
23.8336 177.1357
23.7860 177.1560
23.8023 177.1827
23.7811 177.0579
23.8253 177.1422
23.8239 177.1804
23.7983 177.3309
23.8446 177.0029
23.9105 177.1079
23.7718 177.0653
23.9393 176.9564
23.8329 177.0836
23.8802 177.2092
23.7874 177.1337
23.7410 177.1535
23.8385 177.1556
23.8154 177.1374
23.8058 177.1173
23.7823 177.1515
23.8073 177.1902
