74.8012 139.8577
74.7550 139.9524
74.6386 139.8530
74.7779 139.8540
74.4236 139.7726
74.6888 139.9618
74.4727 139.7613
74.4999 139.8693
74.5293 139.8501
74.5044 139.9238
74.6654 139.7831
74.7723 139.8307
74.4830 139.8457
74.6583 139.8478
74.7917 139.9047
74.4806 139.9312
74.5531 140.0564
74.4079 140.0412
74.3812 139.9165
74.7603 139.8075
74.6381 139.8303
74.3896 139.8610
74.5873 139.8542
74.5033 139.8569
74.4862 139.9633
74.7855 139.9709
74.5664 139.8452
74.5006 139.8551
74.7388 139.9516
74.5433 140.0002
74.3742 139.8533
74.6854 139.9742
74.5674 139.7659
74.5729 139.8506
74.4002 140.0049
74.5490 139.9299
74.5853 139.8997
74.5075 139.8898
74.6710 139.8190
74.6687 139.8483
74.6802 139.8290
74.5533 139.7831
74.4823 139.8742
74.3868 139.9034
74.6085 139.7920
74.5235 139.9371
74.5991 140.0349
74.6113 139.7971
74.6989 139.9802
74.4806 139.9714
74.6826 139.9497
74.3260 140.2273
74.6008 139.8539
74.8971 139.8778
74.4493 140.0101
74.4850 139.9144
74.3163 139.9117
74.5035 140.0625
74.4411 139.8250
74.5103 139.9546
74.5701 140.2807
74.5412 140.3896
74.3042 140.2857
74.2956 140.3322
74.4377 140.2983
74.5349 140.2735
74.5969 140.3423
74.7748 140.3542
74.7299 140.1852
74.9043 140.1607
74.7224 140.6308
74.3865 140.2970
74.6021 140.2742
74.4497 140.3781
74.3406 140.2664
74.4357 140.4016
74.3387 140.2955
74.4105 140.3708
74.4770 140.4619
74.3382 140.3354
74.4823 140.2487
74.6680 140.3981
74.4067 140.2437
74.4256 140.4052
74.5697 140.3479
74.4181 140.4133
74.6226 140.3875
74.5522 140.3324
74.5739 140.3627
74.3280 140.3091
74.6431 140.3448
74.4709 140.4158
74.5046 140.3046
74.3678 140.3343
74.5682 140.2390
74.3036 140.3508
74.4635 140.4929
74.5001 140.2841
74.4487 140.3066
74.5328 140.2466
74.4498 140.3464
74.3446 140.2089
74.6582 140.3306
74.4998 140.2225
74.4235 140.3100
74.4414 140.2918
74.4166 140.2601
74.3836 140.1613
74.5154 140.3040
74.3490 140.2499
74.3151 140.3145
74.3801 140.3418
74.5456 140.3157
74.3673 140.2346
74.4119 140.3014
74.5867 140.3751
74.5224 140.1943
74.3545 140.4218
74.4628 140.2911
74.4758 140.4338
74.5009 140.3075
74.4416 140.2565
74.6728 140.1375
74.4348 140.2261
74.4781 140.2442
74.2527 140.4411
74.6146 140.2551
74.2567 140.4472
74.4370 140.5125
74.4669 140.4064
74.2842 140.3888
74.4076 140.3057
74.3746 140.3784
74.4859 140.1809
74.4014 140.2889
74.4475 140.3913
74.3789 140.2484
74.4742 140.3487
74.5898 140.2588
74.4031 140.3723
74.1989 140.2780
74.4897 140.3102
74.6644 140.2502
74.5255 140.3965
74.3339 140.2074
74.5621 140.3645
74.3784 140.2699
74.8018 139.8853
74.4039 140.1315
74.4211 140.2523
74.5597 140.2438
74.3632 140.4836
74.3758 140.2931
74.3814 140.2923
74.3415 140.2886
74.5854 140.3269
74.5657 140.2024
74.4736 140.2955
74.5579 140.3325
74.4327 140.4422
74.4212 140.2825
74.3920 140.4249
74.4429 140.3616
74.4732 140.5016
74.5341 140.2367
74.4792 140.2841
74.2530 140.2509
74.4950 140.3447
74.5068 140.3457
74.5476 140.2624
74.5864 140.3130
74.4681 140.2949
74.5414 140.3978
74.4869 140.2208
74.4502 140.4842
74.5741 140.4349
74.3942 140.2777
74.3782 140.1876
74.5366 140.2432
74.4748 140.3232
74.4367 140.3461
74.5837 140.3432
74.4095 140.2390
74.5844 140.0963
74.3678 140.2349
74.4409 140.2525
74.6078 140.2283
74.5766 140.3016
74.4444 140.2372
74.4349 140.4481
74.3932 140.5072
74.4860 140.3199
74.2743 140.3502
74.4916 140.2475
74.3556 140.3175
74.3161 140.4383
74.6221 140.2086
74.4839 140.3729
74.5662 140.2718
74.3946 140.3939
74.4637 140.2332
74.5089 140.3021
74.4273 140.3965
74.4537 140.4637
74.4482 140.1819
74.7227 140.3220
74.9464 140.1946
74.8483 140.3291
74.8482 140.2975
74.7516 140.2669
74.9577 140.1907
74.8945 140.2637
74.9949 140.3566
74.9773 140.4090
74.8583 140.3221
74.7790 140.2271
74.8941 140.2962
74.8615 140.2987
74.8856 140.1658
74.9165 140.2888
74.6851 140.2528
74.9914 140.1793
74.8084 140.2895
74.8713 140.1004
74.7622 140.3917
74.9298 140.1242
74.7518 140.1976
74.7813 140.4329
74.8386 140.1209
74.9169 140.2482
74.6747 140.3657
74.7803 140.0036
74.9061 140.2687
74.3796 140.3273
74.4355 140.3079
74.6287 140.4010
74.4241 140.2171
74.4998 140.3094
74.4673 140.3245
74.4919 140.3136
74.4514 140.3534
74.4567 140.2867
74.4569 140.3071
74.4867 140.3360
74.4890 140.3267
74.4744 140.3075
74.4906 140.3199
74.4767 140.3239
74.5065 140.2939
74.7834 139.8517
74.9262 139.9227
74.4209 140.3226
74.3156 140.2298
74.5628 140.2624
74.5707 140.3770
74.5665 140.3541
74.4473 140.2418
74.3641 140.2475
74.5547 140.3510
74.4907 140.2174
74.4376 140.4411
74.6878 140.4315
74.6479 140.3302
74.4520 140.4463
74.5089 140.3698
74.5487 140.2247
74.6580 140.2167
74.5589 140.4166
74.3431 140.3997
74.3495 140.3317
74.2988 140.2328
74.4826 140.1602
74.4355 140.3934
74.5424 140.2105
74.5057 140.3795
74.5267 140.4847
74.5397 140.3132
74.5149 140.3346
74.4911 140.3376
74.4816 140.3018
74.4381 140.3378
74.5279 140.3176
74.5360 140.3058
74.4806 140.3059
74.5488 140.2934
74.5051 140.3062
74.4619 140.2952
74.4986 140.3359
74.5133 140.3201
74.4642 140.3260
74.4590 140.2963
74.4818 139.9205
74.6263 140.0730
74.6896 140.0815
74.6245 140.0618
74.7107 140.0656
74.7012 140.0226
74.6295 140.0066
74.6273 140.0786
74.6031 139.9829
74.7299 140.0718
74.6313 140.1194
74.5261 139.9075
74.7060 140.0041
74.6349 140.0247
74.5972 140.0823
74.5412 139.9723
74.7567 140.0111
74.6069 139.9863
74.6711 139.9725
74.6612 139.9835
74.8506 140.0757
74.4829 140.2447
74.5792 140.3207
74.8010 140.2679
74.8126 140.3677
74.8521 140.1959
74.8874 140.1622
74.8305 140.3815
74.9402 140.2468
74.8247 140.2731
74.8793 140.2448
74.8400 140.2559
74.8465 140.3075
74.8088 140.2669
74.8509 140.3122
74.8748 140.2890
74.8295 140.2588
74.8538 140.2783
74.7719 140.2886
74.8793 140.2961
74.8562 140.3042
74.9135 140.3230
74.8839 140.3271
74.8247 140.2820
74.7981 140.2397
74.7909 140.2694
74.8041 140.2717
74.8396 140.2888
74.8824 140.3106
74.8587 140.3062
74.8251 140.2513
74.6712 140.0017
74.6465 140.0046
74.6268 140.0710
74.6302 140.0133
74.6396 140.0370
74.6323 139.9917
74.5348 139.9843
74.6680 140.0298
74.5960 140.0308
74.6500 140.0398
74.8766 140.2684
74.8171 140.2872
74.8760 140.2347
74.8081 140.3286
74.8999 140.1605
74.7317 140.2754
74.9414 140.1711
74.8765 140.3667
74.8308 140.3336
74.9770 140.3917
74.8409 140.2420
74.7651 140.3197
74.7883 140.2257
74.8220 140.1346
74.8864 140.2874
74.9336 140.2142
74.8036 140.2323
74.7564 140.2260
74.8206 140.2367
74.9103 140.1697
74.7160 140.3223
74.8315 140.3107
74.8389 140.2966
74.8862 140.3005
74.8965 140.3193
74.9356 140.3502
74.9410 140.2406
74.8985 140.3411
74.9016 140.2716
74.9233 140.4229
74.9703 140.3359
74.8367 140.2948
74.8556 140.3730
74.7537 140.2743
74.7764 140.2643
74.5097 140.2732
74.5066 140.1499
74.4853 140.3857
74.5090 140.4496
74.5109 140.2927
74.5338 140.2961
74.4382 140.3942
74.5899 140.3038
74.3706 140.4163
74.5897 140.2569
74.5236 140.3353
74.6423 140.3271
74.4967 140.3336
74.5057 140.2362
74.6130 140.3039
74.4279 140.3027
74.5042 140.2631
74.4625 140.2902
74.6468 140.3478
74.5043 140.3878
74.5010 140.3587
74.5685 140.3184
74.4975 140.1509
74.5647 140.3875
74.5698 140.3983
74.5403 140.2601
74.3576 140.2384
74.4601 140.2665
74.5302 140.3381
74.5376 140.2690
74.5901 140.1928
74.4937 140.3981
74.5924 140.3921
74.5356 140.2999
74.4722 140.4280
74.6715 140.3041
74.5001 140.2837
74.6776 140.2998
74.4560 140.4238
74.5014 140.4072
74.4145 140.2608
74.5648 140.2748
74.5042 140.2959
74.4793 140.3284
74.5237 140.3750
74.5020 140.4192
74.6079 140.3841
74.5470 140.2716
74.5332 140.3163
74.4839 140.2377
74.5645 140.2331
74.4604 140.2408
74.5263 140.2668
74.4865 140.2986
74.6237 140.4617
74.4536 140.2753
74.4020 140.3224
74.5443 140.3338
74.5351 140.3294
74.5070 140.3020
74.5521 140.3313
74.5240 140.4393
74.4493 140.3865
74.4897 140.5133
74.3551 140.3091
74.3886 140.4021
74.3267 140.3024
74.6735 140.1841
74.6846 139.9308
74.6753 140.1167
75.0656 140.1201
75.0624 140.2016
74.7233 139.9879
74.6728 140.0441
74.6582 140.1494
74.6722 139.9757
74.7143 140.1293
74.7323 140.1181
74.6978 139.8916
74.7335 140.2170
74.7901 140.0760
74.7119 140.0745
74.7674 140.1478
74.8240 140.0527
74.7149 140.1615
74.5603 140.2574
74.6527 140.0252
74.7039 140.0040
74.6178 140.0766
74.6507 140.0914
74.7591 140.0019
74.6240 140.1117
74.7878 140.0028
74.7451 139.9916
74.8050 140.2287
74.6344 140.1000
74.7293 140.0339
74.7056 140.0687
74.2976 139.8640
74.7199 139.9692
74.7139 140.0378
74.6132 140.1964
74.6529 140.0523
74.6110 140.1151
74.6692 140.3502
74.6573 140.1279
74.7452 140.0711
74.7425 139.9653
74.6942 139.9623
74.7598 140.0623
74.6079 140.0561
74.7190 140.2051
74.3366 140.4728
74.6004 139.9749
74.6440 140.0863
74.7295 139.9567
74.5205 139.9462
74.7821 139.9194
74.6789 140.1468
74.6181 140.0988
74.7606 140.2038
74.7008 140.0067
74.7747 139.9343
74.7690 140.1060
74.6305 140.1389
74.7315 140.0420
74.7162 140.1473
74.6777 139.9748
74.7651 139.9999
74.6499 139.9946
74.5639 140.0669
74.6425 140.0654
74.7930 140.0666
74.6583 140.0089
74.7500 140.0436
74.7306 139.9889
74.5994 140.0567
74.6990 139.9826
74.7587 140.1286
74.7773 140.0570
74.7219 140.1140
74.6614 139.9897
74.7391 140.0746
74.7146 140.0281
74.6811 140.1302
74.7345 140.0451
74.7350 139.9784
74.6285 139.9903
74.6681 140.0295
74.7538 140.0822
74.6645 140.0891
74.8043 139.9754
74.7673 140.1027
74.7856 140.0890
74.8238 140.0249
74.6223 140.0906
74.6495 140.0726
74.7249 140.0859
74.7178 139.9353
74.6915 140.0861
74.6562 140.1868
74.8169 140.0295
74.7210 140.1049
74.7111 139.9353
74.6892 139.9575
74.8339 140.0540
74.7247 140.0234
74.5439 140.0792
74.7279 140.0595
74.6072 140.0016
74.6907 140.0912
74.7098 140.0356
74.7589 140.0609
74.6580 140.0932
74.7682 139.9801
74.8538 140.0696
74.6772 140.0352
74.7551 139.9778
74.7741 140.0316
74.6482 139.9560
74.7716 140.0345
74.7337 140.1564
74.6819 140.1005
74.7528 140.0018
74.7119 140.1268
74.7240 140.0407
74.7809 140.0863
74.7247 140.0501
74.8045 140.0571
74.6412 140.0250
74.6923 140.0218
