66.1878 90.4141
66.3961 90.3862
66.4475 90.4294
66.3650 90.3934
66.4272 90.3832
66.4072 90.4211
66.3296 90.3833
66.4441 90.2809
66.4898 90.3305
66.5291 90.4405
66.3722 90.2434
66.4525 90.3463
66.5028 90.2439
66.3439 90.4923
66.4734 90.3315
66.3309 90.4125
66.5109 90.3617
66.4074 90.3897
66.4592 90.3195
66.2948 90.3839
66.3829 90.2809
66.3752 90.1484
66.3244 90.2529
66.3345 90.3650
66.4203 90.3799
66.3955 90.3523
66.8285 90.4207
66.7879 90.5190
66.7449 90.4413
66.8418 90.4939
66.8033 90.8375
66.8597 90.4124
66.3848 90.7206
66.5706 90.8017
66.5427 90.7258
66.2738 90.6286
66.3758 90.7682
66.6443 90.7587
66.5203 90.7968
66.4460 90.7161
66.4782 90.7439
66.4855 90.6783
66.4756 90.6932
66.4365 90.7865
66.4477 90.6922
66.4541 90.6841
66.5169 90.8345
66.5576 90.7222
66.6638 90.6258
66.4738 90.8078
66.4952 90.7374
66.4141 90.7135
66.6125 90.4669
66.5699 90.6986
66.4554 90.6971
66.4454 90.7486
66.4004 90.7321
66.4530 90.6899
66.4510 90.7383
66.4058 90.6781
66.4567 90.7515
66.4233 90.7409
66.8401 90.5145
66.9667 90.4592
66.8174 90.4919
66.9497 90.4740
66.8358 90.4772
66.7724 90.6336
66.8210 90.5726
66.9445 90.4924
66.8478 90.6142
66.7190 90.4920
66.7136 90.4866
66.8265 90.3805
66.7683 90.5402
66.7748 90.4701
66.8428 90.4057
66.8152 90.3335
66.9335 90.6436
66.6821 90.3716
66.7359 90.5259
66.6348 90.3974
66.8866 90.4654
66.7594 90.4696
66.7679 90.3976
66.8189 90.4601
66.7731 90.4042
66.7973 90.5320
66.9020 90.4477
66.8254 90.5067
66.9145 90.5533
66.9004 90.5164
66.7312 90.5537
66.7508 90.5569
66.8067 90.5925
66.8858 90.5895
66.6771 90.4420
66.5414 90.7989
66.5595 90.7662
66.5119 90.7473
66.2882 90.6697
66.4630 90.6849
66.4502 90.7970
66.3841 90.7251
66.3386 90.7161
66.3648 90.7810
66.5051 90.6958
66.3935 90.6405
66.3460 90.8279
66.5638 90.8724
66.5458 90.7425
66.4946 90.7417
66.5165 90.6520
66.4934 90.6310
66.5492 90.5528
66.3043 90.6863
66.4465 90.7816
66.6561 90.5041
66.8340 90.5706
66.5036 90.7122
66.5953 90.7130
66.5833 90.6191
66.6000 90.6640
66.2991 90.6550
66.4717 90.6601
66.4530 90.6906
66.5268 90.7104
66.4036 90.4703
66.3450 90.3992
66.4014 90.4579
66.5007 90.2293
66.3564 90.3280
66.4356 90.4498
66.4351 90.3403
66.4583 90.4874
66.5683 90.3035
66.4475 90.3282
66.3610 90.3661
66.6467 90.2783
66.5957 90.3467
66.4608 90.3519
66.3836 90.3543
66.4052 90.2934
66.4595 90.3062
66.3879 90.2831
66.4526 90.3547
66.4228 90.3734
66.6020 90.3139
66.4507 90.2807
66.4375 90.4791
66.5239 90.4448
66.6822 90.3993
66.4348 90.4028
66.4711 90.2245
66.4598 90.3488
66.3424 90.4164
66.6129 90.4027
66.4802 90.2219
66.5204 90.3955
66.5783 90.4346
66.4929 90.3595
66.5471 90.3847
66.3946 90.3263
66.4808 90.3627
66.4443 90.3458
66.9179 90.4225
66.9698 90.4425
66.9128 90.3265
66.8687 90.4433
66.8923 90.1545
66.7721 90.1280
66.7298 90.2528
66.8970 90.3311
66.9724 90.3604
66.8355 90.3640
66.8114 90.5321
66.9629 90.4542
67.0217 90.1406
