71.2874 30.3847
71.4984 30.4982
71.4568 30.4615
71.2901 30.4062
71.1169 30.4062
71.4631 30.6775
71.2891 30.6056
71.3131 30.3760
71.3575 30.6796
71.3736 30.4642
71.3427 30.4177
71.2417 30.4405
71.2160 30.5540
71.4672 30.3356
71.1308 30.4133
71.0559 30.5024
71.2035 30.3856
71.4029 30.5483
71.3294 30.1765
71.5192 30.2111
71.7085 30.9390
71.8224 30.4594
71.6148 30.8639
71.6146 30.7239
71.3409 30.6474
71.6670 30.8233
71.5513 30.6592
71.7057 30.8016
71.8550 30.4911
71.3837 30.9196
71.6304 30.6384
71.9345 30.7522
71.4748 30.6767
71.5207 30.6537
71.7912 30.7163
71.7194 30.6274
71.6961 30.6361
71.6620 30.6728
71.7398 30.6308
71.6737 30.6236
71.6868 30.6588
71.5540 30.5490
71.4435 30.5704
71.8058 30.6471
71.7426 30.7872
71.5191 30.6005
71.7115 30.6709
71.6373 30.5934
71.7323 30.7007
71.9687 30.7110
71.6911 30.7413
71.6056 30.6812
71.2731 30.7658
71.6562 30.5622
71.4211 30.7990
71.5624 30.5511
71.5925 30.5553
71.7601 30.7907
71.6846 30.5969
71.6637 30.7096
71.5780 30.4452
71.7673 30.7641
71.4035 30.6979
71.4972 30.5699
71.6200 30.7450
71.6022 30.8069
71.7050 30.6286
71.5073 30.8691
71.7586 30.6808
71.6637 30.7552
71.5451 30.6581
71.5171 30.6469
71.5007 30.7428
71.3764 30.8447
71.2517 30.7684
71.1687 30.7840
71.1386 30.7447
71.3563 30.8736
71.3224 30.6415
71.3171 30.3252
71.2299 30.6381
71.3752 30.4342
71.2666 30.5108
71.5624 30.4806
71.4089 30.5277
71.2786 30.5020
71.3306 30.8077
71.2415 30.7673
71.4401 31.0304
71.3529 30.8056
71.2452 30.7897
71.2601 30.7729
71.1896 30.7662
71.7007 30.6152
71.7129 30.5764
71.7392 30.5209
71.7536 30.6715
71.8370 30.5933
71.6720 30.4958
71.5433 30.5907
71.7640 30.7951
71.6512 30.6236
71.6311 30.6964
71.7563 30.7014
71.8961 30.7291
71.6822 30.6487
71.6654 30.5688
71.7483 30.5000
71.5803 30.4599
71.6766 30.6717
71.6543 30.6320
71.6070 30.6876
71.6769 30.6887
71.6592 30.7309
71.6396 30.6422
71.6725 30.6143
71.6261 30.6672
71.6734 30.6264
71.7203 30.6508
71.6912 30.6831
71.6811 30.7026
71.5514 30.5235
71.6977 30.6617
71.5356 30.5302
71.4656 30.7907
71.5132 30.5966
71.7052 30.3724
71.7612 30.5143
71.6981 30.5110
71.5697 30.4109
71.8844 30.7299
71.6211 30.5399
71.6843 30.5134
71.6972 30.7862
71.7552 30.5475
71.7249 30.6988
71.6091 30.7297
71.8618 30.4555
71.7333 30.6908
71.6989 30.4864
71.6170 30.4664
71.9022 30.6306
71.8021 30.5012
71.7316 30.5357
71.8068 30.6882
71.6325 30.4473
71.6672 30.6483
71.8195 30.5740
71.5419 30.5523
71.5478 30.5034
71.7431 30.5853
71.7351 30.4241
71.7486 30.6602
71.7763 30.6894
71.6356 30.5654
71.7166 30.4964
71.6631 30.6497
71.7438 30.5079
71.5101 30.7638
71.6095 30.5492
71.6859 30.5981
71.7183 30.6973
71.6367 30.4833
71.6542 30.6217
71.6489 30.6268
71.6740 30.5477
71.8342 30.5791
71.6741 30.6262
71.7945 30.6628
71.6729 30.4129
71.7496 30.6791
71.7571 30.5683
71.6406 30.5369
71.6734 30.4074
71.6541 30.5136
71.7713 30.6720
71.6815 30.6509
71.7104 30.5256
71.7242 30.5169
71.7071 30.5975
71.6160 30.6225
71.6842 30.6540
71.7775 30.4883
71.6054 30.6743
71.8077 30.6358
71.6696 30.5968
71.6903 30.8813
71.5795 30.6326
71.7702 30.6240
71.6505 30.6004
71.7644 30.6048
71.5599 30.4339
71.7192 30.7381
71.6326 30.5796
71.7569 30.6148
71.6299 30.5730
71.6194 30.6350
71.6355 30.6036
71.6153 30.5900
71.6513 30.6646
71.5958 30.8809
71.4373 30.7750
71.2556 30.5040
71.2647 30.6128
71.2456 30.8136
71.3855 30.7088
71.4175 30.5440
71.3805 30.7433
71.5025 30.7248
71.3736 30.7382
71.4697 30.7252
71.2037 30.7455
71.3303 30.5751
71.3739 30.6333
71.2448 30.7768
71.3919 30.6269
71.3285 30.7578
71.1585 30.6472
71.3391 30.6302
71.2443 30.7933
71.2769 30.7400
71.3474 30.8066
71.3564 30.8273
71.3422 30.6930
71.3218 30.8194
71.2646 30.8001
71.3781 30.6365
71.3378 30.6601
71.2910 30.6965
71.6677 30.5961
71.3310 30.6273
71.4920 30.8954
71.0779 30.6598
71.4266 30.7974
71.4583 30.7408
71.4874 30.7341
71.3231 30.7065
71.1938 30.4877
71.3578 30.8068
71.2553 30.6437
71.4076 30.6889
71.2721 30.7223
71.5308 30.5606
71.4054 30.7286
71.2830 30.7360
71.2902 30.7436
71.2097 30.7523
71.2474 30.6906
71.2098 30.6831
71.3963 30.9022
71.3760 30.7001
71.4480 30.8303
71.3718 30.8138
71.5057 30.9129
71.4303 30.6958
71.2535 30.8344
71.2465 30.6509
71.3562 30.5226
71.5204 30.6776
71.2570 30.9109
71.2100 30.7943
71.2847 30.9178
71.2471 30.5376
71.3195 30.6148
71.4007 30.8871
71.5062 30.7244
71.3465 30.7284
71.3813 30.7684
71.4442 30.9295
71.2377 30.6973
71.3556 30.4755
71.3231 30.7298
71.3144 30.8053
71.4727 30.7491
71.3184 30.8601
71.3569 30.8081
71.3904 30.8148
71.3287 30.8233
71.3145 30.6881
71.2857 30.7428
71.4148 30.6896
71.3085 30.7421
71.3627 30.7905
71.3033 30.7798
71.2740 30.8257
71.2572 30.7686
71.5349 30.4246
71.4157 30.4179
71.4106 30.3722
71.3825 30.4398
71.3542 30.3870
71.4235 30.3792
71.4343 30.4168
71.3709 30.3601
71.4622 30.3696
71.3678 30.3727
71.3810 30.3969
71.5106 30.3229
71.3906 30.4076
71.4392 30.4240
71.3286 30.3765
71.2548 30.5644
71.3754 30.7710
71.2772 30.5758
71.2525 30.7109
71.2779 30.7289
71.2233 30.5557
71.3680 30.7834
71.2959 30.5849
71.3349 30.6973
71.3436 30.5709
71.5451 30.5838
71.4665 30.6622
71.3871 30.6686
71.3387 30.5847
71.2568 30.7489
71.3683 30.8346
71.2838 30.6587
71.2596 30.7717
71.3191 30.7246
71.3334 30.6092
71.3474 30.6757
71.4721 30.6567
71.3224 30.7758
71.2949 30.7215
71.3164 30.7053
71.1579 30.7272
71.3425 30.6426
71.2738 30.6981
71.1184 30.6171
71.1059 30.6878
71.4221 30.8903
71.2661 30.5466
71.3246 30.5629
71.3091 30.5767
71.4711 30.6063
71.3276 30.9246
71.3117 30.9470
71.4101 30.6139
71.3947 30.6339
71.3708 30.8123
71.2773 30.8150
71.3687 30.6639
71.2152 30.6995
71.1451 30.5316
71.1948 30.6925
71.4926 30.7313
71.1989 30.7510
71.3314 30.7188
71.3468 30.6793
71.4309 30.6754
71.3251 30.7210
71.3717 30.7504
71.4037 30.7510
71.4662 30.5063
71.3351 30.8130
71.3091 30.6059
71.3419 30.6114
71.3411 30.6619
71.2361 30.8450
71.1881 30.6824
71.4053 30.6934
71.5086 30.7091
71.3581 30.6183
71.2272 30.7781
71.1779 30.7301
71.4534 30.7729
71.3002 30.6510
71.3783 30.7263
71.2592 30.6685
71.3550 30.7264
71.3272 30.6887
71.3861 30.6460
71.2385 30.6898
71.2532 30.6374
71.4667 30.6338
71.4802 30.7606
71.5545 30.7492
71.3060 30.7232
71.1359 30.7321
71.2222 30.8082
71.3427 30.7053
71.2596 30.7205
71.4433 30.6779
71.3212 30.2500
71.3326 30.8848
71.2138 30.9385
71.5486 30.7402
71.4340 30.5575
71.4828 30.7769
71.4584 30.7355
71.5864 30.7857
