34.3105 161.9064
34.1611 162.1244
34.3304 162.2468
34.3435 161.8816
34.2269 162.2354
34.6493 162.0981
34.3525 161.9572
34.2654 161.8812
34.2524 161.9336
34.2738 162.1248
34.2364 162.0952
34.2988 162.0180
34.7748 162.2906
34.1381 162.1342
34.3335 162.2644
34.1706 162.1550
34.2486 161.9346
34.3766 162.2723
34.3380 161.8215
34.4519 162.3028
34.3140 161.8954
34.5109 162.1379
34.3842 162.0463
34.1619 162.1170
34.2749 162.1702
34.2240 162.3082
34.3239 162.3092
34.2627 161.9519
34.5938 162.3936
34.3264 162.0611
34.2415 162.2768
34.3171 162.2528
34.1856 162.0571
34.4546 162.2805
34.2800 162.2229
34.1649 162.1341
34.1885 162.0495
34.4622 162.2635
34.2501 162.3398
34.1948 162.0832
34.6940 161.9979
34.5589 162.0556
34.5577 162.2319
34.6852 162.3712
34.5511 162.2598
34.3917 162.3101
34.6193 162.4699
34.3212 162.5003
34.6023 162.2545
34.3169 162.3817
34.3703 162.4046
34.3183 162.1342
34.2784 162.0545
34.3350 162.0783
34.2999 162.0823
34.3608 162.1369
34.3127 162.0887
34.3396 162.0771
34.3605 162.0782
34.2270 161.9549
34.2455 162.0401
34.2386 162.5311
34.5134 162.2658
34.2824 162.4331
34.5608 162.6277
34.5964 162.4837
34.2897 162.1793
34.5162 162.4829
34.5957 162.1215
34.5654 162.0872
34.5564 162.1327
34.7043 162.2607
34.8013 162.2015
34.8222 162.1157
34.5609 162.0158
34.5837 162.3450
34.8581 162.2752
34.7116 162.0584
34.5127 162.2247
35.0035 162.2656
34.8185 162.5605
34.8502 162.0172
34.6955 162.1921
34.5913 162.0552
34.7476 161.9973
34.2804 162.5224
34.5165 162.4651
34.3350 162.3960
34.3690 162.3645
34.4171 162.3484
34.6320 162.4505
34.4883 162.4802
34.3798 162.4799
34.4870 162.4205
34.2623 162.2856
34.8027 162.6225
34.4335 162.5831
34.5178 162.6109
34.3231 162.4059
34.7458 162.3834
34.3570 162.2669
34.4761 162.2576
34.4918 162.3488
34.4426 162.3664
34.7338 162.5634
34.7542 162.5253
34.7284 162.4809
34.7073 162.5362
34.7280 162.5394
34.6304 162.1055
34.6504 162.1347
34.6138 162.1754
34.7062 162.1639
34.6492 162.1317
34.6376 162.1704
34.6219 162.1595
34.6931 162.1139
34.7736 162.1311
34.7105 162.1274
34.6666 162.0814
34.6922 162.1299
34.6650 162.0755
34.6850 162.1412
34.6454 162.1191
34.7148 162.1267
34.2853 162.1259
34.4132 162.0284
34.1318 162.2007
34.2598 162.0649
34.3880 162.0959
34.3841 162.1202
34.3697 162.0043
34.3924 162.0140
34.2888 162.0669
34.2867 161.9803
34.2541 162.2054
34.2574 162.3045
34.5676 162.2246
34.6423 162.3076
34.3601 162.5327
34.5116 161.8983
34.1695 162.2836
34.7009 161.9833
34.6115 162.1716
34.6271 162.2449
34.4053 162.3973
34.3810 162.1961
34.4746 162.2796
34.4132 162.1445
34.4018 162.0751
34.3784 162.1400
34.4131 162.1303
34.5320 162.1786
34.2672 162.1563
34.5023 162.3072
34.3469 162.3041
34.4265 162.2444
34.5076 162.3834
34.5892 162.3645
34.6714 162.2497
34.6034 162.4157
34.5662 162.3687
34.3661 162.2749
34.7356 162.4388
34.5074 162.3888
34.6478 162.6484
34.3276 162.5411
34.4932 162.3953
34.4317 162.3519
34.5371 162.5770
34.4428 162.3835
34.5540 162.4377
34.6401 162.2878
34.5418 162.3816
34.5254 162.4671
34.4982 162.5215
34.5483 162.3504
34.5660 162.4657
34.5322 162.4832
34.5109 162.4729
34.4928 162.3940
34.5231 162.3694
34.5166 162.3840
34.5220 162.3920
34.5180 162.4400
34.4944 162.4216
34.4542 162.4202
34.7182 162.2103
34.2137 161.9523
34.3133 162.1212
34.3339 162.1280
34.2930 162.0732
34.2446 162.0714
34.2322 162.1556
34.2850 162.1452
34.3032 161.9222
34.4880 162.3467
34.6244 162.3537
34.4597 162.4086
34.4875 162.4145
34.4136 162.4284
34.4317 162.3551
34.4186 161.9082
34.4280 162.5917
34.5240 162.5086
34.6500 162.4502
34.7878 162.1024
34.7831 162.1387
34.7764 162.1155
34.7388 162.1974
34.6969 162.0977
34.6682 162.2045
34.6743 162.1296
34.6009 162.2593
34.5586 162.1926
34.7940 162.0175
34.7705 162.1734
34.9127 162.2319
34.7886 162.1669
34.8835 162.2945
34.6401 162.1671
34.8376 161.9530
34.8357 162.1994
34.6124 162.1610
34.7272 162.1512
34.7123 162.1555
34.5870 162.2715
34.6754 162.2300
34.7000 162.2643
34.8040 162.1473
34.8497 162.2493
34.6534 162.2127
34.7668 162.1975
34.6840 162.1242
34.7220 162.0894
34.7136 162.0382
34.7346 162.1278
34.4707 162.2672
34.4395 162.0645
34.3372 162.1706
34.3930 162.0561
34.4835 162.2064
34.4401 162.1344
34.4307 162.1383
34.4520 162.0229
34.4328 162.1117
34.4013 162.1548
34.4648 162.2689
34.4102 162.1043
34.3556 162.1414
34.3952 162.0885
34.3968 162.0860
34.3730 162.1007
34.3607 162.1110
34.3644 162.1541
34.4415 162.2744
34.6073 161.8726
34.6991 162.1033
34.3715 162.2764
34.3944 162.1838
34.4056 162.0879
34.3798 162.2533
34.5570 162.1690
34.2826 162.2106
34.3683 162.1380
34.3644 162.0844
34.4632 162.1501
34.6302 161.9756
34.8255 162.0863
34.6976 162.1694
34.7336 162.0789
34.8078 161.9739
34.6733 161.8836
34.6713 162.2900
34.5213 162.0924
34.6942 162.0145
34.6177 162.6315
34.6214 162.6225
34.5261 162.5491
34.4563 162.6049
34.5443 162.5492
34.6229 162.4385
34.4655 162.6906
34.5213 162.5746
34.5361 162.6402
34.5309 162.5097
34.6073 162.5207
34.5358 162.5255
34.5399 162.6324
34.5826 162.5618
34.5749 162.4594
34.5541 162.4659
34.4928 162.6425
34.5590 162.5212
34.5569 162.4657
34.5867 162.5142
34.7267 162.5719
34.4853 162.4467
34.5266 162.5031
34.5497 162.5099
34.5219 162.4794
34.4575 162.4847
34.5470 162.2926
34.5630 162.4841
34.5007 162.5149
34.6010 162.4878
34.5680 162.4485
34.5095 162.3919
34.5311 162.6685
34.5323 162.6878
34.5686 162.4730
34.5215 162.5289
34.6747 162.1651
34.4097 162.1117
34.5035 162.2263
34.4377 162.0703
34.3933 162.2238
34.4398 162.0917
34.4477 162.0951
34.2449 162.1507
34.5641 162.2324
34.2983 162.1765
34.4395 162.0984
34.4271 162.0947
34.4458 162.0326
34.5865 162.1726
34.4380 162.1053
34.3635 161.9942
34.6008 162.1698
34.3701 162.1405
34.5372 162.1097
34.5326 162.1881
34.4362 162.1581
34.3831 162.0180
34.4022 162.1476
34.5385 162.1461
34.5544 162.1446
34.3560 162.1164
34.5609 162.0878
34.3907 162.1688
34.5121 162.2134
34.5724 162.1274
34.5900 162.0897
34.4381 162.1900
34.4017 162.2739
34.4328 162.2170
34.4613 162.1394
34.4318 162.1411
34.4111 162.2254
34.3253 162.1159
34.4126 162.1592
34.5263 162.2200
34.4697 162.1283
34.3911 162.0650
34.6261 162.0598
34.5206 162.1289
34.5203 162.1374
34.3057 162.1404
34.4550 162.1140
34.3693 162.0697
34.4429 162.0997
34.4163 162.1753
34.4449 162.1678
34.4236 162.1024
34.4272 162.1301
34.5386 162.1718
34.4232 162.1968
34.3734 162.1989
34.4394 161.9876
34.4468 162.1207
34.4545 162.1368
34.5873 162.2245
34.4284 162.0875
34.4407 162.0793
34.5336 162.1974
34.3368 162.2133
34.5036 162.0432
34.5225 162.0574
34.4714 162.0672
34.4837 162.0731
34.3877 162.2084
34.4836 162.0148
34.4697 162.1074
34.4519 162.0583
34.3503 162.2116
34.5306 162.1843
34.4305 162.1349
34.5063 162.0733
34.4713 162.1034
34.3906 162.1404
34.4778 162.0544
34.4310 162.1672
34.4522 162.1241
34.4040 162.1465
34.2125 162.1602
34.3141 162.0919
34.3686 162.1278
34.3876 162.3011
34.4786 162.1722
34.3060 162.0916
34.3607 162.2506
34.4136 162.2178
34.4259 162.1266
34.3232 162.0342
34.5841 162.1400
34.4821 161.8819
34.5071 162.1517
34.4260 162.1830
34.4813 162.0915
34.4438 162.1501
34.4520 162.1640
34.3645 162.0990
34.4581 162.2032
34.3903 162.2417
34.3943 162.1615
34.4385 162.0403
34.4344 162.0551
34.4480 162.1158
34.3660 162.0370
34.3551 162.1468
34.5156 162.0731
34.4232 162.0268
34.4523 162.1466
34.2708 162.1253
34.4692 162.2402
34.5067 162.2710
34.4734 162.0422
34.3829 162.1553
34.3843 162.1739
34.2787 162.1390
34.5664 162.0316
34.3113 162.1545
34.4104 162.2233
34.3521 162.0358
34.5152 162.0904
34.5693 162.2224
34.2792 162.0864
34.5280 162.1906
34.4872 162.2224
34.3697 162.0950
34.4038 161.9586
34.2690 162.0550
34.2938 162.1416
34.5066 162.1253
34.5640 162.0698
34.3136 162.1238
34.4906 162.1174
34.5524 162.0802
34.4055 162.1578
34.3717 162.1529
34.5471 161.9973
34.4416 162.1446
34.3741 162.1284
34.4493 162.1974
34.5100 162.1992
34.4424 162.2258
34.4429 162.1400
34.4514 162.2428
34.5413 162.2220
34.4454 162.1583
34.4420 162.2662
34.3974 162.1115
34.2986 162.2118
34.3167 162.1756
34.4427 162.1519
34.4099 162.1980
34.4233 162.0318
34.4862 162.0862
34.3610 162.1467
34.4807 162.0502
34.4818 162.1053
34.3400 162.1600
34.3302 162.0620
34.5315 162.1913
34.5237 162.0999
34.3111 162.0737
34.3686 161.9589
34.4640 162.3404
34.3686 162.0699
34.3040 162.1120
34.4876 162.1460
34.5461 162.1488
34.4923 162.2887
34.5558 162.0783
34.5026 162.0980
34.4863 162.0214
34.5057 162.0821
34.5047 162.0354
34.4836 162.2477
34.4248 162.2217
34.5396 162.0681
34.4935 162.1768
34.5142 162.1030
34.5458 162.0497
34.4384 162.1345
34.4073 162.1626
34.4498 161.9244
34.4813 162.1875
34.5672 162.1418
34.4898 162.2569
34.3762 162.0219
34.5296 162.2407
34.3513 162.1727
34.4372 162.1343
34.5227 162.1150
34.4254 162.1357
34.5905 162.1010
34.5496 162.1017
34.3733 162.1157
34.5870 162.1078
34.3735 162.2853
34.4961 162.0399
34.4114 162.1569
34.4239 162.2383
34.5096 162.1252
34.3743 162.1508
34.4897 162.1672
34.4129 162.0916
34.4292 162.1086
34.5152 162.3413
34.3897 161.9981
34.4247 162.2785
34.4503 162.0966
34.4514 162.1903
34.4061 162.1203
34.3831 162.1152
34.4799 162.1359
34.4004 162.1232
34.4016 162.1459
34.4190 162.2044
34.3643 162.2394
34.3914 162.3012
34.5293 162.0949
34.6706 162.1342
34.4248 162.1561
34.5527 162.0996
34.2907 162.1364
34.3344 161.9236
34.5288 162.2199
34.5112 162.2364
34.4234 162.2316
34.3881 162.1462
34.4665 162.2188
34.5637 162.1390
34.4073 162.2021
34.3840 162.1412
34.3598 162.2537
