101.4812 128.5675
101.0263 128.5409
101.1706 128.6233
101.6067 128.6329
101.5513 128.5654
101.2781 128.9506
101.4115 129.0185
101.5104 128.9773
101.3717 128.9192
101.2510 128.9493
101.1608 128.9416
101.4345 128.9471
101.3580 128.5454
101.3029 128.6178
101.1706 128.6889
101.1505 128.6347
101.1424 128.6996
101.2083 128.5803
101.2666 128.6732
101.1237 128.6843
101.1026 128.5725
101.1750 128.6433
101.3715 128.4892
101.2816 128.5030
101.1747 128.6460
101.2025 128.5994
101.2020 128.6357
101.2332 128.6642
101.2515 128.6201
101.1808 128.6936
101.1260 128.5190
101.3234 128.7958
101.0753 128.7412
101.1031 128.6388
101.1170 128.6496
101.1587 128.5501
101.1574 128.6574
101.1652 128.6804
101.1447 128.6513
101.2298 128.6483
101.1314 128.6296
101.1534 128.6085
101.1285 128.6508
101.1421 128.5683
101.2508 128.6161
101.2106 128.6599
101.1674 128.6080
101.4402 128.9328
101.1554 128.9954
101.1657 128.8891
101.2664 129.1188
101.3220 128.9454
101.1660 129.0200
101.3274 129.0753
101.0714 128.9488
101.2254 128.9325
101.2776 128.9375
101.1679 128.8871
101.4512 128.8946
101.2221 128.9539
101.2903 128.9130
101.7120 128.4046
101.1838 128.4690
101.1406 129.0704
101.2775 128.9098
101.1904 128.8814
101.1497 128.9387
101.3931 128.9099
101.1811 129.0050
101.3543 128.9912
101.2682 128.9567
101.2332 128.8853
101.3269 128.9642
101.2379 128.8838
101.2631 128.8747
101.3503 128.9532
101.1714 128.9514
101.2554 129.0817
101.4239 129.1265
101.2658 128.8035
101.2298 129.0930
101.2771 128.8931
101.4302 128.9244
101.3989 128.9102
101.3004 128.9473
101.3256 128.7963
101.4491 128.8750
101.3060 128.9786
101.3116 129.0805
101.2984 128.6968
101.2501 128.9921
101.3615 128.8626
101.1755 128.8374
101.2393 129.1943
101.2807 128.8749
101.2237 128.9806
101.1331 129.0934
101.2217 128.9572
101.5794 129.0155
101.3052 128.8344
101.4059 128.9912
101.3477 128.9552
101.4867 129.0182
100.9876 128.8850
101.0936 129.0273
101.0851 128.9457
101.0819 128.8602
101.1973 128.9023
101.1978 128.9977
101.4098 128.9296
101.2125 128.8922
101.6497 129.0202
101.3166 128.7310
101.3037 128.8861
101.2251 128.7932
101.3359 128.9423
101.4640 128.8005
101.4746 128.7256
101.4134 128.7738
101.6188 128.7128
101.2415 128.7425
101.2527 128.7612
101.3027 128.7032
101.3671 128.7869
101.3959 129.0513
101.2956 128.9822
101.3633 128.9262
101.3937 128.9771
101.2995 128.7705
101.2658 128.8916
101.5152 128.4855
101.5955 128.9234
101.1416 128.5986
101.2655 128.7088
101.2231 128.7154
101.7645 128.7226
101.5449 128.5931
101.8377 128.7070
101.7440 128.7930
101.6548 128.7038
101.5634 128.8497
101.6677 128.9326
101.6431 128.6599
101.6397 128.6571
101.7149 128.7102
101.5869 128.7630
101.5239 128.6903
101.7580 128.6070
101.6443 128.8330
101.6410 128.6715
101.3980 128.8004
101.6017 128.6229
101.6025 128.7391
101.5948 128.6462
101.5212 128.5570
101.6507 128.8575
101.6289 128.8830
101.6142 128.7360
101.4565 128.7632
101.7319 128.8849
101.5894 128.8582
101.6260 128.6128
101.5449 128.6996
101.7112 128.6197
101.5926 128.8417
101.7461 128.5500
101.4280 128.8713
101.4012 128.8431
101.4543 128.8492
101.5451 128.7226
101.7115 128.7415
101.6206 128.7787
101.4924 128.8793
101.6598 128.7247
101.5904 128.7967
101.7237 128.7324
101.6192 128.8024
101.7489 128.7316
101.6754 128.6635
101.5444 128.8881
101.3959 128.6945
101.5755 128.8494
101.5149 128.6209
101.5996 128.8395
101.5918 128.7473
101.6312 128.7845
101.5756 128.7603
101.6087 128.7134
101.4342 128.8775
101.2926 128.6846
101.2437 128.6311
101.4134 128.7805
101.2339 128.7361
101.3228 128.6894
101.2718 128.6523
101.2040 128.5915
101.3684 128.6595
101.4211 128.6480
101.2828 128.6625
101.2088 128.6429
101.2902 128.6378
101.3274 128.7104
101.2773 128.6161
101.4013 128.6029
101.2055 128.6460
101.2376 128.6205
101.1773 128.6515
101.2103 128.6351
101.2872 128.6974
101.2832 128.6456
101.2152 128.8413
101.2122 128.6555
101.2910 128.6240
101.2977 128.5744
101.2920 128.6526
101.3317 128.5845
101.2992 128.6174
101.3295 128.6455
101.2245 128.7532
101.2895 128.6238
101.3614 128.6643
101.3544 128.5757
101.2844 128.6425
101.3464 128.6457
101.3287 128.5715
101.2800 128.6336
101.3223 128.5966
101.2164 128.6825
101.2818 128.5887
101.2913 128.5656
101.3767 128.6112
101.2546 128.7207
101.3418 128.5182
101.3498 128.6590
101.3513 128.6810
101.2590 128.6504
101.1812 128.6674
101.3479 128.4539
101.2753 128.6291
101.1843 128.4857
100.9720 128.7205
100.9959 128.8782
101.3309 128.3236
101.2746 128.3572
101.3774 128.9065
101.4026 129.0061
101.4216 128.8622
101.4482 129.0444
101.4812 128.9443
101.6267 128.9522
101.5957 128.7494
101.5294 128.7690
101.3937 128.6116
101.2751 128.7239
101.2735 128.5392
101.1227 128.6646
101.2527 128.7787
101.1507 128.6206
101.3431 128.7257
101.2024 128.6447
101.3000 128.7046
101.3815 128.7086
101.3788 128.7007
