103.9641 161.3472
104.0069 161.0828
104.3469 161.4981
104.3967 161.1091
104.0912 161.0788
103.8002 161.1586
104.1777 161.3320
103.9475 161.2822
104.2472 161.1588
104.4666 161.3819
104.4618 161.2510
104.1419 161.1938
104.2281 161.2483
104.3410 161.2088
104.3796 161.1573
104.2357 161.1068
104.2476 161.1419
104.2697 161.1636
103.9240 161.1372
104.1700 161.1105
104.0446 161.4039
104.4771 161.1522
104.3657 161.2823
104.0927 161.0836
104.4254 161.2878
104.1977 161.2326
104.1717 161.3213
104.0857 161.1212
104.1968 161.2425
104.2696 161.1568
104.1665 161.1843
104.1803 161.1638
104.3965 161.0698
104.1907 161.4146
104.0619 161.2424
104.0378 161.1286
104.1939 161.3034
103.7928 161.3482
104.0607 161.1198
104.2179 161.4562
104.2335 161.4524
103.7948 161.1705
104.4576 161.3596
104.2820 161.5407
104.0550 161.2728
104.0536 161.1443
104.0526 161.2057
103.8496 161.4448
104.1672 161.3160
104.1209 161.2363
104.1952 161.3410
104.2533 161.2683
104.2886 161.1727
104.0255 161.3561
104.2526 161.2998
104.3577 161.3079
104.2579 161.1339
104.1469 161.0837
104.1922 161.3393
104.2047 161.3876
103.9523 161.2265
104.1433 161.2642
104.1595 161.0909
104.0825 161.2120
104.1145 161.1931
104.2807 160.9333
104.4386 161.2375
104.3543 161.1039
104.0739 161.0344
104.0170 161.2290
104.2807 161.1752
104.3270 161.0658
104.3228 161.2197
104.3264 161.2661
104.1453 161.3326
104.3456 161.2546
104.3207 161.2481
104.3049 161.0954
104.3324 161.1964
104.3711 161.1979
104.0850 161.2168
104.2751 161.1756
104.2387 161.1382
104.1154 160.8026
104.2033 161.3357
103.9680 161.1456
104.2724 161.2562
103.9979 161.1064
104.2898 161.5507
104.2546 161.3042
104.4057 161.1842
104.1201 161.0272
104.0581 161.1594
104.2346 160.9263
104.3032 161.2536
104.2630 161.0775
104.1498 160.9959
104.0794 161.2851
104.3116 161.2221
104.0527 161.3371
104.0141 161.2483
104.2000 161.1050
104.1799 161.1364
104.4042 161.5087
104.2594 161.3645
104.3891 161.3863
104.3851 161.2403
104.1354 161.0690
104.1021 161.2686
104.1125 161.0456
104.3237 161.1950
103.9324 161.0921
104.2760 161.3198
104.3913 161.2499
104.3238 161.2578
104.1216 161.2818
104.3130 161.4498
104.2934 161.2494
104.1400 161.2337
104.3686 161.3439
104.4349 161.2007
104.0060 161.2469
104.2395 161.1064
104.2154 161.1239
104.1252 161.1566
104.1980 161.3641
104.1437 161.1211
104.0038 161.2057
104.3423 161.2146
104.1356 161.3395
104.2574 161.2018
104.2864 161.2457
104.3053 161.0992
104.1795 161.2443
104.3252 160.9873
104.4845 161.1917
104.2123 161.0933
103.8850 161.0546
104.0455 161.2516
104.2812 161.2153
104.1504 161.1098
103.9867 161.0329
104.2915 161.2364
104.0503 161.0304
104.4975 161.3064
104.4787 161.4027
104.2604 161.1728
104.2089 161.2216
104.1946 161.2336
104.3448 161.1498
104.2790 161.1126
104.3224 161.2536
104.1699 161.2089
104.3097 161.1778
104.2131 161.2974
104.2787 161.2328
104.2018 161.1802
104.3082 161.2090
104.2463 161.2422
104.2442 161.2075
104.3231 161.2439
104.2200 161.2457
104.2428 161.2537
104.3083 161.2111
104.2139 161.2175
104.2631 161.1400
104.2040 161.2009
104.2202 161.2366
104.3041 161.2631
104.3467 161.2097
104.3171 161.2215
104.1853 161.1350
104.3715 161.1888
104.2708 161.2058
104.2220 161.2046
104.1970 161.1709
104.2967 161.1381
104.3380 161.2557
104.2584 161.1860
104.2617 161.2766
104.3755 161.1759
104.3198 161.2182
104.4190 161.2136
104.0749 161.2963
103.9659 161.0144
104.1535 160.9855
103.9796 160.9464
104.0050 161.0539
104.0057 160.8946
103.9405 161.0124
103.8716 160.9498
103.9715 160.9071
104.0143 161.0242
103.9507 160.9671
104.0848 160.9953
103.7756 160.8436
104.0051 160.9172
104.1762 161.0178
104.2092 161.1763
103.9093 160.8664
103.8829 160.9311
104.0155 161.0157
104.0981 161.3089
104.0167 161.0670
103.9302 160.9667
104.0583 161.0537
103.9220 161.0750
104.2668 161.2875
104.2225 161.1464
104.2610 161.2616
104.3535 161.2361
104.2975 161.2898
104.1734 161.2701
104.3804 161.1447
103.9770 161.0527
104.0909 161.0265
103.7561 160.9411
104.1806 161.4669
103.9899 161.4507
104.0460 161.3287
104.1162 161.3805
103.9937 161.4035
104.1569 161.2478
104.0576 161.3979
103.9421 161.3183
104.1795 161.4144
104.0839 161.4778
103.9559 161.5259
103.9457 161.0808
104.1374 161.3765
103.8715 161.4012
103.9142 161.1693
103.9000 161.2606
104.1079 161.3364
104.1409 161.3509
104.0542 161.4317
103.8266 161.3711
103.8625 161.3870
104.0728 161.1715
103.8477 161.4126
103.9452 161.3838
104.0667 161.4647
103.9030 161.2862
104.0433 161.4317
104.0294 161.3616
103.9696 161.3710
103.9811 161.2727
103.9836 161.2991
103.9712 161.3553
103.8912 161.4647
104.0881 161.3151
104.0390 161.4245
103.9960 161.4886
103.9347 161.4092
103.9275 161.3671
104.0481 161.2955
104.0002 161.2988
103.9345 161.3439
104.0196 161.3244
103.9919 161.3150
104.0084 161.2554
103.9469 161.1848
104.1522 160.9257
104.1470 160.9793
104.1552 160.9539
104.3921 161.1726
103.7263 160.9362
104.1390 161.3903
104.1003 161.3068
104.0188 161.3866
104.1404 161.3237
104.0327 161.3028
104.1646 161.4036
104.1082 161.3766
104.1561 161.4534
104.0662 161.3080
104.1609 161.1704
104.4584 161.1488
104.4019 161.1025
104.5465 161.3682
104.1897 161.3109
104.4617 161.2317
104.4624 161.2178
104.1309 161.3025
104.5469 161.1945
104.3791 161.3167
104.4258 161.2435
104.2879 161.1597
104.3018 161.2397
104.5133 161.0530
104.0171 161.3445
104.0565 161.2908
104.0101 161.4662
104.0692 161.2579
104.0001 161.2524
104.0798 161.3898
103.9957 161.2626
104.0273 161.5031
104.1199 161.5050
103.9297 161.3754
103.9752 161.4988
104.1356 161.3963
103.9490 161.2898
103.9992 161.4013
104.0286 161.3064
103.9199 161.3258
104.0171 161.4342
104.0711 161.3693
104.1244 161.4306
103.9434 161.2807
104.0236 161.3506
103.9983 161.4808
103.9942 161.5018
104.0145 161.4041
103.9222 161.3522
103.9899 161.4647
103.9608 161.4027
103.9530 161.3302
104.0245 161.3953
104.0656 161.3912
104.0801 161.3980
104.0377 161.4163
103.9888 161.4275
103.9131 161.4073
103.9400 161.4407
104.0306 161.3952
104.0018 161.3983
103.9968 161.4807
104.0109 161.3626
104.1743 161.2163
104.1141 161.0365
104.1525 161.1958
104.1875 161.0455
104.1100 161.0315
104.0965 161.1432
104.0423 161.0533
104.1363 161.1535
104.0319 161.0319
104.1322 161.2658
104.0685 160.8961
104.1556 161.1052
104.1701 161.0176
104.0153 161.0674
103.9183 161.0451
104.1120 161.0501
104.1383 161.0637
104.1200 161.0122
104.0613 161.0769
104.1226 161.0577
104.1169 161.0662
104.0521 161.0651
103.9953 161.1322
103.8846 161.1052
104.1444 161.0015
104.0835 161.0973
104.0796 161.0751
104.2154 161.0596
104.1340 161.1928
104.1045 161.0190
104.1608 161.0481
104.0989 161.0936
104.0913 160.9847
104.0763 160.9873
104.1476 160.9173
104.1668 161.0600
104.0630 161.0370
104.0113 161.2045
104.0638 161.0583
103.9931 160.9584
104.1216 160.9911
104.0647 161.1688
104.1960 161.0177
104.1683 161.0506
104.1264 161.0203
103.9904 160.9499
104.0110 160.9500
104.0625 161.0109
104.1620 161.1385
104.1149 161.0686
104.2654 161.0160
104.0945 161.0313
104.1380 160.9263
103.9565 161.0911
104.0773 160.8871
104.1379 160.9561
104.2753 161.0748
104.2134 161.1018
104.0134 161.0496
104.0681 161.1251
104.0412 161.0572
103.9975 161.0491
104.1841 161.0661
104.0517 161.2276
104.0640 161.0244
104.0646 161.1011
104.0899 161.0666
104.1063 161.0804
104.0711 160.8639
104.0490 161.1937
104.1482 161.0043
104.1814 161.0041
104.1564 161.0252
104.0423 160.8241
104.0987 160.8770
104.1568 161.0059
104.1920 161.1026
104.0479 161.2394
104.0098 160.9868
104.0134 161.1122
104.1280 161.0837
104.1201 161.1532
104.1137 161.1324
104.1087 161.1156
104.0954 161.1366
104.0263 161.0489
104.0696 161.0403
104.0485 161.0542
103.9761 161.0229
104.0872 161.1087
104.0547 161.0236
104.1273 161.0778
104.1367 161.1022
104.1301 161.0119
104.2374 160.9992
103.9373 161.0641
104.0205 160.9593
104.0119 161.0463
104.0410 161.1340
104.1178 161.0676
104.1321 161.0116
103.9219 161.0805
104.0907 161.1603
104.2053 161.1309
104.2204 161.0004
104.1365 160.9798
104.0114 161.0638
104.1575 161.0159
104.0160 161.0535
104.0625 161.0773
104.1473 161.0715
104.0762 160.9829
104.0471 161.0208
103.9460 161.0281
104.1145 160.9883
103.9923 160.9756
103.9691 161.0919
104.0834 160.9655
104.1136 161.0758
104.0803 160.9688
104.0408 160.9889
103.9298 161.0561
103.9074 161.0687
104.0732 161.0354
104.2001 161.0051
104.0083 161.0029
104.1909 161.0367
104.0639 160.9308
104.1459 161.0753
104.1062 161.0220
104.0657 161.0709
104.1255 161.0701
104.1283 161.0097
104.1688 161.0285
104.0895 160.9737
104.1575 161.0538
104.1057 161.0207
104.0914 161.0193
104.0643 161.1454
104.1803 161.1031
104.1302 161.0066
103.9354 160.9730
103.9795 161.0857
104.1720 161.0503
104.0651 160.9705
104.1918 161.0504
104.1644 161.0285
104.2055 161.0810
104.0228 160.9847
104.0819 160.9756
104.0588 161.0266
104.0781 160.9213
104.0021 161.0071
103.9673 160.8257
103.9977 161.0584
104.1242 160.9724
104.2452 161.0984
104.0231 161.0577
104.0141 161.0393
104.0791 160.9098
103.9888 161.0844
103.9733 161.0305
104.0544 161.0285
104.2705 161.3314
104.0069 161.0199
104.0973 161.0200
104.1353 161.0653
104.1297 161.1329
104.1137 161.0827
104.0845 161.0827
103.9988 161.0998
104.0486 161.1270
104.0802 160.9763
104.0664 161.1201
104.0753 160.9916
104.2830 161.1067
104.0995 161.1434
104.2749 161.0740
104.0526 161.0127
103.9558 161.1069
104.1158 161.0547
104.1609 161.0352
104.2277 161.0173
104.1756 161.1736
104.1400 161.1104
104.0694 160.9554
104.0795 161.0915
104.0296 161.1275
104.2396 161.1704
104.0985 161.0998
104.2032 161.0756
104.1032 161.0997
103.9925 161.0220
104.0496 160.9164
104.0208 160.9321
103.9718 161.0841
103.9952 161.2196
104.1283 161.0510
104.1345 161.0434
104.0451 161.0340
104.1962 161.0418
103.9585 161.1092
104.0985 160.9148
104.2448 161.1324
104.1659 161.0799
104.1166 161.0905
104.0632 161.0546
104.0126 161.1223
103.9989 161.0477
104.0295 161.0906
104.0606 161.0574
103.9530 161.0574
104.2381 161.2505
104.0535 161.1953
104.0942 161.0269
104.1452 161.1266
104.2271 161.1094
103.9948 161.1015
104.1496 161.1485
104.0976 161.0780
104.1079 161.0021
104.0377 161.0165
104.0562 161.0650
104.0764 161.0404
104.0418 161.1552
104.5302 161.1847
104.5216 161.0113
104.1926 161.0025
104.1543 161.1071
104.2598 161.1173
104.1002 161.0325
103.9974 162.1025
104.0972 162.0329
104.0445 162.1471
103.8994 162.0909
104.0998 162.1209
104.7039 162.2265
104.2648 162.2499
103.9315 162.1090
103.9927 162.2537
104.2079 162.1486
104.1592 162.3528
103.9214 162.3294
104.0826 162.2704
103.8791 162.2022
104.1904 162.1990
104.1262 162.1606
104.1231 162.2200
103.9731 162.1990
104.2534 162.3116
104.0066 162.2668
104.1057 162.2613
104.0862 162.2656
104.2070 162.3080
104.2591 162.1488
104.0156 162.2251
104.1696 162.2758
104.0766 162.0803
104.0079 162.2237
104.2310 162.0109
103.9988 162.2210
104.2659 162.0853
104.1065 162.2839
104.0480 162.1396
104.1199 162.2344
104.0814 162.2074
103.9943 162.2540
104.1883 162.1956
104.2056 162.0669
103.9986 162.2377
103.9156 162.3216
103.8939 162.2792
104.2043 162.2586
104.2848 162.2434
104.1546 162.3470
104.0371 162.1292
103.9714 162.2004
104.0710 162.0468
103.9584 162.1462
104.0791 162.3783
104.0760 162.2555
104.3259 162.1297
104.0103 162.2385
103.9650 162.4350
103.9760 162.1954
104.0274 162.2675
104.3088 162.2778
104.2790 162.3520
104.2023 162.1619
104.1002 162.2436
104.2878 162.2096
104.0280 162.3632
104.0171 162.1226
104.1323 162.1972
104.0755 162.3177
104.0082 162.2928
103.9003 162.1842
104.1789 162.2267
104.0010 162.3051
104.0747 162.3344
103.9489 162.3250
104.1769 162.1913
104.1859 162.2346
103.8484 162.3344
104.0623 162.1896
103.9758 162.3017
103.9704 162.1467
104.1617 162.1460
104.0834 162.1439
104.0291 162.1818
104.1671 162.0987
104.0468 162.2830
103.9489 162.2245
103.9816 162.2923
104.3121 162.1520
103.8587 162.2179
104.0747 162.1037
104.0078 162.3382
104.0204 162.2893
104.1802 162.1418
104.1518 162.3160
104.0003 162.1450
104.0994 162.1909
104.4245 162.1386
104.3919 161.9939
104.3377 162.3897
104.3058 162.2571
104.4075 162.2212
104.5000 162.2543
104.4370 162.2022
104.3845 162.2264
104.4531 162.2902
104.5200 162.4465
104.6342 162.2469
104.4770 162.3426
104.3064 162.2937
104.5221 162.1877
104.4069 162.2586
104.5104 162.5318
104.4186 162.1608
104.3533 162.2991
104.4086 162.1488
104.5800 162.3217
104.4913 162.2023
104.3473 162.3867
104.1863 162.2939
104.4347 162.5686
104.4548 162.4366
104.3889 162.3736
104.3852 162.4212
104.3703 162.2990
104.4632 162.2503
104.3473 162.4702
104.2247 162.3591
104.4650 162.1000
104.5070 162.2643
104.5259 162.2459
104.4303 162.3275
104.3181 162.3021
104.5663 162.3949
104.2895 162.3177
104.2031 162.2968
104.5896 162.3109
104.4874 162.4035
104.5591 162.2097
104.3632 162.3178
104.5309 162.3028
104.4148 162.4293
104.2335 162.3158
104.2850 162.1978
104.2874 162.1876
104.5210 162.3402
104.4338 162.3941
104.1969 162.5440
104.3974 162.4481
104.3033 162.4683
104.4351 162.4073
104.2212 162.3792
104.5031 162.4889
104.5754 162.3319
104.5668 162.4618
104.3810 162.4077
104.4308 162.4920
104.4590 162.3884
104.3371 162.5318
104.3974 162.3919
104.4702 162.4710
104.3367 162.3374
104.5589 162.4109
104.3501 162.5436
104.4687 162.5344
104.6267 162.3661
104.4268 162.4534
104.4174 162.4646
104.5590 162.4922
104.5847 162.5343
104.3213 162.4204
104.3802 162.5694
104.4373 162.3855
104.4194 162.4993
104.4010 162.2754
104.1008 162.4112
104.5603 162.4346
104.2858 162.3797
104.6100 162.5080
104.4020 162.3544
104.4517 162.4294
104.2491 162.3811
104.5940 162.5177
104.3531 162.5155
104.1792 162.3408
104.4536 162.4899
104.6153 162.4078
104.4398 162.5636
104.4884 162.4411
104.3970 162.4357
104.3743 162.4108
104.4505 162.3703
104.6041 162.5458
104.6663 162.4689
104.3374 162.4356
104.4606 162.2090
104.5062 162.3745
104.2803 162.3977
104.4925 162.4069
104.4626 162.3190
104.3261 162.3905
104.3282 162.2727
104.4199 162.2445
104.4743 162.1893
104.3553 162.3672
104.4180 162.3603
104.4583 162.3508
104.6261 162.5246
104.4969 162.4358
104.4026 162.3692
104.5343 162.2648
104.0361 162.7637
104.2773 162.4294
104.3421 162.6085
104.3766 162.4341
104.4138 162.4706
104.4275 162.3237
104.4994 162.3517
104.4477 162.4323
104.3980 162.4002
104.4003 162.3932
104.4716 162.3670
104.4412 162.3852
104.4007 162.4074
104.3797 162.4520
104.4311 162.3847
104.0064 162.1980
104.0973 162.2288
104.0561 162.1820
104.1878 162.2775
104.2255 162.1139
104.0097 162.0894
104.1704 162.3036
104.0703 162.2125
104.2090 162.2308
104.0606 162.2893
104.1779 161.9956
104.0758 162.2613
104.1677 162.2488
104.1771 162.1814
103.9065 162.2717
104.1616 162.1696
104.1281 162.1721
104.0836 162.2674
104.3025 162.3574
103.9926 162.2816
104.0286 162.2304
103.9719 162.1161
104.0415 162.1359
104.1392 162.1715
104.2217 162.3310
104.2985 162.3332
104.0554 162.2009
104.3649 162.0695
104.0555 162.2311
104.1661 162.1874
103.9925 162.0116
104.1635 162.0917
104.0912 162.1877
104.0638 162.1872
104.2957 162.3177
103.9770 162.1380
104.3741 162.1554
104.0826 162.2959
104.1510 162.1091
104.0453 162.3028
103.9811 162.1984
104.0184 162.4212
104.0068 162.1852
104.0547 162.2069
104.1362 162.1808
104.1869 162.2265
104.1213 162.2444
104.0747 162.2241
104.3989 162.0255
104.3275 162.0891
104.5592 162.0349
104.5392 162.0180
104.3482 162.0260
104.4870 162.0635
104.5799 162.0003
104.3320 162.2105
104.4093 162.1165
104.4314 162.0824
104.2399 162.0119
104.3577 161.9273
104.0189 162.2287
104.3249 162.3039
104.2080 162.2393
104.0977 162.2556
104.2793 162.1918
104.1910 162.2907
104.1525 162.2104
104.3265 162.2878
104.0617 162.2207
104.1365 162.3100
104.1671 162.2409
104.2818 162.2076
104.0773 162.2295
104.1018 162.1937
104.2275 162.3324
104.1337 162.1427
104.0826 162.2973
104.1905 162.2435
104.1845 162.3462
104.1960 162.2956
104.0215 162.2531
104.2297 162.1961
104.1993 162.2231
104.1823 162.3231
104.1563 162.2305
104.0012 162.3799
104.3318 161.9724
104.3140 161.9211
104.3554 161.9732
104.4393 162.5578
104.3959 162.2135
104.4711 162.0608
104.4579 162.0703
104.4330 162.2017
104.4706 162.0991
104.3676 162.2790
104.4699 162.0519
104.6095 162.2129
104.5928 162.1179
104.5486 162.1043
104.5728 162.0479
104.2074 162.0125
104.5642 162.1711
104.6173 162.1134
104.5225 162.1723
104.5963 162.1178
104.4361 162.0411
104.5525 162.0787
104.4886 162.1652
104.3181 162.1442
104.4609 161.9937
104.4378 162.0353
104.5672 162.0869
104.4582 162.1977
104.4613 162.0790
104.5097 162.0431
104.5133 162.0143
104.5832 162.1068
104.6303 161.9901
104.5032 162.1644
104.5393 162.1363
104.4804 162.0700
104.3302 162.0435
104.5512 162.1842
104.5266 162.1032
104.4931 162.1514
104.4751 162.0796
104.4827 162.0973
104.3965 162.0463
104.4903 162.1307
104.4877 162.0960
104.4350 162.1723
104.4557 162.0430
103.9752 162.2941
104.5098 162.4831
104.6211 162.5399
104.3442 162.0854
104.5328 162.0832
104.3799 162.1531
104.4392 162.3176
104.4802 162.2437
104.5812 162.1508
104.5852 162.3945
104.5672 162.2512
104.4528 162.0700
104.4971 162.3258
104.6439 162.3170
104.5588 162.1945
104.5468 162.0807
104.5387 162.1782
104.5528 162.1447
104.5717 162.0854
104.6072 162.0857
104.4156 162.0766
104.4967 161.9975
104.5479 162.2655
104.4730 161.9918
104.4624 162.1429
104.4997 162.0978
104.5190 162.0596
104.5386 162.0520
104.6090 162.1470
104.5472 162.0800
104.4071 162.1194
104.4982 162.3649
104.5108 162.1810
104.4923 162.2641
104.5137 162.1497
104.5641 162.0433
104.3121 162.0703
104.3446 162.0638
104.3457 162.1101
104.4405 162.4522
104.4779 162.4440
104.5219 162.4448
104.4677 162.3873
104.5029 162.3351
104.6444 162.6893
104.3623 162.0232
104.4463 162.1515
104.4609 162.0244
104.5447 162.0777
104.5231 162.1331
104.4814 162.0863
104.5233 162.0716
104.4786 162.0737
104.4855 162.1689
104.4388 162.0587
104.4963 162.1060
104.3790 162.1205
104.4937 162.0796
104.2966 162.0704
104.3398 162.0491
104.4549 162.4496
104.5987 162.2767
104.5730 162.1363
104.4222 162.1755
104.5712 162.0380
104.3473 162.1078
104.4936 161.9592
104.5231 162.1719
104.4651 162.0387
104.5694 162.0326
104.3597 162.0051
104.5189 162.0746
104.3424 162.1349
104.5554 162.1212
104.4208 162.0897
104.3209 162.0527
104.4151 162.0464
104.4813 162.0800
104.3976 162.0298
104.6501 162.0128
104.6321 162.1471
104.4453 162.1331
104.4076 162.0691
104.5237 162.1349
104.4417 162.0684
104.4710 162.1325
104.5624 162.0324
104.2167 162.3349
104.4347 162.5516
104.2515 162.2853
104.2585 162.1991
104.1329 162.3099
104.2416 162.3764
104.2318 162.3258
104.3177 162.3386
104.3109 162.5236
104.2251 162.4299
104.2322 162.3711
104.2588 162.4776
104.2414 162.2055
104.1673 162.4349
104.2119 162.3275
104.3699 162.2487
104.2596 162.4684
104.3006 162.3098
104.2972 162.3500
104.2245 162.4685
104.3230 162.3268
104.2030 162.2235
104.2639 162.3842
104.2390 162.3480
104.2794 162.4075
104.2462 162.3320
104.2206 162.2397
104.3030 162.2312
104.3689 162.3027
104.2866 162.2933
104.2820 162.3130
104.1402 162.4581
104.2380 162.3173
104.2944 162.2907
104.1648 162.2399
104.1281 162.3176
104.2600 162.2096
104.1528 162.2162
104.2741 162.3325
104.1895 162.2061
104.1859 162.2393
104.2092 162.3670
104.1151 162.2702
104.1450 162.2839
104.2290 162.3191
104.2782 162.4412
104.3399 162.3761
104.1381 162.3690
104.1603 162.3593
104.3104 162.3127
103.9722 162.3581
104.1018 162.4201
104.1276 162.3546
104.1822 162.3421
104.1840 162.3640
104.1988 162.3125
104.2123 162.2507
104.2419 162.2749
104.2568 162.3361
104.2316 162.3248
104.2450 162.2700
104.5869 161.9446
104.4564 162.0900
104.6225 162.0824
104.6053 162.1887
104.6097 162.2335
104.3263 162.0693
104.5407 162.0807
104.6405 162.2056
104.5736 162.2069
104.4250 162.1410
104.5387 162.1597
104.5765 162.1544
104.5575 162.1648
104.6032 162.0913
104.5336 162.2797
104.4895 162.2060
104.5036 162.1406
104.6115 162.2505
104.5187 162.2037
104.5076 162.1025
104.5093 162.3470
104.5956 162.0728
104.4756 162.2075
104.3810 162.1239
104.6080 161.9727
104.5476 162.0624
104.5542 162.1875
104.5655 162.1976
104.7152 162.0731
104.6041 162.1343
104.5038 162.1230
104.4571 162.1237
104.6928 162.1622
104.4774 162.0982
104.5349 162.0697
104.5522 162.1632
104.5815 162.0975
104.4449 162.2624
104.5342 162.1412
104.5404 162.2873
104.4391 162.3181
104.4127 162.1618
104.5971 162.0535
104.4303 162.2195
104.4842 162.1648
104.5857 162.0797
104.5357 162.0162
104.5629 162.1972
104.6081 162.2140
104.4981 162.1460
104.2673 162.1768
104.6197 162.1084
104.3001 162.1181
104.7245 162.2092
104.6121 162.1105
104.4644 162.1593
104.5196 162.5358
104.5507 162.4838
104.6384 162.4196
104.5263 162.5056
104.4586 162.5777
104.5138 162.5387
104.5744 162.4504
104.4821 162.3940
104.4260 162.6933
