38.3797 177.8516
38.3033 177.7415
38.1886 178.0259
38.1668 177.7777
38.4120 177.4246
38.3229 177.6197
38.2805 177.4772
38.3011 177.5487
38.3171 177.6629
38.5764 177.5477
38.4621 177.7094
38.3101 177.5567
38.5707 177.6018
38.3286 177.5110
38.5218 177.4312
38.2734 177.5176
38.4409 177.3888
38.3720 177.4658
38.3681 177.4306
38.2168 177.4123
38.2951 177.5269
38.4931 177.5648
38.3660 177.6139
38.3653 177.4996
38.2423 177.3900
38.4256 177.4553
38.2529 177.4735
38.4036 177.6988
38.4047 177.4751
38.3043 177.4916
38.3212 177.4947
38.1233 177.5773
38.4693 178.0361
38.3501 177.3674
38.3551 177.5053
38.4774 177.4130
38.4615 177.3407
38.2860 177.4816
38.2899 177.6437
38.2035 177.3477
38.1542 177.4964
38.3371 177.5446
38.4711 177.5967
38.4419 177.6917
38.4375 177.6514
38.5805 177.5903
38.4085 177.5910
38.4571 177.4401
38.4956 177.5577
38.4271 177.5368
38.4004 177.6140
38.3865 177.5679
38.3258 177.4916
38.5577 177.6225
38.4444 177.4480
38.4552 177.4730
38.5105 177.4646
38.6000 177.5410
38.4482 177.4977
38.1862 177.4916
38.3235 177.7649
38.2971 177.5283
38.7195 177.8963
38.5971 177.7804
38.6342 177.6205
38.6345 177.7487
38.7752 177.9428
38.6775 177.7976
38.6113 177.8435
38.5384 177.8168
38.5993 177.8574
38.6600 177.7757
38.7316 177.7798
38.6694 177.8231
38.6530 177.7948
38.7051 177.7776
38.7952 177.9122
38.5188 177.8737
38.6642 177.7680
38.6345 177.7773
38.5189 177.5473
38.5756 177.8559
38.5136 177.8163
38.7490 177.6628
38.4849 177.8606
38.6060 177.3357
38.6470 177.7231
38.4081 177.6714
38.2603 177.8215
38.2260 177.8999
38.2591 177.9197
38.3884 177.8664
38.3057 177.9742
38.2400 177.8732
38.3025 177.9480
38.3105 178.0164
38.3079 178.0947
38.3305 177.9194
38.1964 177.7927
38.3583 177.9273
38.2314 177.8682
38.4263 177.8686
38.4534 177.9402
38.6672 177.8140
38.5270 177.9132
38.6093 177.8579
38.7011 177.8506
38.5752 177.8887
38.6707 177.8737
38.6127 177.7065
38.6081 177.7704
38.5209 177.9696
38.5600 177.9258
38.5647 177.8352
38.7022 177.7629
38.5364 177.7814
38.5126 177.9134
38.4952 177.8746
38.6641 177.8338
38.7391 177.8914
38.7043 177.7264
38.6412 177.7487
38.5915 177.7889
38.7145 177.7864
38.6618 177.9366
38.6053 177.9624
38.5559 177.7598
38.5975 177.8447
38.5514 177.8358
38.5919 177.8014
38.4069 178.0818
38.2982 177.7118
38.6002 177.6523
38.5169 177.9528
38.2786 177.8086
38.2233 177.8310
38.7760 177.5588
38.4982 177.8508
38.7867 177.8805
38.6938 177.7676
38.6378 177.8587
38.5324 177.8925
38.7656 177.8947
38.6077 177.9714
38.6287 177.8298
38.5950 177.9767
38.6980 177.9301
38.6543 177.8891
38.7485 177.7109
38.7404 177.8727
38.6081 177.8981
38.6202 177.8191
38.6261 177.7372
38.7017 177.8117
38.7641 177.8330
38.6394 177.8002
38.7098 177.9980
38.7281 177.7934
38.4088 177.7561
38.7009 177.4667
38.6680 177.9344
38.5306 177.3406
38.7849 177.3712
