31.7412 75.1329
31.7044 75.0738
31.4123 75.0354
31.4836 74.9380
31.6298 75.0360
31.6576 75.0271
31.5682 74.9548
31.5977 74.9448
31.3832 75.0261
31.5159 75.1126
31.6258 74.9941
31.4543 75.1009
31.6109 75.1747
31.5322 75.0681
31.6088 74.9817
31.5093 74.9539
31.4603 74.9058
31.6988 75.0515
31.4260 74.9575
31.5483 75.0717
31.6404 75.0163
31.6340 75.1439
31.4900 75.0381
31.6929 75.0167
31.4287 75.0196
31.6094 74.9769
31.7130 74.8996
31.7275 75.0328
31.6478 75.0449
31.4001 75.0417
31.5876 74.8248
31.6102 74.8922
31.3812 75.0304
31.4445 75.1053
31.5135 74.8849
31.7655 75.1717
31.5473 75.0592
31.6165 75.0251
31.5603 75.0387
31.4062 74.8604
31.4948 75.0555
31.4619 74.8616
31.4371 74.8871
31.6983 75.0094
31.6321 75.1201
31.5786 75.1201
31.7477 75.0296
31.8277 75.1920
31.5965 75.1224
31.4682 75.1097
31.4419 74.9170
31.4673 75.2441
31.5562 74.8945
31.5332 74.8684
31.5242 75.0924
31.6069 74.9890
31.7241 74.8632
31.7815 75.0707
31.5679 74.9851
31.4920 75.1179
31.3740 74.8107
31.4741 75.0526
31.6698 74.9788
31.4888 74.9063
31.4289 75.0021
31.7028 74.9486
31.5291 74.9687
31.6621 74.5714
31.5818 74.8616
31.7464 74.9491
31.7097 75.0762
31.6938 74.7920
31.4702 74.9498
31.5173 74.7828
31.8448 74.9215
31.7095 75.0429
31.9783 74.7882
31.6470 74.7179
31.8102 74.7729
31.6168 75.2160
31.7349 75.2157
31.5731 74.8488
31.7611 74.9831
31.5701 74.9202
31.7234 75.0267
31.6136 75.0007
31.5506 75.0681
31.5722 75.1349
31.7849 74.9296
31.5374 75.0734
31.6767 75.0237
31.3758 75.1009
31.6038 75.0663
31.6246 74.9600
31.5793 75.0581
31.6561 74.8765
31.5685 74.9823
31.4923 75.0362
31.6761 74.9738
31.7147 74.9740
31.6022 74.8366
31.5195 75.0150
31.7807 75.1098
31.4642 74.8092
31.6162 74.9390
31.5658 75.1004
31.9972 74.8726
31.6140 75.1739
31.6609 75.0176
31.7596 74.8998
31.6109 74.8648
31.5793 75.2795
31.5663 74.8134
31.7032 74.8627
31.7547 74.8968
31.7567 74.8687
31.9933 74.9509
31.9184 74.7935
32.0241 74.8062
31.8971 74.8657
31.8971 74.8840
31.8993 74.9299
32.0656 74.8311
31.9517 75.0548
31.8319 74.9532
31.8759 74.9032
31.9841 75.0152
32.0396 74.8295
31.8162 74.8971
31.9140 74.7269
31.9234 74.8950
31.8510 74.7612
31.8788 74.8457
31.7422 74.6528
31.9996 74.8410
31.9261 74.9287
31.9942 74.8508
31.9135 74.8538
31.9239 74.8526
31.7855 74.8228
31.7797 74.9209
31.8999 74.8576
32.0418 74.8239
31.9649 74.9037
31.8031 74.8839
31.8463 74.8454
31.9854 74.7003
31.9831 74.8171
31.8608 74.8703
32.0358 74.7944
31.9830 74.8271
31.9604 74.8617
31.8531 74.8667
31.9389 74.8939
31.8912 74.8368
31.9259 74.8384
31.7868 75.1328
32.0132 74.8159
31.8009 74.8086
31.8469 74.8180
31.8471 74.9013
31.8756 74.7541
31.6867 74.9259
31.9127 74.8905
31.9394 74.8112
31.8538 74.8933
31.9924 74.7794
31.7989 74.8443
31.7822 74.8974
31.7835 74.8069
31.8127 74.8819
31.7851 74.8225
31.9178 74.6987
31.8478 74.8328
31.8276 74.6658
31.8567 74.8516
31.8606 74.7406
31.8292 74.9614
31.9545 74.9451
31.8526 74.8021
32.1750 74.7264
31.7949 74.8157
32.1680 74.8783
31.8567 74.8001
31.8379 74.8826
31.8015 74.9743
31.8751 74.8176
31.8225 74.9703
31.8964 74.9388
31.8739 74.7954
31.9638 74.7474
31.9365 74.9454
31.8300 74.8722
31.8239 74.7395
31.9174 74.8613
31.7674 74.7594
31.8893 74.8416
31.8570 74.7317
31.9047 74.7534
31.8915 74.9945
31.9996 74.8283
31.9730 74.7527
31.7953 74.7813
31.9137 74.8488
31.7968 74.7839
31.9326 74.7797
31.6013 75.0422
31.6172 75.0240
31.5762 75.1568
31.5269 74.9380
31.5947 75.0579
31.5917 75.0289
32.0224 74.7703
32.0701 74.8394
31.9195 74.7445
32.0528 74.8023
31.9074 74.8176
31.9370 74.8054
31.8773 74.8208
31.8782 74.7614
32.0995 74.7902
31.8954 74.6777
31.8564 74.6909
31.9938 74.6870
31.9297 74.8247
31.9818 74.7478
31.9628 74.8002
31.9256 74.7394
31.9635 74.6552
31.7970 74.7073
31.9103 74.8513
32.0225 74.9832
31.9718 74.6455
31.8969 74.9109
31.9417 74.8923
31.9553 74.8912
31.9535 74.8563
31.9619 74.8208
31.9308 74.9707
32.0745 74.8777
31.9104 74.8335
32.0830 74.8806
32.0551 74.7253
32.0556 74.7289
31.7271 74.7788
32.1461 75.1306
32.1461 75.2918
31.9517 75.1223
31.9535 75.2116
32.0103 75.2336
31.9993 75.1940
31.9628 75.1741
31.7835 75.1490
31.8327 75.2419
31.8487 75.0288
31.9470 75.0734
31.9288 75.0336
31.8074 75.0412
31.9272 75.1692
31.9363 75.2010
31.9511 75.3740
31.8608 75.1514
32.0410 75.1496
31.8897 75.1168
31.9004 75.1761
31.9768 75.0314
32.0024 75.1775
31.8810 75.1864
32.0661 75.2300
31.9854 75.3076
31.9301 75.1499
31.9302 75.2178
31.9583 75.1700
31.9009 75.1786
31.7553 75.2562
31.7578 74.9543
31.6580 75.0204
31.6752 74.9650
31.6684 75.0424
31.6682 75.0176
31.6664 75.0439
31.6301 75.0498
31.6751 75.0078
31.6251 75.0199
31.6930 75.0089
31.6381 75.0172
31.6543 75.0393
31.6469 74.9663
31.6269 74.9804
31.6888 74.9814
31.6044 74.9573
31.5906 75.0408
31.6812 75.0485
31.5806 75.0111
31.6335 75.0325
31.5802 74.9904
31.6622 75.0457
31.6511 74.9817
31.5704 74.9932
31.6307 74.9618
31.6574 74.9815
31.6625 74.9923
31.6503 75.0082
31.6713 75.0230
31.6652 75.0139
31.6862 75.0251
31.6369 75.0054
31.6901 75.0211
31.6928 74.9815
31.6097 75.0675
31.7045 74.9903
31.7018 74.9980
31.7058 75.0141
31.6078 74.9699
31.6485 75.0239
31.6594 74.9946
31.7010 74.9864
31.6612 74.9943
31.6761 75.0064
31.6584 74.9776
31.6382 75.0281
31.7209 75.0167
31.5954 74.9156
31.5920 74.9905
31.6185 74.9599
31.6305 74.8892
31.6482 74.9563
31.6094 74.9454
31.6581 75.0629
31.8795 75.0473
31.5534 74.9229
31.5039 75.0647
31.6018 74.9232
31.7424 75.0217
31.6931 74.9674
31.5026 75.0646
31.4937 74.9759
31.5783 74.9838
31.6495 74.8893
31.5637 75.0832
31.6775 75.0135
31.5631 74.8798
31.6931 74.8901
31.7346 74.9628
31.6662 74.9619
31.6505 74.9870
31.6231 74.9948
31.6155 75.0000
31.6024 75.0310
31.6968 75.0030
31.6941 74.9823
31.6698 74.9969
31.6686 74.9585
31.6578 74.9489
31.7231 74.9779
31.6957 75.0188
31.6576 74.9941
31.6487 74.9663
31.6406 74.9750
31.6689 75.0147
31.6547 75.0157
31.6588 74.9808
31.8978 74.7948
31.8632 74.7154
31.9962 74.7040
31.8534 74.6118
31.9704 74.7275
31.8564 74.5714
32.0225 74.6562
31.8697 74.9611
32.0646 74.7503
31.9229 74.7712
31.9150 74.7829
32.0539 74.7937
31.9890 74.9045
31.8553 74.8788
31.9639 74.8003
31.8906 74.8034
31.9287 74.7951
31.7788 74.9087
32.0863 74.7628
31.8547 75.1357
31.9497 75.1859
31.8779 75.1895
31.9040 75.1781
32.0095 75.1106
31.9874 75.2686
32.0410 75.2729
31.9814 75.2062
31.8198 75.1465
32.0445 75.2542
32.0785 75.1619
31.8876 75.2355
31.7999 75.1648
31.8545 75.2336
31.8722 75.2235
31.8433 75.1353
31.8734 75.1169
31.9808 75.1351
31.9410 75.1981
31.9612 75.2409
31.8530 75.2906
31.9525 75.2287
31.9396 75.2190
32.0612 75.0985
32.0100 74.9977
32.0336 75.1089
32.0646 75.1946
32.0463 75.0776
31.9297 75.1535
31.9142 75.1892
32.0063 75.2234
31.8381 75.3639
31.8955 75.2582
31.9060 75.2171
31.8424 75.1492
31.9995 75.0981
31.9090 75.3217
31.7325 75.2432
31.8580 75.0585
31.7658 75.0748
31.9581 75.1727
31.9889 75.2845
31.9589 75.3383
31.9207 75.2117
31.9762 75.2299
31.9675 75.1930
31.9790 75.1141
31.7467 75.1395
31.8783 75.1493
31.9349 75.2580
31.8357 75.1513
31.7937 75.2121
31.9363 75.1148
31.7637 75.1760
31.9081 75.1433
31.9432 75.3099
32.0066 75.1108
32.0186 75.0394
31.8672 75.0930
31.9628 75.1101
31.7831 75.2264
31.8655 75.0674
31.9367 75.1524
31.8242 75.2610
31.7829 75.2079
31.8619 75.1370
31.8902 75.1302
31.9398 75.1867
31.8679 75.1740
32.0170 75.1277
31.9281 75.2166
31.9196 75.1081
31.9029 75.2369
31.9118 75.2316
31.8310 75.3032
31.9270 75.1806
31.8312 75.1625
31.9261 75.1173
31.8990 75.1782
31.8119 75.1875
31.8657 75.2069
31.9958 75.2406
31.9474 75.1569
31.9797 75.2355
31.8792 75.3045
31.8494 75.2308
31.9221 75.0571
31.8544 75.1170
31.8832 75.2862
31.8669 75.0310
31.9445 75.2556
31.8120 75.2491
31.8723 75.1036
31.9976 75.1343
31.8773 75.2324
31.8150 75.1528
31.9087 74.9233
31.7536 75.2408
31.9546 74.9713
31.3424 75.0052
31.7402 74.9605
32.0580 75.0294
31.6188 75.0125
31.6796 74.9441
31.6144 74.9706
31.7180 74.9515
31.6708 74.8863
31.7078 74.9903
31.6488 74.9018
31.6512 74.9270
31.6869 74.9456
31.7344 74.9889
31.7494 74.9554
31.6715 74.9030
31.6324 74.9367
31.7028 74.9615
31.6962 74.8846
31.6845 75.0279
31.7040 74.9593
31.7196 74.9472
31.7346 75.0129
31.6955 75.0240
31.7151 74.9497
31.5693 75.0214
31.6358 75.0034
31.7018 74.9833
31.6677 74.9753
31.6486 74.9031
31.7688 74.9507
31.7557 74.9113
31.8001 74.9984
31.6350 74.8706
31.7602 74.8151
31.7257 74.9194
31.7455 74.9877
31.6498 75.0326
31.6894 75.0425
31.6491 74.9068
31.6281 74.8625
31.6848 74.9113
31.6702 74.9490
31.5599 74.9692
31.6748 74.9412
31.7437 74.8773
31.7060 74.8771
31.6764 74.8936
31.7465 74.9153
31.7552 74.9691
31.7082 74.8890
31.7817 74.9872
31.6767 74.9184
31.4984 74.9830
31.6636 74.9236
31.7650 74.8857
31.8117 74.9474
31.7108 74.9235
31.6803 74.9576
31.7807 74.7989
32.0291 75.1508
31.8055 75.1946
32.0161 75.2705
31.9308 75.1175
31.9136 75.2166
31.9469 75.1278
31.8717 75.0275
31.9650 75.0523
32.0392 75.2724
31.9374 75.1313
32.0242 75.1651
32.1190 75.1818
31.9579 75.2650
31.9691 75.0550
31.9485 75.3004
32.0250 75.1937
31.8799 75.0552
31.8290 75.1583
31.8727 75.0656
31.9979 75.1550
32.0127 75.0623
31.8961 75.2116
31.9635 75.1552
31.9120 75.1651
31.9569 75.2794
31.8223 75.2513
31.9935 75.0346
31.9671 75.2968
32.0850 75.0850
31.9707 75.4050
31.9299 75.2321
32.0105 75.2484
31.7915 75.2697
31.8542 74.9970
31.9402 75.1813
32.0364 75.0979
31.5682 75.1401
