79.6987 59.7709
79.4720 59.7962
79.3387 59.8121
79.4817 59.9065
79.4037 59.8077
79.2644 59.8688
79.2530 59.9099
79.5032 59.7408
79.3177 59.8466
79.3778 59.9284
79.4375 59.7407
79.4970 59.8120
79.3880 59.8030
79.3359 59.7698
79.5950 59.8664
79.3818 59.8786
79.3528 59.8459
79.4126 59.6818
79.4629 59.8986
79.4096 59.8233
79.4170 59.8968
79.4611 59.6186
79.3853 59.8289
79.5421 59.9324
79.3755 59.9275
79.4349 59.9511
79.3313 59.9461
79.3474 59.9161
79.3391 59.7572
79.3318 59.9704
79.3647 59.9223
79.2750 59.9603
79.3639 59.8765
79.3593 59.9263
79.4630 59.8108
79.5659 59.9550
79.6225 59.6921
79.4290 59.9921
79.2873 59.9310
79.4376 59.7248
79.5032 59.7984
79.3868 59.8471
79.3182 59.7838
79.4359 59.7806
79.3525 59.9366
79.4683 59.8798
79.2686 59.9121
79.4111 59.7542
79.4031 59.8446
79.3837 59.8911
79.6254 59.7287
79.8270 59.9520
79.7631 59.8447
79.7548 59.9562
79.7720 59.8499
79.8192 59.7807
79.9175 59.9347
79.7486 59.9579
80.0243 59.8217
79.9153 59.8953
79.6956 59.9515
79.6307 59.8541
79.6405 59.6958
79.7589 59.9814
79.7593 59.7376
79.6299 59.8726
79.6474 59.8345
79.6583 59.8950
79.9324 59.9178
80.0495 59.8553
79.9240 59.8358
79.8354 59.7823
79.8482 59.7694
79.7191 59.7644
79.5871 59.9147
80.0290 60.0171
79.8435 59.8564
79.6661 59.9704
79.8143 59.8733
79.8640 59.8581
79.7688 59.8832
79.6876 59.8587
79.7560 59.8910
79.5049 60.1057
79.5367 60.1178
79.5188 60.0878
79.4428 59.6888
79.4305 59.8712
79.3258 59.7602
79.5300 59.7910
79.3123 59.8390
79.3974 59.7542
79.3189 59.7911
79.3262 59.7950
79.4946 59.7638
79.4114 59.9118
79.3982 59.8742
79.6839 59.9197
79.4691 59.8436
79.4804 59.7669
79.4322 59.7410
79.5122 59.8812
79.3940 59.7419
79.4795 59.8228
79.6750 59.7462
79.5046 59.8471
79.3604 59.9032
79.4591 59.7110
79.5287 59.7613
79.4044 59.6848
79.3354 59.8361
79.5407 59.7787
79.3428 59.8558
79.4644 59.7195
79.3490 59.7429
79.4430 59.8172
79.3376 59.6862
79.6033 59.6610
79.3675 59.9169
79.6748 59.7055
79.5346 59.8184
79.4507 59.7902
79.6017 59.7621
79.2671 59.9088
79.6438 59.7800
79.4151 59.6744
79.6304 59.6162
79.4437 59.8238
79.4014 59.6837
79.5002 59.8434
79.5918 59.8702
79.5183 59.6554
79.3869 59.7789
79.2903 59.8199
79.4783 59.7648
79.4752 59.7710
79.4275 59.8263
79.4158 59.7319
79.6961 60.0746
79.5599 60.1103
79.4732 60.0033
79.8549 59.6209
79.4239 59.8953
79.4929 59.7915
79.4681 59.7605
79.4546 59.8803
79.6439 59.7456
79.6581 59.7294
79.4880 59.8112
79.6943 59.6295
79.4799 59.7881
79.5141 59.7468
79.4573 59.8201
79.5379 59.9196
79.5736 59.8188
79.4895 59.7810
79.3975 59.9095
79.6517 59.9057
79.5118 59.8492
79.5857 59.9023
79.4131 59.7923
79.4865 59.8904
79.4488 59.6815
79.4589 59.6725
79.4614 59.8190
79.8536 59.8522
79.9594 59.8201
79.8730 59.8035
79.7476 59.9064
79.8211 59.8402
79.8510 59.7545
79.7968 59.8592
79.8405 59.9250
79.7961 59.8749
79.7920 59.9273
79.7932 59.8563
79.8565 59.7940
79.8381 59.8510
79.8309 59.8214
79.8372 59.9224
79.7313 59.8735
79.8007 59.8593
79.8765 59.8179
79.7563 59.7999
79.7821 59.8358
79.8040 59.8265
79.8822 59.9234
79.8068 59.8981
79.8109 59.8865
79.8209 59.8576
79.7934 59.9071
79.8194 59.8542
79.8122 59.8794
79.7941 59.8781
79.8843 59.8751
79.8221 59.8491
79.9668 59.7976
79.9166 59.6940
79.8345 59.7729
79.7412 59.7059
79.7259 59.9176
80.0249 59.8973
79.7551 59.7936
79.8327 59.7887
79.8709 60.0225
79.5634 60.0914
79.6225 60.0141
79.5880 60.0684
79.6781 60.0249
79.5285 59.9901
79.6656 60.0066
79.5816 60.1444
79.6533 59.9019
79.8423 59.6831
79.4060 59.7720
79.6073 59.6119
79.6932 60.0106
79.5776 60.0743
79.6307 60.0634
79.5571 59.9988
79.5132 59.7252
79.5454 59.8299
79.4828 59.7998
79.4797 59.7740
79.4577 59.7473
79.4729 59.7904
79.5249 59.7574
79.4950 59.7070
79.4817 59.8004
79.4402 59.7626
79.5026 59.6965
79.4846 59.7687
79.4869 59.8015
79.4736 59.7351
79.4524 59.7687
79.4287 59.7607
79.4902 59.7786
79.4761 59.7996
79.4767 59.7592
79.4618 59.7859
79.5454 59.7722
79.8884 59.8974
79.8926 59.8494
79.8971 59.7466
79.7953 59.8720
79.8347 59.7257
79.8074 59.8325
79.8752 59.7638
79.5772 60.1133
79.6231 59.9621
79.5171 59.9181
79.8140 59.9291
79.9481 59.7442
79.7769 59.7448
80.0090 59.8370
79.9802 59.7570
79.9045 59.8142
79.9446 59.7066
79.6933 59.8311
79.8687 59.8328
79.8286 59.7702
79.8379 59.8270
79.9440 59.7798
79.9448 59.8389
79.9661 59.9437
80.0030 59.7135
79.9111 59.7235
79.8250 59.7270
79.8395 59.8699
79.7352 59.9013
79.8861 59.6999
79.9603 59.8790
80.0470 59.8426
80.0293 59.7577
79.9227 59.8327
79.8017 59.7185
79.9362 59.6184
80.0752 59.8381
79.9454 59.7766
79.8037 59.8997
79.9962 59.8265
79.7760 60.0230
79.8856 59.8127
79.8488 59.6595
79.9643 59.9449
79.7305 59.7759
79.8910 59.6815
79.8564 59.7025
79.8247 59.8579
79.8328 59.8479
79.8596 59.8665
79.8516 59.8237
79.8465 59.8418
79.7720 59.8343
79.8308 59.7853
79.8390 59.9094
79.7905 59.8504
79.8481 59.8768
79.8270 59.8138
79.8228 59.7938
79.8071 59.7810
79.8248 59.8272
79.7784 59.8098
79.8131 59.9100
79.8088 59.8735
79.7945 59.8427
79.7123 59.8882
79.7459 59.8843
79.7809 59.7201
79.6979 60.0343
79.6333 59.9901
79.5926 59.9496
79.6587 59.9488
79.7080 59.9737
79.3682 59.8308
79.7423 59.9284
79.6503 59.9282
79.5922 59.8701
79.6222 59.9557
79.7676 59.9393
79.6284 59.9175
79.6260 59.8540
79.6231 60.0194
79.5835 60.1386
79.6512 59.9714
79.6984 59.9939
79.8030 60.0028
79.5805 59.9272
79.6580 59.9082
79.6074 59.8609
79.7473 59.8662
79.6512 60.0085
79.7401 60.0090
79.7253 59.8884
79.5617 59.9253
79.7312 59.9113
79.5491 59.8250
79.5760 59.8701
79.8454 60.0146
79.6649 60.0177
79.7746 59.8926
79.6471 59.7887
79.7488 59.8986
79.7354 59.8559
79.6993 59.8883
79.5292 59.9772
79.6248 59.7973
79.7287 59.9390
79.6710 59.8948
79.6990 60.0050
79.7245 60.0261
79.7428 59.9281
79.7038 59.9400
79.6355 59.8441
79.8659 59.9817
79.7358 59.9474
79.7172 59.7760
79.7971 59.9084
79.6342 60.0096
79.7853 59.9481
79.7257 59.8958
79.7262 60.0607
79.6101 59.9702
79.7184 59.8894
79.6635 60.0076
79.7295 59.9022
79.6815 59.9415
79.6475 59.9604
79.7571 59.9877
79.7148 60.1497
79.6363 60.0674
79.6085 60.0072
79.6024 60.0099
79.6399 59.9880
79.6686 60.0181
79.6381 60.0206
