146.3121 28.8305
146.4696 28.7897
146.3391 28.8699
146.2309 28.6766
146.4697 28.8847
146.4942 28.6363
146.5360 29.0596
146.3894 28.6748
146.5304 28.6738
146.2870 28.7199
146.2994 28.8875
146.6962 28.8879
146.4926 28.7014
146.5733 28.8390
146.3838 28.8728
146.3267 29.0064
146.1306 28.8576
146.3063 28.7949
146.3504 28.7002
146.2595 28.8017
146.4077 29.0714
146.5877 28.9648
146.2691 28.8626
146.4682 29.0556
146.5907 28.9206
146.5271 28.7624
146.0900 28.9984
146.2567 28.8383
146.0485 28.8420
146.5608 28.7556
146.6199 28.8359
146.4170 28.4881
146.4464 28.8737
146.4618 28.8584
146.5848 28.6923
146.4688 28.7435
146.3592 28.8088
146.0573 29.0002
146.5603 28.8384
146.1265 28.9363
146.2421 28.8261
146.4739 29.1102
146.3251 29.0030
146.3503 28.8470
146.3147 28.8047
146.3793 29.1148
146.3172 28.9359
146.5230 29.0663
146.0700 28.7289
146.6375 28.8160
146.0521 28.7841
146.2912 28.9049
146.6212 28.8814
146.4949 29.1626
146.1300 28.9591
146.3673 29.0629
146.1362 29.1317
146.2316 28.8292
146.1725 28.8730
146.2752 29.0877
146.2408 29.0784
146.4000 28.8297
146.2885 28.9881
146.1904 28.9992
146.1632 29.1367
146.4475 28.6234
146.3961 28.7188
146.2863 28.9673
146.2690 28.9155
146.1404 28.8541
146.3105 28.9217
146.2738 28.9831
146.3095 28.8648
146.3217 28.7173
146.2863 29.0076
146.2305 28.8375
146.3177 28.8297
146.2601 29.1373
146.4335 28.7715
146.6398 29.0727
146.3275 29.0040
146.4887 28.8904
146.3229 28.8921
146.2059 29.0372
146.3069 28.9375
146.0543 29.0003
146.3038 29.0012
146.1384 28.6233
146.1467 28.9304
146.4674 28.7859
146.3927 28.9721
146.5100 28.9113
146.0219 28.7765
146.6145 28.7576
146.0704 28.8598
146.1023 28.7615
146.3175 28.8215
146.0643 28.7709
146.4622 28.8913
146.0703 28.8034
146.4230 28.7078
146.2612 28.7757
146.3490 28.6909
145.9988 28.5633
146.2881 28.5664
146.2422 29.1559
146.4828 28.9476
146.5586 28.8095
146.2184 29.0939
146.2605 28.8924
145.9628 28.7951
146.5323 28.5834
146.1922 29.0380
146.4239 28.6162
146.4181 28.9718
146.3592 28.5821
146.1860 28.6977
146.3322 28.7723
146.3107 28.7599
146.6461 28.9325
146.2608 29.0400
146.5165 28.7636
146.2865 28.9007
146.3003 28.6031
146.4718 29.0609
146.3931 28.9431
146.3389 28.7610
146.3418 28.9811
146.4075 28.9988
146.3396 28.9358
146.3976 28.9990
146.3233 28.8771
146.3870 28.8495
146.2765 29.0221
146.4289 28.9118
146.2628 28.9672
146.5970 28.9541
146.4192 29.0325
146.4568 29.0872
146.3315 28.9130
146.4995 28.8649
146.9130 28.7417
146.4166 28.9500
146.5033 28.7294
146.6512 29.0535
146.3690 28.7874
146.3051 28.8655
146.3251 28.7322
146.4390 28.9137
146.3752 28.9717
146.3179 28.8323
146.4331 29.1089
146.4158 28.8962
146.2792 29.0144
146.3047 28.9001
146.3967 29.0346
146.4191 28.9751
146.2808 28.9436
146.2528 28.9077
146.4009 28.8229
146.2799 28.9027
146.5685 28.8999
146.2198 28.8931
146.4661 28.9384
146.4252 28.9886
146.2992 28.8159
146.3436 28.8417
146.4016 28.9103
146.4907 28.8511
146.3536 28.8806
146.4112 28.9157
146.3322 28.9003
146.3561 28.9398
146.3684 28.8997
146.3803 28.8860
146.2588 28.9221
146.4196 28.7888
146.3312 28.9412
146.3242 28.9903
146.2799 28.7998
146.4124 28.8192
146.3269 28.7965
146.3085 28.8974
146.3617 28.9000
146.3851 28.8831
146.3927 29.0112
146.4194 28.8255
146.3373 28.9361
146.4850 28.8669
146.3774 28.9136
146.3200 28.9815
146.4041 28.8755
146.3895 28.8757
146.4445 28.9831
146.4195 28.9192
146.3589 28.9543
146.3446 28.9470
146.2824 28.9139
146.3376 28.9263
146.3344 28.9638
146.3142 28.9469
146.2418 28.9876
146.3786 28.9185
146.3664 28.9180
146.1790 28.9523
146.4706 28.9487
146.3840 29.0089
146.0805 29.0555
146.3836 28.8505
146.4017 29.0127
146.6507 28.8535
146.1804 29.0437
146.4427 28.8823
146.3378 28.9022
146.3971 29.0001
146.2838 29.0599
146.1565 29.1211
146.3424 28.8327
146.3434 28.8006
146.4957 28.9235
146.2925 28.9199
146.3845 28.9167
146.4355 28.8896
146.2735 28.9506
146.3764 28.9772
146.3495 28.9597
146.3600 28.9715
146.4032 28.9143
146.3279 28.8764
146.3779 28.8732
146.3650 29.0360
146.1408 29.1072
146.1544 28.9358
146.4577 28.9862
146.3511 29.0000
146.2014 28.9351
146.3071 28.8667
146.3500 28.8673
146.4168 28.9695
146.3556 28.8817
146.5274 28.9945
146.2562 28.9823
146.1211 28.9366
146.2653 28.8450
146.3456 28.9184
146.3970 28.8716
146.4149 29.0870
146.2798 28.8779
146.2323 28.8624
146.5465 28.8150
146.4589 29.0170
146.3740 28.8683
146.2831 28.9396
146.3792 28.8619
146.4254 28.9224
146.2240 29.0089
146.2962 28.9940
146.4369 28.9086
146.3848 28.9825
146.2610 28.8824
146.2980 28.9118
146.5701 28.9494
146.2305 29.0088
146.4270 29.0729
146.3385 28.9107
146.3151 29.0182
146.3696 28.8693
146.4930 28.9045
146.5622 28.7024
146.3807 28.8461
146.5329 28.9759
146.3636 28.8611
146.4919 28.9470
146.4549 28.8205
146.2424 28.8937
146.4643 28.9087
146.3626 28.7259
146.4354 28.9372
146.2308 28.9437
146.3298 28.9531
146.4251 28.8332
146.2234 28.9619
146.4489 29.0846
146.4271 28.8146
146.3898 28.8472
146.3356 28.8483
146.4025 28.9828
146.0823 28.7951
146.3398 28.9032
146.2709 28.8716
146.1770 28.9534
146.2306 28.9715
146.4471 28.7114
146.4891 28.9583
146.3560 28.8568
146.7756 28.9595
146.2298 28.8844
146.3742 29.1396
146.7816 29.0538
146.5030 28.8982
146.2908 28.8337
146.4021 28.9166
146.4252 28.9155
146.3812 28.8823
146.2677 28.9064
146.3301 28.9817
146.2835 28.9284
146.3699 28.9282
146.3297 28.9058
146.4108 28.8361
146.3278 28.9664
146.4243 28.9943
146.2864 28.9129
146.3232 28.9636
146.3960 28.8388
146.3847 28.9966
146.3728 28.8989
146.4674 28.8891
146.2882 29.0165
146.3362 28.8332
146.3286 28.8853
146.3814 28.9468
146.2003 28.9228
146.3043 28.9079
146.3696 28.9156
146.4330 29.0132
146.4655 28.9451
146.3035 28.9194
146.4396 28.9423
146.3023 28.9381
146.3396 28.9100
146.3250 28.8732
146.4245 28.9190
146.3906 28.8518
146.4196 28.5677
146.3800 29.0053
146.2888 28.9312
146.3100 28.8823
146.2864 28.8975
146.2906 28.9383
146.4722 29.0192
146.3911 28.9451
146.5023 28.8005
146.3970 28.9893
146.3616 28.9610
146.3329 28.8425
146.3382 28.9415
146.4297 29.0282
146.2933 28.9486
146.3293 28.8358
146.2792 29.0604
146.4451 29.0569
146.3553 28.8796
146.2688 28.9364
146.3323 29.0383
146.3082 28.9036
146.4474 28.8813
146.2260 28.9711
146.3927 28.9280
146.4554 28.8821
146.3654 28.7342
146.3183 28.8968
146.3003 28.8696
146.3664 28.9140
146.5738 28.9162
146.3680 28.9954
146.1781 29.0130
146.2719 28.9301
146.3186 28.8611
146.4053 29.0134
146.2654 29.0533
146.3949 28.8626
146.4560 28.9556
146.4424 28.9665
146.4235 28.9618
146.3243 29.0075
146.3413 28.9601
146.1705 28.8604
146.3857 28.9206
146.4284 28.8887
146.3222 29.0873
146.2229 28.9470
146.3272 28.8734
146.3208 29.0139
146.3358 28.8832
146.3683 28.9478
146.2928 28.9345
146.4822 28.9419
146.3108 28.9064
146.3434 28.9038
146.3976 28.8925
146.2861 28.9389
146.3249 28.9841
146.4358 28.9434
146.2662 28.9981
146.3686 28.8827
146.3724 29.0069
146.3841 28.9525
146.3375 29.0297
146.3212 28.9672
146.3685 28.9385
146.3094 28.9845
146.4549 28.9545
146.4112 28.9092
146.3584 28.9529
146.2550 28.9958
146.3031 28.9003
146.3016 28.9664
146.2825 28.8895
146.4064 28.9317
146.3887 28.9224
146.3491 28.9765
146.2828 29.1671
146.4506 28.3905
146.6155 28.7241
146.3815 28.5275
146.5126 28.4212
146.5968 28.5334
146.3918 28.6913
146.6532 28.5084
146.7025 28.3751
146.4652 28.7457
146.4810 28.2858
146.5353 28.5632
146.4930 28.7427
146.6579 28.3310
146.7843 28.4923
146.3701 28.6647
146.5376 28.7780
146.3114 28.5308
146.5248 28.7688
146.4310 28.4028
146.5095 28.5753
146.2710 28.4025
146.2661 28.5865
146.2463 28.7012
146.6038 28.9618
146.6602 28.4816
146.5676 28.8615
146.5541 28.5471
146.5681 28.4739
146.3273 28.5171
146.3756 28.5723
146.4629 28.7349
146.6051 28.5692
146.4581 28.7497
146.4496 28.6648
146.1934 28.4830
146.5433 28.5946
146.6676 28.3060
146.4946 28.5840
146.4006 28.6748
146.4593 28.6614
146.0740 28.5340
146.0100 28.7348
146.2051 28.6789
146.3157 28.3611
146.3811 28.7505
146.0394 28.5306
146.0465 28.4745
146.1079 28.4982
146.1038 28.6663
146.2814 28.6260
146.0476 28.7400
145.9619 28.6155
146.2084 28.6305
146.0671 28.5702
146.1076 28.5619
146.2526 28.4204
146.3145 28.6176
146.2112 28.4958
146.0443 28.4104
146.1874 28.5223
146.2355 28.7514
146.1121 28.3967
146.2346 28.4250
146.0660 28.8017
145.9323 28.7227
146.3664 28.5595
146.2048 28.8156
146.0937 28.7395
146.2011 28.5923
146.2141 28.5426
146.3850 28.7490
145.9304 28.7238
146.1216 28.7423
146.4556 28.6533
146.3492 28.5752
146.0701 28.7243
146.1892 28.6854
146.2978 28.3097
146.0793 28.6378
146.1403 28.6796
146.2995 28.5169
146.2701 28.6051
146.1237 28.5519
146.1222 28.5355
146.1017 29.0506
146.5625 28.9493
146.6274 28.5269
146.2480 28.4684
146.1150 28.6687
146.3999 28.3802
146.1462 28.4153
146.0662 29.0192
146.2895 29.0669
146.2190 28.8191
146.1390 28.7389
146.3024 28.5759
146.0399 28.6616
146.3429 28.5218
146.3013 28.4601
146.5721 28.5494
145.9537 28.7613
146.0546 28.6000
146.0403 28.6858
145.9620 28.7341
146.7123 28.5833
146.4570 28.8970
146.1475 28.5510
146.3311 28.6064
146.2823 28.8236
146.2124 28.9691
146.1591 28.5759
146.5250 28.6216
146.1712 28.8159
146.1712 28.6972
146.0481 28.5645
146.1473 28.7408
146.1729 28.4060
146.2032 28.6103
146.2830 28.5610
145.9661 28.6111
146.0945 28.6296
146.0525 28.6325
146.1008 29.0511
146.1802 28.5190
146.3363 28.6883
146.3139 28.5512
146.2144 28.5404
146.1220 28.6336
146.3233 28.7527
146.2562 28.4903
146.1285 28.7559
146.1209 28.8146
146.0239 28.7729
146.4153 28.8759
146.2117 28.6755
146.0967 28.4777
146.2401 28.5622
146.1490 28.5048
146.1582 28.6501
145.9881 28.6798
146.2404 28.6174
146.3042 28.5973
146.2973 28.6114
146.1083 29.0980
146.1794 28.6582
146.2829 28.5630
146.1336 28.4861
146.0225 28.8760
146.0607 28.6634
146.1004 28.4576
146.0536 28.7091
146.1619 28.6234
146.4235 28.3463
146.3773 28.6736
146.2444 28.6812
146.5305 28.5265
146.0934 28.5239
146.1234 28.5814
146.2127 28.5619
146.1302 28.5450
146.1994 28.5291
146.3009 28.5297
146.2705 28.6010
146.4445 28.6081
146.0417 28.6538
146.6297 28.5661
146.2057 28.6801
146.0842 28.5530
146.1340 28.8901
146.0666 28.6315
146.2556 28.6434
146.3389 28.6581
146.3520 28.5751
146.2003 28.6884
146.3528 28.5650
146.3167 28.6201
146.2964 28.7386
146.3578 28.9885
146.4736 28.5831
146.1896 28.4699
146.2080 28.4449
146.1378 28.8815
146.2044 28.8891
146.1266 28.7000
146.2659 28.6210
146.3878 28.6101
146.3786 28.3963
146.2888 28.5636
146.3594 28.8332
146.2995 28.3550
146.2427 28.6935
146.0835 28.4655
146.3644 28.6543
146.3520 28.2983
146.4402 28.7463
146.2360 28.5706
146.3536 28.5988
146.3303 28.6211
146.1341 28.6562
146.2843 28.4350
146.2444 28.3996
146.3584 28.5788
146.2867 28.6199
146.3288 28.4100
146.3489 28.4245
146.1976 28.5487
146.0650 28.7070
146.1302 28.5959
146.2760 28.6400
146.3838 28.8122
146.1945 28.5415
146.1865 28.5563
146.3127 28.8887
146.4232 28.7628
146.2952 28.5931
146.1508 28.6629
146.2184 28.5426
146.0518 28.5682
146.5105 28.6530
146.3944 28.4126
146.1543 28.6996
146.1998 28.5690
146.4010 28.6931
146.3351 28.7184
146.2754 28.9560
146.5386 28.5544
146.0215 28.5466
146.2676 28.5196
146.2622 28.6188
146.1395 28.4896
146.2310 28.7573
146.1013 28.4245
146.2747 28.3111
146.3903 28.5931
146.4192 28.4986
146.1620 28.7610
146.4588 28.6644
146.0625 28.5094
146.1089 28.6842
146.1723 28.4741
146.1349 28.4618
146.2955 28.6286
146.0142 28.5071
146.4413 28.5258
146.3018 28.6258
146.5464 28.7292
146.4448 28.6575
146.2813 28.5851
146.2341 28.7884
146.1294 28.7287
146.2824 28.6981
146.4928 28.4194
146.2806 28.7862
146.2698 28.6729
146.3985 28.6071
146.5697 28.3320
146.4478 28.5834
146.3754 28.7095
146.3399 28.7466
146.4658 28.7637
146.6003 28.5395
146.1420 28.8316
146.3252 28.5695
146.2215 28.7035
146.0398 28.5048
146.3539 28.7873
146.2907 28.3507
146.3368 28.5808
146.2704 28.6362
146.1299 28.3828
146.2390 28.5719
146.2692 28.6231
146.2074 28.5321
146.1914 28.7244
146.2627 28.5125
146.2628 28.5037
146.2490 28.5965
146.3427 28.4889
146.0797 28.5268
146.5290 28.3595
146.5920 28.6267
146.2710 28.5858
146.1345 28.5635
146.2270 28.3393
146.2275 28.5714
146.4513 28.5608
146.0406 28.6863
146.3269 28.6307
146.2507 28.6369
146.2339 28.3384
146.3102 28.6543
146.0564 28.5633
146.3224 28.6985
146.0956 28.6051
146.1432 28.4960
146.2842 29.0276
146.0832 28.6558
146.1626 28.3990
146.3880 28.4959
146.1329 28.9173
146.2092 28.5275
146.0234 28.7464
146.4622 28.4383
146.3255 28.2753
146.4629 28.6358
146.5966 28.9779
146.4415 28.3120
146.5226 28.7342
146.5878 28.5095
146.6937 28.6448
146.5231 28.6975
146.6901 28.3846
146.6010 28.7442
146.2975 28.5035
146.6094 28.3825
146.6574 28.4800
146.5851 28.4067
146.5355 28.6263
146.5008 28.5720
146.2979 29.0035
146.7985 28.6022
146.7002 28.7183
146.5605 28.3486
146.6761 28.3687
146.6662 28.4892
146.7243 28.7017
146.5991 28.3495
146.7608 28.7413
146.4307 28.5567
146.6568 28.4731
146.5327 28.5483
146.5763 28.5483
146.5756 28.6967
146.4814 28.5093
146.8091 28.5634
146.6558 28.5297
146.6972 28.3842
146.7883 28.5372
146.7080 28.4503
146.5927 28.5298
146.3371 28.7367
146.4348 28.5000
146.5478 28.6277
146.4668 28.4016
146.6996 28.3503
146.7721 28.4825
146.6090 28.5385
146.5674 28.6950
146.8018 28.7352
146.3967 28.5425
146.3363 28.5596
146.5461 28.6435
146.6717 28.4105
146.7691 28.4102
146.7003 28.5568
146.7334 28.4094
146.8568 28.5521
146.4862 28.7707
146.5518 28.5496
146.5511 28.5357
146.7668 28.5520
146.7242 28.3877
146.6223 28.4393
146.5581 28.5914
146.7319 28.3759
146.6007 28.5135
146.5219 28.4724
146.8433 28.5431
146.4542 28.7491
146.5094 28.6632
146.8274 28.5512
146.5211 28.5254
146.6227 28.5623
146.7449 28.6137
146.6184 28.4528
146.6982 28.3859
146.5492 28.4519
146.5201 28.5393
146.6094 28.5268
146.5550 28.5355
146.6389 28.5785
146.5262 28.5266
146.4598 28.5744
146.6442 28.5359
146.6332 28.5632
146.5394 28.5934
146.5691 28.4949
146.4916 28.5533
146.6292 28.4996
146.6436 28.4840
146.4665 28.5143
146.6101 28.4562
146.5753 28.5434
146.5098 28.4761
146.5950 28.5764
146.5691 28.5947
146.5055 28.5555
146.7014 28.5456
146.4497 28.5681
146.5484 28.5595
146.6047 28.5173
146.5688 28.5172
146.5789 28.4235
146.1852 28.3050
146.4568 28.6148
