96.5513 48.1657
96.5081 48.1480
96.3738 48.1801
96.5061 48.1290
96.4630 47.9260
96.8448 47.8750
96.6918 48.0329
96.3395 47.9313
96.3348 47.9344
96.3298 48.0867
96.2408 48.0695
96.3713 47.8319
96.6728 47.8071
96.1944 47.9684
96.3734 48.0209
96.2875 48.0630
96.3073 48.1126
96.4284 47.9744
96.2429 47.9134
96.3420 48.0815
96.1889 48.0409
96.0458 48.0912
96.2850 47.9624
96.3113 48.0686
96.2041 47.9172
96.2412 47.9629
96.1012 47.9948
96.3261 47.9060
96.3218 47.8961
96.2905 48.0939
96.3399 48.0193
96.1758 47.8962
96.3226 48.0842
96.2780 47.7683
96.2221 48.0810
96.1563 48.0742
96.3507 47.8989
96.2668 47.9559
96.3675 47.9657
96.1441 47.9748
96.4241 48.0125
96.2461 47.9608
96.2644 47.9881
96.2919 48.0425
96.2322 47.9969
96.2804 48.0312
96.2257 47.8968
96.3287 48.0124
96.4017 47.8704
96.3435 48.2333
96.2234 47.9537
96.3876 47.7673
96.2175 48.1625
96.1142 48.1929
96.4309 47.8466
96.2137 47.9015
96.0913 47.9510
96.1841 48.0313
96.2069 48.0391
96.3131 47.7900
96.2356 47.7687
96.1217 48.1350
96.1733 48.0334
96.3090 47.9342
96.3446 48.0507
96.2379 47.9086
96.3230 47.9605
96.3782 47.9040
96.3166 47.9940
96.2989 47.9589
96.2514 48.0618
96.1771 48.0101
96.1566 48.0344
96.2035 47.9172
96.2539 47.8935
96.2401 47.9455
96.3506 47.9970
96.3627 47.9869
96.2465 47.9484
96.2911 47.9680
96.3505 47.9858
96.3147 47.9712
96.2523 47.9938
96.2850 48.0021
96.2776 47.9997
96.3581 48.0579
96.2850 47.9984
96.3039 48.0137
96.3444 48.0254
96.3964 48.0338
96.3945 47.9858
96.2816 48.0474
96.3185 48.0104
96.2963 48.0476
96.3299 48.0117
96.2885 48.0300
96.2136 47.9428
96.2951 47.9701
96.2406 48.1083
96.2992 48.1123
96.3848 48.2131
96.4118 47.9638
96.2579 47.9513
96.1442 48.0219
96.1337 47.6485
96.7812 48.0023
96.0948 48.0051
96.3270 48.0124
96.2587 47.9831
96.2936 47.8526
96.0461 48.0966
96.2909 47.9898
96.1339 48.0066
96.2699 48.0391
96.2343 48.0595
96.2821 48.0095
96.2473 48.0378
96.3678 48.1823
96.3050 47.9680
96.1915 47.7578
96.3073 48.1312
96.3655 48.0067
96.3942 48.3242
96.4388 48.4035
96.4883 48.3394
96.5142 48.1706
96.3510 48.2105
96.4794 48.2068
96.4607 48.2417
96.4045 48.3142
96.5150 48.2585
96.5004 48.2248
96.4594 48.1487
96.5201 48.2506
96.6056 48.2444
96.5075 48.0487
96.3661 48.4154
96.4835 48.1514
96.6160 48.2623
96.4292 48.2315
96.4564 48.2815
96.3896 48.2173
96.4203 48.2721
96.5424 48.3268
96.5499 48.1157
96.4444 48.2910
96.4070 48.2069
96.5109 48.2208
96.0688 48.0122
96.2630 47.8646
96.2219 48.0867
96.2766 48.0680
96.5869 48.1231
96.6093 48.3234
96.6996 48.1605
96.5884 48.0679
96.5343 48.2767
96.3749 48.2975
96.4972 48.4090
96.6565 48.2983
96.4335 48.1812
96.6591 48.1617
96.5237 48.1021
96.5112 48.2345
96.4945 48.1419
96.6263 48.1576
96.6108 48.0494
96.5705 48.3868
96.6590 48.2700
96.6381 48.3004
96.5634 48.1742
96.6241 48.2587
96.3998 48.2316
96.4558 48.2281
96.4532 48.3614
96.4721 48.3591
96.5691 48.0819
96.4301 48.0058
96.3414 48.1632
96.5673 48.1171
96.4036 48.1504
96.6410 48.2316
96.4842 48.1919
96.5147 48.2607
96.4136 48.1603
96.5584 48.3283
96.5793 48.1843
96.4497 48.1664
96.4707 48.2467
96.4693 48.0933
96.4161 48.3322
96.4992 48.1639
96.4653 48.2417
96.5279 48.2466
96.5667 48.2698
96.3984 48.1276
96.5431 48.0935
96.4792 48.2493
96.5163 48.1589
96.5343 48.3189
96.4583 48.2287
96.4982 48.1918
96.6143 48.2142
96.3691 48.1908
96.3945 48.2301
96.5232 48.1691
96.3169 48.3747
96.5073 48.2242
96.2817 48.2055
96.4993 48.0449
96.5949 48.2437
96.5872 48.0854
96.5639 48.0848
96.5073 48.2093
96.7212 48.1774
96.5274 48.2197
96.6002 48.2455
96.6253 48.1941
96.6144 48.2913
96.4630 48.0789
96.4618 48.2422
96.4205 48.2531
96.3959 48.1640
96.6022 48.1074
96.5417 48.2378
96.6106 48.1163
96.5855 48.2090
96.4798 48.1693
96.5912 48.2364
96.6002 48.1927
96.4157 48.2908
96.5872 48.1745
96.5303 48.3023
96.3958 48.2260
96.5765 48.1188
96.5492 48.1222
96.5291 48.1178
96.4192 48.2728
96.4660 48.0933
96.5361 48.2232
96.5620 48.1738
96.5259 48.2286
96.4435 48.1446
96.5187 48.1742
96.4761 48.2829
96.5443 48.1416
96.5123 48.0685
96.4183 48.2608
96.5066 48.2443
96.2522 48.2548
96.5201 48.1136
96.6313 48.2428
96.5056 48.2297
96.2826 48.2824
96.3289 48.1011
96.6995 48.1821
96.6441 48.0463
96.3326 48.2841
96.5429 48.1015
96.4858 48.2548
96.4860 48.0223
96.2952 48.2779
96.4198 48.1534
96.3442 48.2702
96.5135 48.1211
96.5036 48.3928
96.1608 48.0436
96.3668 47.8579
96.3831 47.8409
96.2623 47.8367
96.3406 48.0681
96.3232 47.8580
96.0966 47.8959
96.3903 47.8656
96.4095 48.0588
96.2892 47.8518
96.3315 47.9511
96.1212 48.1507
96.1821 47.7686
96.3941 47.9822
96.3224 48.0814
96.3605 47.9145
96.1129 47.9571
96.1940 47.8355
96.1731 48.2245
96.2933 48.1853
96.5216 48.2134
96.5179 48.1881
96.3887 48.3291
96.7127 48.2484
96.5212 48.1421
96.5779 48.0576
96.5424 48.2731
96.5729 48.2941
96.5289 47.9879
96.3795 48.1452
96.6335 48.1608
96.5286 48.2351
96.6238 48.2242
96.5678 48.0984
96.5682 48.2132
96.6569 47.8244
96.5396 47.6579
96.6561 47.7283
96.5788 47.7236
96.5227 47.9391
96.7251 47.7136
96.6575 47.6655
96.6518 47.7977
96.5106 47.8659
96.5710 48.0030
96.5810 47.7279
96.7327 47.7062
96.7081 47.8332
96.4620 47.8182
96.5505 47.9515
96.7170 47.7848
96.6598 47.7072
96.5989 47.7469
96.7136 47.9226
96.5653 47.8415
96.6848 47.8375
96.7306 47.9314
96.7013 47.8155
96.5371 47.8090
96.5590 47.8523
96.6839 47.8076
96.6432 47.7044
96.4836 47.9747
96.6531 47.8034
96.7051 47.9028
96.7392 47.7979
96.6045 47.9301
96.5435 47.9193
96.6092 47.8358
96.5189 47.9357
96.6042 47.7294
96.7221 47.8664
96.5751 47.8050
96.5537 47.8361
96.6198 47.9695
96.6508 47.9256
96.4592 47.9250
96.5629 47.7559
96.6948 47.8064
96.6919 47.8656
96.5588 47.9315
96.6980 47.9884
96.5838 47.7755
96.6525 47.9313
96.7810 47.8938
96.5090 47.8809
96.6993 47.7297
96.5827 47.9496
96.5684 47.8088
96.6416 48.3833
96.6951 48.1733
96.8660 47.7456
96.6227 47.7771
96.5806 48.0006
96.6227 47.7851
96.6287 47.7872
96.6833 47.9356
96.5436 47.7919
96.8404 47.9322
96.5858 47.9827
96.5135 47.9435
96.4301 47.8575
96.3419 47.8825
96.2136 47.7853
96.3398 48.0229
96.4041 48.0364
96.3916 47.9953
96.3008 47.6934
96.2806 47.8779
96.2538 47.9895
96.4973 47.9201
96.3449 47.9369
96.4320 47.8504
96.2492 47.9106
96.4427 47.8673
96.1830 47.8215
96.4403 47.8959
96.5155 47.9827
96.4553 47.9528
96.4532 47.9025
96.0514 47.8301
96.1143 48.1601
96.5799 47.9153
96.4077 47.9783
96.3568 48.1047
96.3407 47.9430
96.3117 47.9313
96.3382 47.9374
96.3448 47.9948
96.3198 47.9697
96.3266 47.9411
96.3978 47.9152
96.3622 48.0278
96.4148 47.9416
96.3389 47.9825
96.3137 47.9375
96.4029 47.9702
96.3154 47.9363
96.5365 48.0643
96.3871 48.0710
