67.5976 95.7302
67.3333 96.0596
67.3222 96.0395
67.3154 95.9480
67.3714 95.9468
67.1443 95.6687
67.3651 95.9839
67.0672 96.0936
67.1074 96.1382
67.0459 96.1122
67.0962 96.1102
67.0513 96.1137
67.1631 96.1682
67.0689 96.1012
67.0239 96.1236
67.1087 96.0728
67.0691 96.0993
67.1072 96.1634
67.0628 96.0643
67.0864 96.1208
67.0962 96.1408
67.1120 96.1257
67.1829 96.0878
67.0580 96.1214
67.1680 96.0459
67.0977 96.0915
67.0882 96.1070
67.1224 96.1418
67.1456 96.0725
67.1616 96.1325
67.0378 96.0587
67.1116 96.1076
67.0562 96.1101
67.0643 96.0910
67.1054 96.0875
67.0558 96.0725
67.0418 96.0800
67.0669 96.1428
66.9999 96.1642
67.0708 95.9824
67.2742 96.3737
67.0558 96.1019
66.9777 96.0632
67.0053 96.1065
67.0228 96.0753
66.9451 96.0943
66.8663 96.0646
67.1372 95.7905
67.2486 95.7726
67.1962 96.0671
67.3727 95.9172
67.4625 96.1071
67.4120 96.1508
67.4576 96.1039
67.5481 95.9229
67.3578 95.9893
67.2793 96.0470
67.2965 96.1076
67.2867 96.0835
67.2533 96.0712
67.3410 96.0250
67.3036 96.0495
67.3199 96.0551
67.3369 96.0900
67.2022 96.1229
67.3182 96.0087
67.3825 96.0722
67.3377 96.0946
67.3544 96.0426
67.3440 95.9147
67.4909 95.9805
67.4497 96.0550
67.4637 96.0351
67.4183 96.1270
67.4478 95.9905
67.3112 95.9704
67.3229 96.0483
67.4033 96.0039
67.4562 96.0537
67.2804 96.0670
67.4578 96.0603
67.3941 95.9872
67.3963 96.0182
67.4364 96.0873
67.3413 96.0851
67.3167 96.0696
67.3990 96.0351
67.3789 96.0637
67.3690 96.0947
67.3751 96.0756
67.4674 96.1584
67.4658 96.0823
67.3682 96.1264
67.3890 96.1460
67.3371 96.0308
67.3711 96.0502
67.3702 96.0071
67.4218 95.9568
67.3477 96.0595
67.3451 95.8397
67.3202 95.9819
67.4526 96.0061
67.4831 96.0205
67.4628 95.9944
67.4336 96.0591
67.3636 96.0524
67.4608 96.0672
67.3357 96.0550
67.4440 95.9605
67.3806 95.9700
67.5029 96.0980
67.3794 96.0702
67.4881 96.0260
67.2118 96.0217
67.3774 96.0224
67.3195 96.0531
67.3087 96.0780
67.4550 96.1038
67.3694 96.1891
67.3348 96.1710
67.4413 96.0986
67.3868 96.0301
67.4475 95.9913
67.3820 96.0289
67.3813 96.0866
67.4926 95.9426
67.2793 96.0334
67.4457 96.0462
67.4074 95.9979
67.3898 95.9600
67.4776 95.8492
67.3834 96.2341
67.4631 96.0625
67.4556 96.1740
67.4866 96.1528
67.4251 95.8561
67.3099 96.1637
67.3061 95.7612
67.3216 95.7101
67.2737 95.9194
67.3308 95.5891
67.4415 95.8022
67.3059 95.7530
67.0831 95.7489
67.1445 95.9003
67.3615 95.9893
67.3528 95.7533
67.0177 95.9061
67.1815 95.9028
67.3848 95.7962
67.2506 95.7224
67.3062 95.8562
67.1338 95.5714
67.3547 95.8109
67.2627 95.8855
67.1919 95.6637
67.1416 95.9362
67.2230 95.6585
67.1295 95.8058
67.3837 95.8237
67.4248 95.9434
67.2496 95.5592
67.2980 95.7022
67.2415 95.8676
67.2509 95.7602
67.3677 95.9371
67.2400 95.8981
67.2015 95.8807
67.2043 95.8293
67.1604 96.1153
67.1421 96.1320
67.0857 96.1437
67.0358 96.1374
67.3739 96.0957
67.0245 95.7292
67.0599 95.7532
67.1697 95.7405
67.2135 95.9129
67.2097 95.8614
67.2253 95.8629
67.0995 95.6130
67.1253 95.8426
67.0390 95.8482
67.2412 95.6002
67.1772 95.7607
67.0740 95.7303
67.2007 95.7244
67.0607 95.7988
66.9983 95.6866
67.1463 95.8068
67.1024 95.7935
67.2191 95.8139
67.1900 95.7241
67.1662 95.8412
67.1046 95.8147
67.0718 95.8106
67.1236 95.7971
67.1439 95.8006
67.1547 95.8833
67.1010 95.8840
67.0878 95.7972
67.1051 95.8524
67.1355 95.7946
67.1560 95.8489
67.1710 95.7699
67.1467 95.8490
67.1748 95.8530
67.1578 95.8245
67.1565 95.7595
67.0647 95.9339
67.0992 95.5826
67.0890 95.7439
67.1680 95.7410
67.1594 95.9154
67.1469 95.6673
67.2486 96.0568
67.3315 96.0944
67.5630 95.9308
67.2939 96.0989
67.3678 95.9868
67.4160 96.0475
67.3091 96.0688
67.3265 96.0232
67.4050 96.0514
67.3575 96.0476
67.4602 95.9603
67.2350 95.5778
67.1922 95.7533
67.3870 95.9213
67.1804 95.7300
67.3093 95.8375
67.2839 95.7364
67.3345 95.6173
67.3149 95.9228
67.2535 95.7736
67.1290 95.6769
67.3841 95.9069
67.2489 95.8855
67.2516 95.8144
67.2795 95.8070
67.1202 95.6848
67.2742 95.7254
67.2207 95.7952
67.1781 95.7288
67.0649 95.8005
67.2475 95.8105
67.2429 95.7450
67.2907 95.7670
67.2028 95.7989
67.1105 95.8014
67.1782 96.0289
67.1862 95.9555
67.1618 96.0009
67.1183 95.8939
67.1707 95.8471
67.1768 95.9529
67.4249 95.7649
67.1863 95.8531
67.1457 95.7854
67.2939 95.9711
67.2440 95.8368
67.4184 95.6188
67.3417 95.6788
67.2434 96.0198
67.0578 95.7205
67.3822 95.9807
67.1329 95.9321
67.1971 95.8618
67.3754 95.8865
67.2905 95.7308
67.2212 95.7333
67.1533 95.9070
67.3391 95.7205
67.2702 95.8138
67.2402 95.6021
67.3094 95.7541
67.2744 95.7303
67.1803 95.6731
67.3164 95.6781
67.4247 95.9011
67.1405 95.7979
67.0872 95.8787
67.2701 95.6791
67.2118 95.7782
67.0664 95.7845
67.3044 95.7647
67.0937 95.9385
67.1658 95.7975
67.2280 95.9548
67.2226 95.7897
67.2750 95.6689
67.0586 95.8968
67.1794 95.6617
67.2181 95.5862
67.2870 95.7885
67.2542 95.8299
67.2021 95.8672
67.2365 95.7600
67.2542 95.5846
67.1773 96.1317
66.9438 96.1244
67.0607 96.1563
67.1233 96.0683
67.1525 96.0860
67.1122 96.1894
67.0791 96.1605
67.1433 96.1599
67.0261 96.0974
67.0263 96.1611
67.0094 96.1900
67.1033 96.2285
67.2712 96.1228
67.3486 96.1240
67.3792 96.0617
67.3670 95.9905
67.3914 95.9121
67.3260 96.0216
67.3274 96.0319
67.3769 96.0853
67.4203 96.0149
67.3692 96.0712
67.3826 96.1095
67.3510 96.0190
67.3537 96.0249
67.5213 96.0238
67.4846 96.1232
67.4375 96.0393
67.5048 96.0933
67.3764 96.0408
67.3763 96.2076
67.5993 96.0502
67.4033 96.0713
67.3753 96.1479
67.2695 96.0362
67.3279 96.1215
67.3641 95.9285
67.4037 96.0139
67.6311 95.9963
67.4340 95.9775
67.4137 96.1731
67.3103 96.0349
67.3497 95.9463
67.4178 96.0832
67.4594 96.0916
67.3311 96.1033
67.3187 96.1359
67.2845 96.0400
67.3068 95.9948
67.2168 96.0955
67.3508 96.0670
67.4493 96.0820
67.4246 96.0343
67.4768 95.9667
67.3896 96.0210
67.2921 96.0436
67.3837 96.0357
67.4240 96.1159
67.4213 96.0324
67.4998 96.0517
67.3363 95.6509
67.2192 95.8475
67.2978 95.8416
67.2180 95.8157
67.3223 95.8479
67.2442 95.7188
67.2235 95.7908
67.2913 95.6986
67.2189 95.7453
67.1825 95.7423
67.3181 95.7994
67.2819 95.7750
67.2468 95.8432
67.2212 95.7413
67.2327 95.7844
67.3038 95.8610
67.2893 95.7825
67.3363 95.7925
67.2596 95.8285
67.2462 95.7730
67.2124 95.7994
67.1337 95.7483
67.2326 95.7339
67.2720 95.6815
67.2178 95.7214
67.3136 95.9070
67.2394 95.7182
67.2711 95.6499
67.2235 95.7416
67.2947 95.7956
67.2498 95.7590
