20.9160 104.3130
20.6112 104.1864
20.7433 104.1295
20.6750 104.1043
20.6896 103.8079
20.5810 104.1510
20.6781 104.1493
20.5705 104.0725
20.5493 104.1238
20.7397 104.0597
20.7248 103.7785
20.8642 103.6741
20.7821 103.7859
20.7171 104.0082
20.6171 103.8658
20.8877 103.9860
20.9997 103.9540
21.0333 103.8789
21.0095 103.8602
20.9708 103.8431
20.9434 103.8121
21.0485 103.9807
20.9446 103.9246
20.7533 104.0667
20.8978 103.8835
21.0906 103.8923
20.8288 103.7241
21.1255 103.9336
20.9579 103.7352
20.9365 103.8919
21.0384 103.8671
20.9284 103.7694
20.9195 103.8382
20.9472 103.8499
21.0285 103.7420
20.8081 103.8199
20.9190 103.8835
20.9466 103.8354
20.7998 103.9231
20.9820 103.7452
20.7619 103.7378
21.0849 103.8639
21.0731 103.8980
21.0288 103.9106
21.0254 103.9164
21.0309 103.8738
21.0295 103.8957
21.0452 103.8831
21.0017 103.7875
20.9247 104.0875
20.9150 103.8214
21.0501 103.8953
20.9526 103.7782
20.8415 103.8074
20.9699 103.6487
20.9302 103.9502
20.9854 103.8103
20.8051 103.8798
20.7355 103.9228
20.9176 103.9261
20.8784 103.8665
20.8108 103.9791
20.8042 103.9251
20.7950 103.8552
20.8395 103.9767
20.8726 103.8214
20.8058 104.0434
20.8805 103.8147
20.9529 103.7964
20.9873 103.7439
20.9834 103.8778
20.9079 103.8895
20.9399 103.9818
20.9658 103.8886
20.8723 103.9560
21.0231 103.9573
20.9813 103.9540
20.9837 103.7909
20.8551 103.8082
20.8962 103.8282
20.8900 103.7604
21.0046 103.7855
20.8402 103.8354
20.8907 103.8388
20.7966 103.7607
20.9834 103.8374
21.1748 103.8354
20.8370 103.7996
20.9865 103.9298
21.0097 103.9242
20.8318 103.9903
20.8356 103.8342
21.0035 103.8258
20.8787 104.0131
21.0652 103.7916
20.8900 104.0109
20.8322 103.9328
20.9644 103.8716
21.0835 104.0330
20.8660 103.9434
20.8866 103.9643
20.7731 103.7558
20.9912 103.7987
20.7855 103.8399
20.9154 103.9770
21.1191 103.9428
20.8635 103.8270
20.9341 103.9854
20.8227 103.8846
21.0312 103.8655
20.9691 103.9312
20.9521 103.9143
20.9154 103.8459
20.9665 103.7816
20.9232 103.7959
20.8825 103.9459
20.8060 103.9289
20.8231 103.7777
20.8923 103.9749
20.9583 103.9504
20.9391 103.9428
20.8677 103.8499
20.7373 103.7691
21.0293 104.0344
21.0721 103.9285
20.8617 103.8274
20.9568 103.9200
21.0439 103.8655
21.2101 104.0473
20.7003 104.5032
20.7495 104.3726
20.8043 104.3963
20.7434 104.3141
20.7591 104.1482
20.6631 104.0613
20.7477 104.1745
20.7610 104.0788
20.7422 104.1228
20.7427 104.2179
20.7099 103.9944
20.7221 104.1328
20.7102 104.2425
20.8568 104.1510
20.7021 104.0089
20.8084 104.1094
20.8113 104.2396
20.7802 104.1521
20.7665 104.1630
20.7290 104.1401
20.7159 104.2490
21.1979 104.0926
21.0766 104.1985
21.0901 104.2706
21.1098 104.2392
21.0179 104.2038
21.0062 104.1347
21.1161 104.2004
21.1623 104.1675
21.0631 104.1671
21.0254 104.1527
21.1184 104.0142
21.0896 104.0107
20.9695 104.2644
21.0325 104.1043
21.0658 104.1469
21.1657 104.1695
21.0758 104.1878
21.1085 104.2509
21.0381 104.0964
21.1149 104.1304
20.9921 104.1623
21.0189 104.2372
21.1337 104.1889
21.2814 104.1464
21.0513 104.0791
21.1087 104.1613
21.1444 104.2638
20.9329 104.1700
20.9722 104.0877
21.0877 104.0406
21.0048 104.1084
20.8666 104.1719
21.1122 104.1865
21.0269 104.2254
21.0658 104.1534
20.9732 104.0642
21.1254 104.1179
20.9533 104.1813
20.9934 104.0768
21.0749 104.0977
21.1950 104.2313
21.1349 104.0730
21.0080 104.1219
21.0544 104.1857
21.0431 104.0158
21.0574 104.1630
21.0324 103.9548
21.0582 104.1603
20.9519 104.0444
21.2902 103.9648
21.1556 104.1796
21.0417 104.1719
21.0247 104.2341
21.0054 104.0659
20.8114 104.1540
20.9555 104.1486
20.9777 104.1348
21.0914 104.0629
21.2158 104.2844
21.1169 104.1133
21.0456 104.1188
21.1333 104.0984
21.1626 104.1518
20.9686 104.2130
20.9594 104.2653
20.9747 103.7164
20.9572 104.2120
21.0818 104.4168
21.0393 103.9961
20.9327 104.1568
21.0574 104.1317
20.7651 104.4388
20.9454 104.0706
20.9788 103.7351
21.0636 104.0607
20.9611 103.7996
21.0774 104.2695
21.0791 104.2155
20.9776 104.1659
20.9147 104.3329
20.6671 103.9773
20.6512 104.0110
20.5853 103.9342
20.5746 104.1046
20.5703 104.0736
20.5769 103.9108
20.5675 103.9177
20.5799 103.9610
20.6528 104.0184
20.7430 104.1443
20.5605 104.0099
20.7174 104.1290
20.6247 104.0251
20.7626 104.1188
20.6700 104.0973
20.6708 104.0558
20.6613 104.1260
20.6008 104.1446
20.6601 104.1713
20.6000 104.1264
20.5891 104.0434
20.6488 104.1370
20.6187 104.1243
20.7154 104.0693
20.7372 104.0608
20.6297 104.0964
20.7164 104.0961
20.7450 104.0370
20.7510 104.0651
20.6460 104.1753
20.7037 104.0664
20.7329 104.1050
20.7940 104.1476
20.7707 104.0888
20.7234 104.0205
20.8141 104.2065
20.9595 104.1374
20.9687 104.1997
20.8648 104.3636
21.1277 104.2245
20.8375 104.3212
20.9558 104.1892
21.0645 104.0852
20.9068 104.3493
20.9418 104.5094
20.7732 104.4297
20.8198 103.6742
21.1318 104.1528
21.2230 104.1297
21.0595 104.0761
20.9736 104.2726
20.9605 104.0538
21.0822 104.1890
21.2969 103.9823
21.0821 104.3318
21.1438 104.1484
21.1082 104.1122
21.0972 104.2014
21.1082 104.2691
20.9923 104.2354
21.1184 104.2000
21.0626 104.1602
21.0835 104.2150
20.8919 104.2286
21.0545 104.0960
21.2153 104.1681
20.9917 104.1049
20.9517 104.1569
21.0514 104.0921
21.1552 104.1382
21.0823 104.2172
21.0973 104.3436
20.9767 104.3092
21.1366 104.1193
20.9691 104.1968
21.0877 104.1248
21.0567 104.0311
21.0342 104.2311
21.0586 104.1593
21.1459 104.2477
20.9902 104.2704
21.1319 104.2147
21.0249 104.2607
20.9646 104.1366
21.1797 104.2331
21.1086 104.2344
20.9783 104.2098
21.0406 104.0772
21.1240 104.2423
20.9582 104.1357
21.3043 104.2430
21.0025 104.1080
20.9994 104.0806
21.0283 104.2718
20.8925 104.2277
21.1321 104.2729
20.9306 104.1948
20.9916 104.0395
21.1066 104.2037
21.0272 104.1095
21.0243 104.3040
21.0574 104.1587
21.1009 104.2803
21.1145 104.0468
21.0121 104.2281
21.0766 104.1618
20.9149 104.2137
20.9490 104.3475
21.0801 104.3643
21.1687 104.2474
21.0691 104.1345
20.8272 104.4077
20.9720 104.1831
21.0715 104.1619
21.0246 104.1958
21.0027 104.2196
20.9981 104.1925
21.0715 104.1773
20.9816 104.0988
21.0347 104.2007
21.0520 104.1962
21.2808 104.4586
20.6391 104.2634
20.7153 104.1164
20.6946 104.1217
20.9697 104.2110
20.9648 104.1274
21.1648 104.1791
21.0753 104.2079
20.9998 104.1222
21.0308 104.1644
20.8143 104.1264
20.8689 103.8134
20.9911 103.8979
21.0481 103.8793
20.9097 103.9837
21.0874 103.8842
20.8993 103.7635
20.9763 103.9803
21.0914 103.7618
21.0976 103.7879
20.9921 103.9873
21.0333 103.9770
21.0629 103.9690
20.9370 103.8759
21.0213 103.9286
21.0104 103.8045
20.9723 103.8692
21.1664 103.8319
21.0461 103.9670
20.8132 104.0179
21.0160 103.9938
21.0340 104.0179
20.9583 103.9986
21.0215 103.9983
21.0731 103.9752
21.0874 104.0376
21.0289 104.0784
21.0614 104.0597
21.0037 103.9560
21.0604 104.0632
20.9950 103.9459
21.1312 104.0491
21.0421 104.1508
21.0099 104.0742
21.0012 104.0723
21.0144 103.9375
20.9988 104.0392
20.9353 104.0931
20.9795 104.0686
21.0782 104.0860
21.0427 104.0958
21.0028 104.0897
20.9747 104.0062
21.0816 104.1037
20.9477 104.0915
20.9719 104.1064
21.0263 104.0511
20.8940 104.0093
20.8815 103.8841
21.0447 104.0516
21.0339 104.0872
20.9989 103.9756
20.9843 103.9776
20.9901 103.9051
21.0085 103.9027
21.0226 104.0183
20.9790 103.9476
21.0042 103.9615
21.0084 103.9127
20.9554 103.9202
20.9577 103.9356
20.9708 103.9498
20.9684 103.9228
20.9769 103.9088
20.9843 103.9067
21.0781 103.9560
21.0207 103.9781
21.0268 103.8804
21.0239 103.8972
21.0262 103.8899
20.9663 103.9322
20.9852 103.9080
21.0402 103.9169
20.9676 103.8894
21.0004 103.8647
21.0326 103.9415
20.9754 103.8907
21.0035 103.8593
20.9944 103.8743
21.0192 103.9533
21.0632 103.8696
21.0007 103.9233
20.9911 103.9140
20.9933 103.8616
20.9918 103.8944
21.0354 103.9155
21.0791 104.2907
20.9319 104.3890
21.3182 104.2530
20.9478 104.1270
20.8666 103.7542
21.3438 104.0455
21.2609 104.3999
21.0067 104.2304
20.6255 104.0951
21.2295 104.1630
20.8714 103.9335
21.0542 104.1313
21.0384 104.1554
21.1760 104.1368
21.0552 104.2390
21.1010 104.1678
21.0391 104.1428
21.0737 104.1323
21.0552 104.1745
21.1264 104.1089
21.0749 104.2196
20.9802 104.2753
20.9614 104.2203
21.1692 104.1772
20.9871 104.1744
21.1717 104.1474
21.0716 104.2979
20.9987 104.1703
20.9477 104.1497
21.1847 104.2369
21.0932 104.0990
21.0091 104.1026
21.1472 104.0565
21.0815 104.1473
21.1402 104.1246
20.9789 104.2638
21.1110 104.2440
21.0308 104.1222
20.9746 104.2114
21.0380 104.1243
20.9541 104.1381
21.1386 104.1479
20.8857 104.1239
21.1143 104.2773
21.0452 104.1576
20.9677 104.1977
21.1359 104.1831
21.1124 104.2990
20.9956 104.2150
21.1443 104.1258
21.0411 104.2064
20.9971 104.1924
20.9963 104.0687
21.0642 104.1408
21.0547 104.1329
20.9505 104.1372
21.0842 104.1918
20.9276 103.8507
21.1318 104.1080
21.1143 104.1063
21.0879 104.1310
21.0521 104.1859
21.0726 104.0172
21.1692 103.7940
20.9609 103.9091
20.9558 103.7351
20.9391 103.7719
21.1614 103.7411
20.9896 103.7455
20.8781 103.8425
20.8805 103.8555
21.0411 104.0285
21.0308 103.9037
21.0044 103.9024
20.8506 103.9461
21.1242 103.8860
21.0287 103.8783
20.9251 103.9533
20.9746 103.8168
20.9939 103.8411
21.0643 103.8571
20.9803 103.7218
20.9850 103.8271
20.9875 103.6329
21.1080 103.6776
20.9850 104.0145
20.9221 103.8240
21.0951 103.8307
20.9963 103.9657
21.0775 103.7585
20.9647 103.7969
21.0632 103.8897
20.9385 103.9292
20.9341 103.7619
21.0540 103.9455
20.8629 103.7983
21.1470 103.9674
21.0585 103.9384
20.9912 103.8210
21.1174 104.0362
20.9436 103.8801
21.0456 103.8510
20.9828 103.7555
20.8514 103.9844
20.9136 103.8300
21.0766 103.8125
21.1063 103.9117
21.0556 103.8145
20.8860 103.8603
20.9712 103.9097
20.9663 103.8292
20.9487 103.9470
21.0942 103.6997
21.0510 103.9597
21.0710 103.8129
20.9115 103.9333
20.9225 103.8386
20.9787 103.6979
21.1133 103.8950
20.9443 103.9598
20.9541 103.8377
20.8912 103.7184
20.8250 103.8871
21.0763 103.9328
21.0306 103.9423
21.0060 103.8874
20.8882 103.9359
21.0289 103.8224
21.0782 103.8189
20.9305 103.9695
21.0328 103.8666
20.8661 103.8727
20.9582 103.7876
20.9359 103.8785
21.1632 103.9200
20.8957 103.9119
20.9712 103.9381
20.9469 103.8923
21.1589 103.7545
21.1045 104.1910
21.0058 104.1315
21.1298 104.2498
21.0881 104.2135
20.5594 104.0368
20.6397 104.0529
20.6357 103.9495
21.0974 103.8728
21.0990 103.9277
21.0121 103.6958
20.6569 103.9010
20.5324 104.0692
20.5671 103.9178
20.5248 104.0840
20.7378 103.7290
20.8761 103.9992
20.8777 103.9399
20.9228 103.8676
20.7460 104.1248
21.0423 104.1769
21.1200 104.1255
20.8725 104.1624
21.1685 104.2279
20.9515 104.1529
20.9689 104.2875
20.9597 104.1246
20.9907 104.1477
20.9170 104.0124
21.0308 104.1620
20.9965 104.1890
20.9618 104.0851
21.0462 104.1653
21.0361 104.2414
21.0137 104.1873
21.0618 104.0476
21.0376 104.1957
20.9659 104.1614
20.9787 104.1141
21.0561 104.2120
21.0490 104.1671
21.0116 104.1465
21.0978 104.1400
21.1205 104.2512
21.0779 104.0498
21.0698 104.1060
21.1674 104.1260
21.0023 104.2714
21.0953 104.0833
21.0587 104.1770
20.9534 104.2794
21.0094 104.0613
21.0600 104.0981
20.9874 104.1630
20.9855 104.0982
21.0794 104.1705
21.0157 104.1028
21.0875 104.2325
20.9626 104.1412
21.0377 103.9907
21.1477 104.2087
21.1463 104.0790
21.1535 104.0423
20.9483 104.1631
20.8238 104.1159
20.8708 104.1368
20.8225 104.1209
20.8115 104.1273
20.8418 104.1878
20.8566 104.1307
20.8402 104.1195
20.8150 104.1140
20.8299 104.1338
20.7978 104.1202
20.9448 104.1443
21.0777 104.1415
21.0963 104.2176
21.1127 104.3075
21.1269 104.2258
20.9810 104.3176
21.0159 104.2635
20.9757 104.1930
21.0272 104.1459
21.0953 104.1186
21.0093 104.2052
21.0958 104.2366
21.0504 104.0296
21.0587 104.2010
21.1008 104.2088
21.0999 104.0025
21.0171 104.2861
21.1784 104.0441
21.1237 104.1450
21.1125 104.0221
21.0216 104.1521
21.1340 104.1590
21.1161 104.2484
21.1604 104.0932
20.9760 104.3011
21.0588 104.0276
20.9479 104.1385
20.9819 104.1546
21.1523 104.1414
21.1338 104.1495
20.9899 104.0783
20.8821 104.3416
21.1469 104.3330
21.0251 104.2025
21.0134 104.1793
21.0765 104.2544
21.1447 104.2490
21.0915 104.3476
20.9506 104.0920
21.1413 104.0790
21.0210 104.1196
21.0165 104.1484
20.9755 104.2377
21.0772 104.1217
21.0400 104.1999
21.0303 104.2016
21.0765 104.0712
21.1415 104.1352
21.0615 104.1291
21.1243 104.1490
21.0746 104.2109
21.0975 104.1276
21.0046 104.1200
20.9444 104.2786
20.9939 104.0383
21.1004 104.2882
20.9126 104.2017
21.0643 104.1660
21.0288 104.1132
21.1325 104.1080
21.0994 104.1523
21.1788 104.2508
21.0517 104.0580
20.9477 104.1595
21.1145 104.1750
21.0744 104.2169
21.1661 104.1959
21.1619 104.1102
21.0944 104.0619
21.0614 104.2904
21.0784 104.1164
21.1435 104.1791
21.0557 104.0817
20.9958 104.0257
20.9822 104.1595
21.0856 104.1227
20.9947 104.1127
21.0093 104.0948
21.0998 104.1729
21.1329 104.3248
21.0002 104.2727
20.8728 104.1450
21.1454 104.1445
21.1083 104.2092
20.9789 104.0551
21.0266 104.2376
21.1628 104.1802
21.2068 104.1616
21.0212 104.2468
20.9636 104.0806
20.9162 104.2022
21.1287 104.0627
20.9738 104.1585
21.0335 104.1159
21.0247 104.1382
21.0168 104.1037
21.1430 104.0791
20.9801 104.1835
21.0648 104.1151
21.0771 104.1128
21.1521 104.1396
21.0695 104.1843
21.0098 104.1786
21.1404 104.2597
20.9600 104.1368
21.0007 104.0669
21.0646 104.1733
20.9834 104.0555
21.1555 104.1329
21.1785 104.2787
21.2157 104.1584
21.0208 104.1425
21.0650 104.2011
21.0866 104.1886
21.1530 104.2534
21.0975 104.1286
21.0229 104.1704
21.0865 104.2229
21.0546 104.1736
21.0986 104.3401
21.0041 104.1022
21.1713 104.2647
21.1179 104.1552
21.0702 104.2697
21.0606 104.0833
21.0912 104.2348
21.0788 104.1141
21.2168 104.2493
21.1509 104.1370
20.9689 104.1036
21.0515 104.2820
21.0654 104.1273
21.0373 104.1477
20.9235 104.1089
21.0289 104.1273
21.0774 104.0655
21.0025 104.1613
21.0781 104.0683
21.1355 104.1757
20.8972 104.1469
20.9818 104.0647
21.0341 104.2419
21.1078 104.1576
21.0513 104.1707
21.1808 104.2502
21.0399 104.2710
21.1031 104.1368
20.9460 104.1745
21.1234 104.1171
21.1284 104.1974
21.0897 104.2173
21.1342 104.2290
21.0101 104.1614
21.0147 104.0627
21.0652 104.1005
21.0629 104.1967
21.0466 104.1387
20.9771 104.1364
20.9850 104.2256
21.0965 104.2679
21.1148 104.1760
21.0037 104.1677
21.1750 104.1525
20.9131 104.1292
21.0580 104.0085
20.9540 104.2519
21.0602 104.2013
21.0321 104.2702
21.0913 104.0804
20.9870 104.1531
20.9948 104.1421
21.1805 104.4050
21.0749 104.1301
20.8529 104.1758
21.0505 104.2904
21.1277 104.2382
21.0150 104.3387
21.0390 104.1352
21.2286 104.0822
21.1719 104.2145
21.0905 104.2421
21.0133 104.1006
21.0783 104.1453
21.0369 104.0672
21.0165 104.1041
21.0859 104.1336
21.0929 104.0584
21.0040 104.2195
21.0627 104.2219
21.1173 104.2682
21.0620 104.3151
21.1793 104.1852
21.0083 104.0797
21.0899 104.1339
21.0090 104.1750
21.0007 104.1641
21.0166 104.2124
21.0634 104.2139
21.1688 104.1540
21.0688 104.0125
21.1207 104.1826
21.4527 104.0233
20.9340 104.0638
20.6126 104.2876
21.0951 104.1545
21.1240 104.0772
21.1292 103.7832
21.3428 104.2620
21.0737 103.9807
20.9814 104.2278
21.1268 104.0815
21.2125 104.2710
20.9639 104.0694
21.1539 104.2188
21.0698 104.4033
21.3471 103.9814
20.8409 104.1341
21.0646 104.1994
21.0922 104.1768
21.0622 104.1635
21.0676 104.1545
21.0925 104.1500
21.0428 104.1592
21.0791 104.1389
21.1317 104.2039
21.0976 104.1388
21.1084 104.1756
21.0283 104.1385
21.0988 104.1899
21.0646 104.2254
21.0768 104.1948
21.0555 104.1675
21.2265 104.2624
21.0686 104.2004
21.0527 104.3120
21.0497 103.8176
20.9752 103.8199
21.1620 103.9051
21.0526 103.7970
21.0910 103.7958
20.9815 104.0144
21.0281 104.0768
20.8880 103.7938
21.0392 103.8178
21.0926 103.9001
21.0574 104.0427
21.0458 104.3639
21.0131 104.0399
20.9499 103.9166
21.0454 103.9222
20.9987 103.7917
20.9721 103.9074
21.1269 103.7999
21.0875 103.9679
20.9071 103.7798
21.0878 103.8798
21.0420 103.8237
20.9900 103.9870
20.8840 103.7980
21.0480 103.9460
21.0022 103.8151
20.9676 103.7665
20.9469 103.8075
21.0933 103.7888
20.9491 103.9766
21.0999 103.9555
21.0186 103.9224
21.0400 103.7966
21.1219 103.7559
21.0186 103.6580
20.9655 103.9637
21.1493 103.6749
20.9573 103.8010
20.8286 104.1635
20.9892 103.9186
21.1798 103.7904
20.9488 103.8670
20.9554 103.9163
21.0190 103.8618
21.1066 103.9195
21.0463 103.9366
21.0112 103.8789
21.0094 103.9640
21.1099 103.8434
21.0782 103.8887
20.6510 103.9997
20.8555 104.1471
20.8074 104.1290
20.7792 104.0271
20.7064 103.9986
20.8810 103.9573
20.6921 104.1911
20.7547 104.0454
20.8316 104.1262
20.9797 104.2990
20.7714 104.0269
20.8266 104.0964
20.7454 104.0451
20.8357 103.9986
20.8869 104.0682
20.7377 104.1426
20.6251 104.0525
20.5960 103.9536
20.8432 103.9171
20.9331 104.1494
20.9930 104.0111
20.8461 104.1565
20.9089 104.1132
20.8326 103.9859
20.8715 104.1485
20.7247 104.0560
20.7284 104.0921
20.6992 104.0130
20.6192 104.1092
20.7381 104.0062
20.7042 104.0544
20.9084 104.0331
20.7725 104.2272
20.8679 103.8317
20.8697 103.9842
20.7439 104.0923
20.8233 103.9865
20.7707 104.0928
20.9026 103.9572
20.8544 104.1132
20.6881 103.9950
20.8941 104.2038
20.6948 103.9561
20.8533 104.0773
20.7194 103.9119
20.6275 104.0873
20.6739 104.1477
20.6608 104.0870
20.7270 104.1310
20.8667 104.1255
20.8009 104.0820
20.6971 103.8896
20.7757 103.9947
20.8415 104.0388
20.6195 104.2170
20.9173 104.1864
20.7339 104.1376
20.6660 104.0337
20.8666 104.1385
20.6325 104.0975
20.6878 104.1457
20.7864 104.1207
20.8501 104.2653
20.7777 104.0751
20.8697 104.1680
20.8750 104.1766
20.7528 104.1682
20.8381 104.1164
20.7027 104.1244
20.7250 104.0891
20.8012 104.0816
20.7448 104.1660
20.7210 104.0202
20.7891 104.0418
21.0255 104.0875
20.5521 104.0672
20.6738 104.2530
21.2243 104.1862
21.1540 103.8481
20.6285 104.0115
20.9826 104.1704
20.8567 104.2273
20.7603 104.3100
20.8024 103.8992
20.7431 104.0154
