68.0938 36.6082
67.6867 36.6244
67.8448 36.4826
67.6892 36.5704
67.8180 36.6238
67.8837 36.6960
68.0657 36.5585
67.8527 36.6477
67.6988 36.5208
67.7665 36.6333
67.8066 36.8227
67.8117 36.5870
67.7948 36.6153
67.9624 36.7602
67.7929 36.5392
67.8367 36.9345
67.9930 36.6175
67.8962 36.7131
67.8190 36.7027
67.8287 36.6378
67.9204 36.7029
68.0509 36.7490
67.7124 36.7274
67.9421 36.6034
68.1190 36.5804
67.9564 36.4563
67.7736 36.5331
67.7856 36.5899
67.9662 36.6923
67.6948 36.6335
67.8002 36.6136
67.8163 36.7333
67.8559 36.6863
68.0198 36.5535
67.8725 36.5623
67.7350 36.5819
67.6269 36.4874
67.9597 36.7187
68.0320 36.6269
67.8235 36.5957
67.8274 36.6492
67.9771 36.4467
67.8321 36.6755
67.8518 36.6465
67.7640 36.8087
67.6692 36.4179
67.8598 36.6494
68.1158 36.6195
67.9181 36.6947
67.8287 36.7814
68.0671 36.6421
67.9311 36.6923
67.7610 36.7426
67.6503 36.7958
67.8754 36.7046
67.8399 36.7102
67.9035 36.5554
67.8779 36.6067
68.0351 36.6728
67.6718 36.5502
68.1428 36.8176
67.7782 36.4202
67.8631 36.7447
67.7929 36.8055
67.8124 36.5395
67.6767 36.4867
68.0155 36.5297
67.8686 36.6046
67.9613 36.8072
67.8403 36.6744
67.7654 36.6754
67.7725 36.5965
67.6598 36.6790
67.7511 36.8326
67.9600 36.5895
67.6690 36.6776
67.8541 36.6029
67.4660 36.8042
67.7280 36.7871
67.9734 36.7715
68.1918 36.8628
67.7780 36.7358
68.1646 36.8762
67.6931 36.5562
67.7012 36.6681
67.7365 36.4726
68.1192 36.8312
68.0111 36.7182
67.8779 36.7842
67.4857 36.6286
68.0324 36.4044
67.5149 36.9213
67.8057 36.7495
67.6041 36.4938
68.1707 36.8513
68.0314 37.1212
67.9825 36.9167
68.0033 37.1298
67.9626 36.7553
68.0822 37.0859
67.9549 36.9057
68.1711 36.9941
68.2415 36.8236
68.1578 36.8358
67.9200 36.9344
68.0281 37.0383
67.9588 36.9939
68.0695 36.9092
68.0840 36.9446
67.9673 37.0150
68.0306 36.9804
68.0412 36.9378
68.1218 36.8261
68.0109 36.9962
68.0058 37.0336
67.9530 37.0020
68.0022 37.0182
67.9667 36.9946
67.9868 36.9155
67.9991 36.9427
67.9957 36.9934
67.8045 36.9430
67.7997 36.6562
67.8728 36.6132
67.9486 36.7395
67.8267 36.7841
67.7014 36.7220
67.7917 36.7994
67.9714 36.6662
67.8342 36.5920
67.7423 36.6332
67.7104 36.7370
67.6953 36.4915
67.9171 36.6070
67.8624 36.7031
67.8674 36.6657
67.6953 36.7670
67.7834 36.6596
67.9425 36.7394
67.8393 36.5733
67.7375 36.8199
67.6719 36.7309
67.7282 36.6957
68.0118 36.6389
67.9028 36.5573
67.7604 36.7823
67.8333 36.7167
67.8372 36.7081
67.8662 36.5940
67.7797 36.6459
67.8986 36.5089
67.8440 36.6374
67.9564 36.7221
67.8596 36.5831
67.9817 36.7964
67.8598 36.6859
67.8974 36.8386
67.8339 36.6796
67.7931 36.5710
67.8529 36.6304
67.9121 36.5527
67.8943 36.6411
67.9480 36.6751
67.8875 36.6482
67.9298 36.4781
67.8605 36.6394
67.8997 36.5284
67.9709 36.6051
67.8005 36.6412
67.8519 36.6043
67.9142 36.7160
67.8685 36.7598
67.9189 36.6379
67.8360 36.6349
67.8557 36.5778
67.8528 36.8080
68.0494 36.9968
68.1099 36.9431
68.1246 36.8782
68.0690 36.9979
68.0118 36.9926
68.0645 36.8760
68.1313 36.8448
67.9200 37.1072
67.9691 37.1061
68.0495 36.8839
68.0471 36.9139
68.2338 36.9202
67.9607 36.8525
67.9140 36.8531
68.1186 36.9187
67.9874 36.8080
68.0531 36.8029
68.0022 36.9934
68.0514 36.8718
68.0867 36.9137
68.0287 36.9482
68.2040 36.9184
68.0398 36.8797
68.0456 36.9951
68.0350 36.9682
68.0236 36.9699
68.0934 36.8889
67.9694 36.9713
68.0638 36.9498
67.5727 36.9446
67.6916 36.8580
67.6480 36.9289
67.7231 36.8849
67.6678 36.9347
67.6435 36.9907
67.6635 36.8786
67.6682 36.8912
67.6582 36.8643
67.6600 36.9364
67.6767 36.8570
67.7054 36.8786
67.6833 36.8988
67.7324 36.9410
67.7163 36.8947
67.7113 36.9797
67.7170 36.9544
67.6389 36.9338
67.7106 36.8572
67.8575 36.9536
67.6218 36.8140
67.6340 37.0269
67.6897 36.9553
67.6076 36.8783
67.8800 36.9736
67.6681 36.8517
67.7056 36.6854
67.6639 36.7479
67.7395 36.8067
67.6451 36.9078
67.6465 36.7300
67.7889 36.9056
67.6158 36.8828
67.7673 36.8007
67.6514 36.9648
67.7506 36.9786
67.6497 36.9984
67.6793 36.8108
67.7678 36.8961
67.5598 36.9210
67.6947 36.7953
67.8121 36.9295
67.8482 36.9927
67.5812 37.0289
67.7400 36.9541
67.6330 36.8731
67.6202 36.9588
67.6183 36.9019
67.8165 36.8529
67.8146 36.8257
67.8120 37.1035
67.7515 36.8638
67.7009 36.6921
67.6797 36.9720
67.7012 36.8790
67.7038 36.8959
67.6056 36.8899
67.9245 36.7783
67.9594 36.5370
67.9325 36.5855
67.8871 36.4490
68.0855 36.5355
67.9460 36.5669
67.8243 36.4724
67.8291 36.7654
68.0662 36.5101
68.0483 36.7915
67.9004 36.6127
67.9087 36.3661
67.7203 36.5318
67.8454 36.6547
68.0202 36.5715
68.0595 36.5796
67.8555 36.6467
67.9364 36.5810
67.9077 36.5223
67.9389 36.5456
68.1099 36.3961
67.8736 36.6385
67.8892 36.5590
67.8667 36.3302
68.0803 36.4052
68.1079 36.5154
68.2554 36.5605
68.0921 36.5430
67.9418 36.5530
68.1105 36.5463
68.1430 36.5428
67.9471 36.6231
68.0610 36.5615
67.9205 36.6234
67.9463 36.7015
67.8429 36.5162
67.8805 36.5437
67.8956 36.5312
67.8845 36.4621
67.7905 36.5947
67.8222 36.4589
67.9911 36.5050
67.9290 36.5978
67.9440 36.4986
67.9006 36.7398
67.8796 36.5018
67.9442 36.5186
68.1628 36.4195
68.0002 36.7459
67.8364 36.3985
68.0084 36.3645
67.8429 36.6381
68.0111 36.4055
68.0615 36.5286
67.9748 36.5246
68.1254 36.6893
68.0382 36.5925
68.0029 36.5702
67.9673 36.6176
67.8990 36.5161
68.0512 36.5296
67.9210 36.5484
67.6411 36.7705
67.8437 36.5222
67.9054 36.5713
67.9322 36.5870
67.9175 36.6987
67.9009 36.6633
67.7764 36.6231
67.9051 36.4041
67.9095 36.4534
68.1472 36.8111
68.0017 36.4344
67.6426 36.6063
67.8079 36.4177
67.9885 36.9601
67.9714 36.4156
68.0115 36.5230
67.9495 36.7238
68.0716 36.6385
