116.8980 93.3680
116.8334 93.4834
117.0163 93.4751
116.9573 93.5509
116.8785 93.5425
116.9058 93.3567
116.9956 93.5264
117.2118 93.4622
116.8875 93.4166
116.7945 93.4128
116.8069 93.5508
116.7663 93.8688
116.5563 93.9348
116.8573 93.7704
116.6294 93.8244
116.8448 93.5320
116.7803 93.5830
116.9687 93.6021
116.6562 93.4682
117.0976 93.5643
116.6853 93.7323
116.9944 93.5349
117.1334 93.6868
117.1458 93.6243
117.1381 93.6650
117.1651 93.7541
117.1077 93.8097
117.1696 93.5367
117.3107 93.6542
116.9758 93.7402
116.8414 93.5840
117.3913 93.7766
117.0161 93.8127
116.8377 93.6933
116.9004 93.7529
117.1282 93.8601
116.9791 93.9263
117.1754 93.7204
116.6709 93.6931
116.7957 93.6292
116.8415 93.8868
116.5681 93.8916
116.7719 93.7972
116.7097 93.6954
116.7289 93.9805
116.8656 93.9358
116.8308 93.7804
116.7201 93.6841
116.7592 93.8669
116.5886 93.7501
116.7977 93.8199
116.9507 93.8243
116.6983 93.9628
116.7675 93.9417
116.8678 93.7735
116.7598 93.9509
116.8114 93.8273
116.8443 93.9184
116.7577 93.7140
116.7036 93.7634
116.7247 93.7997
116.6841 93.8885
116.7739 93.8869
116.5851 93.7259
117.0456 94.0365
116.8287 93.6950
116.6693 93.8118
116.7457 93.8755
116.5760 93.7893
116.7953 93.8016
116.6662 94.0379
116.7900 93.7773
116.6699 93.6531
116.7087 93.8347
116.6986 93.8255
116.7353 93.8168
116.6707 93.8197
116.7652 93.8523
116.8161 93.8145
116.7329 93.9532
116.8454 93.8243
116.6629 93.7410
116.6046 93.9904
116.6274 93.8145
116.6755 93.8088
116.5657 93.8999
116.7094 93.8726
116.8269 93.7545
116.8925 93.7524
116.6250 93.7518
116.6973 93.8560
116.5694 93.8587
116.6454 93.8166
116.6854 93.8329
116.5941 93.7762
116.7057 93.6877
116.7603 93.8915
116.8180 93.7879
116.6914 93.8282
116.7196 93.8773
116.8102 93.8516
116.8199 93.8195
116.5931 93.8789
116.7514 93.6825
116.8569 93.7956
116.7191 93.6284
116.5707 93.6979
116.6928 93.9257
116.5562 93.6918
116.7782 93.7877
116.8331 93.9290
116.7530 93.7929
116.8000 93.9327
116.7634 93.8675
116.5516 93.9370
116.7176 93.8328
116.8533 93.7718
116.7018 93.7425
116.7055 93.8657
116.8519 93.8796
116.7067 93.6856
116.7089 93.8875
116.8307 93.6508
116.7798 93.9244
116.6951 93.7124
116.8111 93.8026
116.7378 93.7745
116.5921 93.9352
116.7753 93.7370
116.5681 93.8033
116.6484 93.8018
116.6935 93.8352
116.6228 93.7055
116.6552 93.8345
116.6373 93.8429
116.7307 93.7711
116.7484 93.8324
116.7133 93.8031
116.6893 93.8979
116.6586 93.8228
116.7290 93.8290
116.7038 93.7969
116.7919 93.5652
117.0080 93.4316
116.8070 93.4516
117.0139 93.7873
116.8706 93.3143
116.7568 93.4248
117.0107 93.4291
116.9068 93.5189
116.9134 93.5670
116.8494 93.5193
117.0790 93.7041
117.0675 93.6362
117.0887 93.7428
117.2309 93.7567
117.3607 93.7127
117.1605 93.7589
117.1102 93.7281
117.3106 93.8026
117.0344 93.7954
117.1663 93.6678
117.1141 93.9328
116.9648 93.7110
117.2393 93.7313
117.0536 93.6641
116.9047 93.6372
117.0224 93.7089
117.0816 93.7980
116.9599 93.6023
116.9582 93.6386
117.0479 93.7769
116.9954 93.8645
117.2253 93.6350
117.0482 93.8104
117.0467 93.6630
117.2349 93.8312
117.1768 93.8218
116.8067 93.8095
116.7725 93.8522
116.8401 93.8073
116.8268 93.8531
116.7911 93.8876
116.7809 93.7814
116.7754 93.7815
116.7888 93.8126
116.7121 93.7899
116.7688 93.8868
116.9079 93.6658
116.8794 93.5122
117.0433 93.4117
117.0134 93.6335
116.9931 93.5199
116.8970 93.4467
116.8647 93.5908
116.9765 93.4394
116.8669 93.5526
117.0010 93.4925
116.9756 93.2139
116.9069 93.5777
116.9059 93.5202
116.7809 93.5379
116.9182 93.4252
116.8202 93.5001
116.9545 93.4775
116.9348 93.5307
116.9008 93.5993
116.8513 93.4052
117.0724 93.3953
116.9847 93.4930
116.9324 93.5638
116.9206 93.4759
116.9584 93.3949
116.8096 93.5756
116.8822 93.4771
117.0172 93.5558
117.0454 93.4201
117.0429 93.6567
116.8436 93.3404
116.8139 93.8325
117.0942 93.5998
116.8417 93.5782
117.1121 93.6654
116.8504 93.5541
117.1697 93.4596
116.9444 93.4211
116.8995 93.5878
116.8738 93.5853
116.8706 93.5791
116.8358 93.5514
116.8363 93.5593
116.8932 93.5890
116.9678 93.6658
116.8418 93.5667
116.8797 93.6180
