71.8857 200.3528
72.0665 200.2850
72.2042 200.3248
72.1782 200.5102
72.2309 200.1730
71.9688 200.1589
72.2733 200.2862
72.0805 200.2207
72.0877 200.2352
72.2314 200.2380
72.1896 200.2563
72.1467 200.3557
72.2676 200.2693
72.6591 200.1091
72.5563 200.1337
72.4933 200.1205
72.2710 200.0873
72.6035 200.0462
72.4197 199.9850
72.2495 200.0369
72.4454 200.2437
72.4100 200.1090
72.3527 200.4106
72.3820 200.0390
72.5711 199.9545
72.4323 200.1616
72.5246 200.2464
72.3429 199.9423
72.4363 199.9943
72.5427 200.0348
72.4016 200.0009
72.4656 199.9855
72.3039 199.9888
72.4086 200.1172
72.5509 200.1245
72.1768 199.8474
72.5165 200.0563
72.5163 199.9159
72.4562 200.2219
72.4779 200.6931
72.6386 200.4861
72.3858 200.4547
72.6509 200.4560
72.5987 200.1339
72.6572 200.5880
72.0729 200.2651
72.3519 200.1122
72.5498 200.1124
72.0830 200.2013
72.4741 200.3874
72.1568 200.2312
72.0691 200.2431
72.1339 200.2421
72.2446 200.4300
72.0450 200.1242
72.2431 200.4382
72.2336 199.8746
72.1436 200.4027
72.3292 200.3980
72.4236 200.5190
72.1307 200.0810
72.1395 200.0956
72.2227 200.3756
72.4368 200.3502
72.2718 200.3387
72.4361 200.2968
72.2457 200.3055
72.2457 200.2475
72.2995 200.2014
71.9500 200.2588
72.3857 200.3666
72.1847 200.1128
72.1642 200.1736
72.0653 200.3659
72.6582 200.3647
72.1942 200.1069
72.1713 200.1269
72.3285 200.3749
71.9156 200.2453
72.0925 200.1905
72.3344 200.2293
72.2149 200.3416
71.9712 200.2226
72.2086 200.2855
72.4413 200.1882
72.2999 200.2065
72.3842 200.0146
72.4240 200.2688
72.3194 200.2245
72.3606 200.3138
72.1002 200.2667
72.2894 200.3416
72.6287 200.2823
71.9933 200.2193
72.1281 200.1921
71.9978 200.4590
71.9443 200.4573
72.1876 200.1895
72.1182 200.1436
71.9631 200.2474
72.1957 200.4504
72.2115 200.3808
71.9013 200.4152
72.1048 200.2622
72.1989 200.2731
72.2938 200.2717
72.2711 200.2867
72.2503 200.2360
71.9540 200.4848
71.8866 200.2614
72.1846 200.3420
72.2890 200.2183
72.1072 200.2340
72.1640 200.1466
72.0570 200.4092
72.2182 200.1500
72.1791 200.0997
72.2987 200.0498
72.2834 200.0993
72.0206 200.2052
72.3269 200.3005
72.3151 200.3832
72.1158 200.2466
72.1181 200.3484
72.0247 199.9669
72.1205 200.0940
72.1389 200.1799
72.2588 200.0219
72.0062 200.2716
72.2779 200.3101
72.1691 200.4461
72.2202 200.2534
72.2183 200.3246
72.0746 200.3450
72.3760 200.0593
72.2052 200.1694
72.2562 200.2333
72.2681 200.3579
72.1555 200.2030
71.9921 200.3452
72.2892 200.3492
72.4598 200.3603
72.3953 200.3120
72.0804 200.0502
71.9571 200.0848
72.1438 200.2580
72.2231 200.2528
72.0509 200.1553
72.4214 200.1453
72.1250 200.1676
72.2703 200.0846
72.3238 200.2613
72.0500 200.0394
72.2642 200.3256
72.0284 200.3788
72.3628 200.2859
72.0553 200.0492
72.2255 200.5960
72.1711 200.2504
72.3681 200.2068
72.3948 200.1691
71.9658 200.2944
72.2274 200.3174
72.0854 200.1277
71.9462 200.2007
72.1537 200.0690
72.1498 200.3907
72.0775 200.5216
72.3049 200.2231
72.0699 200.2627
72.2935 200.1840
72.3288 200.1799
72.3435 200.2874
72.2170 200.3000
72.0796 200.2749
71.9995 200.3204
72.0038 200.1915
72.1950 200.3767
72.2625 200.1977
72.1710 200.1655
72.2202 200.3658
72.1002 200.1775
72.1330 200.1999
72.3043 200.3248
72.5062 200.2324
72.2757 200.0185
72.1229 200.3307
72.0554 200.0865
72.3338 200.3706
72.2282 200.1023
72.2073 200.4386
72.1018 200.1650
72.4132 200.1760
71.9850 200.3759
72.1162 200.2864
72.1429 200.2780
72.1505 200.3975
72.0526 200.3488
72.3652 200.3727
72.1484 200.2824
72.1560 200.2683
72.0634 200.3360
72.2070 200.3195
72.7066 200.5648
72.2209 200.4101
72.0289 200.2986
72.2048 200.1842
72.2743 200.2787
72.0195 200.2595
72.3428 200.1705
72.2391 200.2107
72.3222 200.4928
72.2039 200.2201
72.2297 200.2434
72.0947 200.3351
72.2362 200.0882
72.3063 200.7209
72.0764 200.2719
72.4346 200.5362
72.3066 200.3690
72.3537 200.2169
72.1406 200.3531
72.1610 200.3159
72.3115 200.1469
72.0356 200.0244
72.1699 200.2376
72.2445 200.2691
72.3699 200.2864
72.3417 200.2964
72.3184 200.2767
72.1056 200.2350
72.1614 200.2356
72.1981 200.3618
72.1885 200.4011
72.2249 200.2414
72.1848 200.2865
72.3070 200.2864
72.2619 200.2140
72.2126 200.1503
72.5683 199.9257
72.2552 199.9370
72.3793 200.0955
72.3898 199.9334
72.4980 200.0178
72.2882 200.4099
72.4362 200.1752
72.5091 199.9596
72.2834 200.1253
72.1151 200.2066
72.7624 200.4726
72.3665 200.3452
72.2542 200.0702
72.1379 200.3389
72.1656 200.2901
72.2389 200.4266
72.0318 200.5365
72.6337 200.1040
71.9969 200.6048
72.3773 200.1202
72.5643 200.0214
72.3688 200.0881
72.5381 199.9776
72.4489 200.6149
72.2744 200.2572
72.2737 200.3231
72.3534 200.3627
72.6240 200.1003
72.4964 200.1183
72.5377 200.0764
72.7238 200.2238
72.7094 200.2317
72.8438 200.2707
72.7078 200.1911
72.7174 200.1985
72.7090 200.1968
72.6832 200.1184
72.7068 200.1888
72.5946 200.1333
72.4859 200.0873
72.4950 200.1576
72.6899 200.1705
72.4562 200.0945
72.5492 200.1233
72.4022 199.9836
72.5132 200.0433
72.4700 199.9846
72.5818 200.0596
72.4889 199.9712
72.6498 200.1444
72.5850 200.1673
72.4704 199.8956
72.5384 199.9589
72.5862 200.1384
72.3692 200.1293
72.4456 200.0555
72.4806 199.9823
72.5234 200.0650
72.4654 200.1729
72.4565 200.1517
72.5250 200.0238
72.5747 199.9795
72.5980 200.0607
72.4058 200.0510
72.4678 200.0493
72.5219 200.0521
72.5249 200.0363
72.4872 199.9850
72.5101 200.2175
72.6396 200.4167
72.5244 200.4043
72.6678 200.3789
72.3838 200.3462
72.6961 200.3482
72.6542 200.3671
72.4989 200.3749
72.5854 200.4471
72.6318 200.2389
72.6396 200.2807
72.5740 200.3225
72.7701 200.2883
72.6778 200.3220
72.6920 200.2486
72.7255 200.1778
72.6852 200.4549
72.6329 200.4106
72.7290 200.3629
72.7801 200.3050
72.6242 200.4121
72.5308 200.3130
72.6852 200.3952
72.6722 200.2935
72.4237 200.3684
72.6045 200.4338
72.7371 200.3580
72.2770 200.3070
72.8049 200.1743
72.5870 200.2814
72.4787 200.3190
72.5957 200.4004
72.6746 200.3122
72.5848 200.1608
72.7495 200.3506
72.4555 200.3562
72.6591 200.1135
72.4202 200.0392
72.4733 200.4982
72.6354 200.5804
72.6726 200.3997
72.3849 200.3448
72.7348 200.4569
72.6791 200.2859
72.6709 200.4517
72.1456 200.4442
72.4819 200.0763
72.4500 200.4967
72.8461 200.2894
72.6369 200.2461
72.7203 200.3739
72.6194 200.3185
72.6224 200.3477
72.6357 200.3637
72.6848 200.3554
72.6204 200.3193
72.6562 200.4004
72.6633 200.3622
72.7173 200.3952
72.6969 200.3691
72.6667 200.3741
72.6222 200.3284
72.6723 200.4255
72.6774 200.3780
72.6796 200.3660
72.7224 200.4082
72.6395 200.2974
72.6222 200.3475
72.5725 200.3943
72.6886 200.4126
72.6104 200.4085
72.5827 200.3237
72.6416 200.3499
72.8460 200.4433
72.6301 200.3195
72.7306 200.3581
72.6679 200.3386
72.6777 200.3568
72.5998 200.4170
72.8116 200.2802
72.7830 200.4515
72.1459 200.3290
72.7150 200.4554
72.7060 200.4735
72.3448 200.5578
72.3828 200.6953
72.4844 200.1186
72.4590 200.0997
72.4765 200.1061
72.4793 200.0867
72.4881 200.0117
72.4995 200.0399
72.5041 200.0414
72.5101 200.0432
72.4941 199.9990
72.4162 200.0639
72.4716 200.0289
72.5148 200.0394
72.5329 200.0225
72.5400 200.0362
72.3132 199.9779
72.3775 200.4091
72.2582 200.4299
72.3721 200.3075
72.2347 200.3454
72.1570 200.4674
72.2681 200.2830
72.4052 200.3417
72.3670 200.5403
72.2734 200.4567
72.3046 200.3176
72.2575 200.3142
72.2681 200.2702
72.4481 200.3890
72.1862 200.5434
72.3022 200.4039
72.2202 200.3402
72.3286 200.2130
72.1966 200.3958
72.2466 200.2274
72.1437 200.3574
72.2562 200.3521
72.4046 200.2910
72.3473 200.2873
72.1400 200.4902
72.3156 200.3208
72.4316 200.3891
72.1483 200.2845
72.4087 200.2939
72.3302 200.2818
72.3820 200.3357
72.4028 200.3435
72.3097 200.3288
72.3059 200.3265
72.2123 200.2771
72.4469 200.4826
72.2684 200.3961
72.4285 200.3251
72.2111 200.1582
72.3694 200.1472
72.3481 200.2251
72.3952 200.2258
72.3275 200.3495
72.1750 200.3653
72.3350 200.2194
72.4325 200.2349
72.2034 200.3872
72.3018 200.2984
72.3050 200.3466
72.3050 200.3592
72.3179 200.3232
72.2389 200.3519
72.4917 200.1111
72.4560 200.1467
72.5650 200.0854
72.3612 200.1913
72.5647 200.1058
72.5451 200.1993
72.4482 200.3031
72.5674 200.1368
72.4545 200.0838
72.4847 200.1670
72.3768 200.2203
72.3915 200.0633
72.4385 200.1541
72.4180 199.9692
72.4665 200.0699
72.4872 200.0442
72.4944 200.0081
72.5040 200.1809
72.4007 200.1126
72.4824 200.0838
72.3553 200.2289
72.5633 200.2148
72.3792 200.2197
72.4360 200.0297
72.3548 200.0210
72.3834 200.1830
72.3356 200.1455
72.3762 200.1440
72.4205 200.1666
72.4699 200.1393
72.3204 200.2491
72.5852 200.1188
72.4426 200.1353
72.3603 200.2488
72.5753 200.1165
72.4930 199.9289
72.5382 200.1264
72.3952 200.0919
72.4834 199.9974
72.4713 200.0579
72.5219 200.2215
72.5054 200.1096
72.5001 200.0972
72.5680 200.1867
72.4223 200.0551
72.5388 200.0786
72.4455 199.9891
72.4471 200.0996
72.4250 200.1397
72.4110 199.9510
72.6589 200.3925
72.4651 200.3565
72.6696 200.3895
72.5910 200.4032
72.3959 200.2848
72.7197 200.4354
72.5552 200.4971
72.5409 200.4105
72.5077 200.2070
72.6522 200.3535
72.7646 200.5066
72.5924 200.3607
72.7009 200.3761
72.6399 200.2871
72.5752 200.4306
72.7986 200.2788
72.7215 200.6270
72.5278 200.4428
72.6972 200.4414
72.6069 200.4047
72.3671 200.5459
72.6502 200.3430
72.5726 200.3447
72.5917 200.4518
72.7363 200.3611
72.6768 200.3391
72.5933 200.2731
72.7844 200.4724
72.6958 200.4137
72.5741 200.3779
72.6513 200.4121
72.5645 200.4897
72.4915 200.3116
72.7893 200.3833
72.5624 200.3628
72.6163 200.4841
72.6267 200.3309
72.5956 200.1939
72.8502 200.4538
72.5667 200.3612
72.5699 200.3673
72.7725 200.3408
72.6291 200.3339
72.8259 200.3495
72.6409 200.3602
72.7757 200.3475
72.8080 200.4574
72.6575 200.5945
72.3984 200.4666
72.5942 200.3811
72.7486 200.4117
72.5935 200.5057
72.6313 200.6119
72.5265 200.5093
72.6831 200.4820
72.5384 200.5897
72.6320 200.5426
72.7842 200.3405
72.6224 200.4859
72.7160 200.4171
72.6178 200.4607
72.6587 200.3405
72.6100 200.4781
72.6605 200.4437
72.7885 200.4306
72.6695 200.5730
72.6048 200.3414
72.6261 200.3814
72.6566 200.4747
72.7141 200.3629
72.5684 200.3259
72.6814 200.3890
72.6924 200.5131
72.7081 200.4818
72.6321 200.3626
72.6036 200.5180
72.5251 200.2809
72.5655 200.4838
72.7391 200.3991
72.6531 200.5612
72.4749 200.4406
72.6138 200.4240
72.7261 200.3253
72.6533 200.4250
72.6482 200.2991
72.6257 200.3289
72.6052 200.4033
72.5964 200.2392
72.7028 200.3680
72.6820 200.3872
72.6260 200.3224
72.6055 200.3625
72.6599 200.2871
72.6660 200.4123
72.6063 200.3431
72.6606 200.3253
72.5465 200.2819
72.6542 200.1877
72.6109 200.3795
72.5204 200.2956
72.6476 200.3715
72.6302 200.3243
72.6541 200.3076
72.5836 200.3937
72.6299 200.3307
72.6480 200.3277
72.5899 200.3634
72.5491 200.2678
72.6670 200.3898
72.6504 200.3690
72.6149 200.3920
72.5633 200.3811
72.5624 200.3703
72.6032 200.4725
72.6309 200.3816
72.6229 200.4561
72.5893 200.3585
72.5819 200.3962
72.6654 200.4331
72.5896 200.3342
72.7132 200.3500
72.6683 200.2630
72.6456 200.3272
72.5909 200.3440
72.6306 200.4060
72.6403 200.4806
72.6304 200.4211
72.6050 200.4320
72.5905 200.5109
72.6737 200.2183
72.5796 200.4146
72.5972 200.4812
72.5872 200.4268
72.6018 200.4297
72.7082 200.4729
72.5554 200.4581
72.5908 200.4442
72.5982 200.4691
72.6153 200.4271
72.6237 200.4514
72.5870 200.4053
72.6213 200.4193
72.6273 200.4381
72.6187 200.4495
72.5950 200.4305
72.6161 200.4455
72.5947 200.4538
72.6346 200.5141
72.5181 200.1616
72.5394 200.1493
72.5737 200.1789
72.4499 200.0100
