50.8716 189.7401
50.9844 189.4601
50.8587 189.5988
51.0338 189.6351
51.2525 189.5854
50.9437 189.6142
50.9932 189.5664
50.8833 189.5680
51.1051 189.6591
50.8744 189.6187
51.2085 189.4645
51.0208 189.0886
50.6972 189.4613
50.7192 189.4165
50.6738 189.3115
51.0820 189.2257
50.5255 189.4032
50.8690 189.4794
50.6667 189.5688
50.6154 189.5113
50.7295 189.2440
50.6826 189.4526
50.7174 189.3857
50.7006 189.4886
50.6135 189.4775
50.8967 189.3293
50.6382 189.2503
50.6850 189.2082
50.6848 189.3728
50.6345 189.3080
50.6778 189.1489
50.9384 189.2746
50.4307 189.3661
50.8175 189.2224
50.9324 189.4554
50.6298 189.3027
50.6272 189.4134
50.9142 189.2444
50.6128 189.2543
50.9087 189.3444
50.5899 189.3898
50.8559 189.3513
50.6153 189.2993
50.6839 189.1860
50.7736 189.5173
50.8428 189.1597
50.4869 189.4877
50.5602 189.4995
50.6139 189.4365
50.7559 189.2881
50.7018 189.3920
50.6526 189.3938
50.5591 189.2105
50.4470 189.3343
50.4718 189.4453
50.8259 189.3862
50.5435 189.4042
50.7327 189.3678
50.4459 189.3032
50.9271 189.3090
50.6014 189.5036
50.4666 189.3901
50.9261 189.3311
50.5171 189.3614
50.5457 189.3581
50.7873 189.3883
50.7330 189.1788
50.7972 189.2358
50.6466 189.2595
50.8500 189.2438
50.8347 189.4436
50.7421 189.3064
50.7863 189.2495
50.8588 189.4474
50.7966 189.3402
50.6489 189.1560
51.0166 189.3584
50.7810 189.3023
50.6245 189.4859
50.7987 189.2517
50.7465 189.4676
50.7469 189.5398
50.6646 189.3668
50.6654 189.0881
50.9313 189.4896
50.5246 189.4862
50.7261 189.2636
50.8891 189.1531
50.5718 189.2109
50.6492 189.4005
50.8150 189.4740
50.8234 189.1874
50.7942 189.3100
50.6351 189.1851
50.5864 189.2779
50.5737 189.3890
50.6559 189.3187
50.7509 189.3538
51.0776 189.2188
50.7657 189.4387
50.6980 189.3824
50.6854 189.4066
50.6822 189.1719
50.6948 189.3972
50.5323 189.3560
50.6118 189.3548
50.5747 189.1584
50.4598 189.2866
50.9819 189.4193
50.9352 189.3355
50.7324 189.2466
50.6410 189.2529
50.9102 189.3379
50.5511 189.2009
50.9621 189.4068
50.8321 189.1503
50.9118 189.2196
50.4622 189.2649
50.7049 189.3627
50.7497 189.2346
50.8099 189.1505
50.6018 189.2070
50.6735 189.3900
50.8391 189.3799
50.5309 189.2076
50.7529 189.3907
50.5023 189.2666
50.8381 189.3750
50.7422 189.4700
50.5621 189.3801
50.6194 189.3327
50.6716 189.3358
50.7131 189.3357
50.7521 189.4211
50.7912 189.2366
50.9643 189.0931
50.8955 189.0883
51.0363 189.0502
50.9322 189.6146
50.8671 189.2553
50.5338 189.4381
51.1255 189.3288
51.0985 189.5829
50.9770 189.5824
50.9863 189.6141
50.6619 189.3760
50.7373 189.3085
50.4925 189.3722
50.7522 189.4071
50.5706 189.2433
50.7068 189.4247
50.8410 189.2174
50.7041 189.2645
50.7170 189.3473
50.7320 189.2778
50.8151 189.3310
50.9080 189.5960
50.7532 189.0072
50.7444 189.2556
50.8032 189.3494
50.7974 189.4427
50.8977 189.3219
50.7033 189.3932
50.4992 189.4239
50.6518 189.2423
50.6863 188.9439
50.9353 189.4487
51.0320 189.3191
51.0585 189.0907
50.9944 189.4092
51.0370 189.3636
51.1024 189.3598
50.9438 189.3485
51.1510 189.3129
51.1072 189.2822
51.0499 189.3512
51.1128 189.3139
51.1156 189.3422
51.1652 189.3151
51.0948 189.3647
51.1296 189.3705
51.1232 189.3980
51.0025 189.3271
51.0661 189.3806
51.0483 189.3282
51.0429 189.3823
51.0363 189.3232
51.0962 189.3171
51.0527 189.2924
51.1366 189.3614
51.0600 189.3320
51.1479 189.3774
51.0995 189.4739
51.0524 189.4045
50.9918 189.3910
51.0732 189.3582
51.0174 189.2818
51.0216 189.3716
51.0589 189.3001
51.0723 189.3279
50.9923 189.3162
51.0540 189.3556
51.0636 189.3067
51.0572 189.3891
51.0926 189.2726
51.1378 189.2899
51.0974 189.3676
51.1063 189.4088
51.1061 189.3713
51.0005 189.2917
50.9519 189.3429
51.1152 189.3174
50.9716 189.2569
51.1085 189.3464
51.1074 189.4072
51.0916 189.3484
51.0869 189.3185
50.9881 189.3002
51.1048 189.3589
50.9626 189.3539
50.9924 189.3919
50.8862 189.4905
50.7867 189.3221
50.6464 189.4332
50.7922 189.2979
50.8614 189.2789
50.7037 189.4618
50.8201 189.3929
50.7665 189.3439
50.5855 189.2846
50.7906 189.4466
50.6414 189.4156
50.6029 189.3434
50.7549 189.3701
50.7471 189.3402
50.5401 189.3270
50.6142 189.3498
50.6912 189.2713
50.8302 189.2231
50.7251 189.4198
50.7638 189.2685
50.7235 189.3352
50.7562 189.2865
50.7923 189.3797
50.7832 189.4601
50.7332 189.3444
50.7908 189.3298
50.7179 189.3701
50.6721 189.3624
50.6087 189.3513
50.8792 189.4471
50.7001 189.2088
50.8254 189.3963
50.6836 189.3317
50.7984 189.3169
50.7652 189.3039
50.7025 189.4299
50.6452 189.2882
50.8265 189.2796
50.6760 189.3058
50.8605 189.3344
50.7324 189.3779
50.7624 189.4383
50.7504 189.4058
50.6932 189.4295
50.6685 189.3178
50.7286 189.4789
50.6917 189.2913
50.6213 189.3768
50.7323 189.3794
50.6482 189.3465
50.6361 189.2811
50.6975 189.2832
50.7046 189.2515
50.6747 189.2045
50.7181 189.3235
50.6731 189.3717
50.6810 189.3463
50.7504 189.3354
50.7491 189.3823
50.7360 189.3412
50.7392 189.4935
50.7385 189.3509
50.7523 189.3954
50.7243 189.3932
50.7226 189.3772
50.6657 189.3738
50.7560 189.3068
50.8247 189.2819
50.7038 189.3988
50.6955 189.3851
50.8072 189.4229
50.7632 189.3438
50.7341 189.3123
50.7195 189.3678
50.9670 189.5691
50.8105 189.7513
50.9316 189.5397
50.9020 189.6295
51.0267 189.6637
51.1244 189.4162
51.1257 189.4757
51.0863 189.5657
51.0671 189.4136
50.9062 189.6580
50.9597 189.6092
51.1104 189.7889
50.6804 189.3779
50.5823 189.4885
50.7431 189.4534
50.7304 189.4154
50.5559 189.2917
50.7028 189.4526
50.7264 189.3532
50.6452 189.3253
50.5219 189.2560
50.6126 189.3960
50.5731 189.2603
50.7454 189.6349
50.7907 189.3767
50.6234 189.3601
50.7072 189.1990
50.7298 189.3137
50.8077 189.2882
50.7043 189.3767
50.9262 189.3822
50.8651 189.2647
50.7207 189.2357
50.8149 189.4614
50.6464 189.4469
50.6900 189.2824
50.5954 189.3445
50.9715 189.3920
50.6624 189.2332
50.4637 189.2651
50.7144 189.3652
50.7449 189.3601
50.8116 189.3242
50.8194 189.2856
50.8186 189.3150
50.7034 189.3943
51.0179 189.5155
50.8384 189.4700
50.7294 189.2282
51.0395 189.4350
50.8912 189.2614
51.2215 188.9814
51.1207 188.9954
50.9447 189.2000
50.9788 189.1896
51.2881 189.0383
51.0117 189.1997
51.1689 189.0867
51.0700 189.2840
50.9329 189.4382
50.9892 189.3349
50.9080 189.3170
50.8166 189.2559
50.9354 189.2332
50.6860 189.3562
50.8475 189.5456
50.7366 189.4477
50.7575 189.5721
50.8904 189.3429
50.8420 189.4586
50.7614 189.5139
50.7905 189.3053
50.9789 189.2649
50.8590 189.3439
50.7683 189.3973
50.7832 189.3596
50.8083 189.3830
50.7693 189.3824
50.7460 189.3724
50.8254 189.4017
50.7868 189.3353
50.8432 189.5545
51.0155 189.3160
50.7152 189.4015
50.8334 189.4189
50.8199 189.4356
50.8077 189.2869
50.6561 189.4600
50.7758 189.4484
50.7906 189.3453
50.7224 189.4564
50.7366 189.5026
50.8481 189.3652
50.8633 189.4690
50.9821 189.2747
50.7304 189.3827
50.7429 189.3899
50.7700 189.2449
50.8223 189.4372
50.8725 189.4130
50.6550 189.5989
50.8711 189.3359
50.9164 189.3964
50.9685 189.5183
50.8461 189.4144
50.7988 189.3619
50.7196 189.4637
50.7917 189.4532
50.9132 189.2702
50.7951 189.3327
50.6629 189.3262
50.9352 189.5840
50.6832 189.4416
50.7034 189.2944
50.8487 189.4078
50.6865 189.3654
50.7415 189.2830
50.9090 189.4977
50.6920 189.4579
50.8007 189.3331
50.6873 189.3453
50.9472 189.5804
50.8192 189.3625
50.8312 189.4980
50.6249 189.2921
50.8716 189.6494
50.8739 189.3715
50.7234 189.6286
51.0474 189.1939
50.6671 189.3537
50.8176 189.3893
50.7628 189.3647
50.6050 189.4285
50.8485 189.5382
50.8087 189.5566
50.9211 189.5329
50.8933 189.2225
50.6830 189.5651
50.8307 189.3999
50.7928 189.1953
50.7409 189.3936
50.8410 189.5642
50.9564 189.3374
50.6340 189.5648
50.6071 189.4766
50.6970 189.3212
50.8053 189.3074
50.7612 189.3544
50.6090 189.1783
50.7413 189.5663
50.7066 189.5708
50.7169 189.2079
50.7056 189.4499
50.7140 189.4856
51.1539 189.3882
50.6083 189.3792
50.8798 189.3285
50.7749 189.3419
50.5548 189.3715
50.6288 189.2819
50.7266 189.4414
50.6564 189.5516
50.7836 189.4516
50.6261 189.6120
50.6318 189.3719
50.7834 189.3588
50.7367 189.4235
50.8194 189.3588
50.9724 189.4603
50.7023 189.3553
50.8964 189.5434
50.8154 189.4557
50.6930 189.6581
50.7282 189.4584
50.7839 189.3599
50.8131 189.5089
50.8785 189.4683
50.9726 189.4838
50.8996 189.5779
50.9377 189.3879
50.8328 189.4122
50.8708 189.5438
50.9102 189.4009
