74.6511 10.5351
74.7729 10.5082
74.7828 10.3662
74.8359 10.5527
74.8886 10.5044
74.6662 10.5617
74.7306 10.3840
74.6438 10.4832
74.9241 10.5631
74.7140 10.6695
74.8868 10.3159
74.8805 10.4935
74.8340 10.4592
74.7337 10.3911
74.7819 10.3917
74.7696 10.5230
74.6957 10.2835
74.8062 10.3854
74.8701 10.6066
74.6549 10.6922
74.6060 10.4281
74.7362 10.4551
74.9003 10.6934
74.6804 10.5048
74.5406 10.4283
74.7421 10.5776
74.7127 10.5499
74.7021 10.7538
74.7659 10.4250
74.8386 10.5451
74.7792 10.5409
74.8456 10.4687
74.6185 10.7194
74.7132 10.4672
74.6564 10.5513
74.9666 10.4430
74.7312 10.4245
74.6717 10.4008
74.6597 10.4976
74.4771 10.5315
74.8766 10.2081
74.6476 10.5822
75.0456 10.3626
74.9669 10.7538
74.5777 10.4843
74.9211 10.5740
74.7471 10.4293
74.5222 10.6719
74.7547 10.6071
74.7745 10.5837
74.6805 10.6379
74.7748 10.7334
74.6786 10.6118
74.9273 10.2807
75.1844 10.5495
75.0912 10.5616
75.2429 10.5692
75.1088 10.5699
75.1839 10.4924
75.1455 10.4781
75.0603 10.5190
75.1277 10.4964
75.0033 10.5518
75.1513 10.4870
75.1339 10.5210
75.0056 10.8082
74.9882 10.6725
74.8794 10.6930
75.0347 10.6340
74.9149 10.7579
75.0366 10.8627
74.7828 10.7147
75.0876 10.8232
74.9868 10.8878
75.0918 10.6489
75.1307 10.8205
74.9669 10.8401
74.9821 10.7238
74.8222 10.9769
75.0925 10.9203
75.1231 10.7530
75.0572 10.8330
75.0057 10.7654
75.0248 10.8293
75.0469 10.8757
75.0524 10.8728
74.9888 10.8738
75.2417 10.6925
74.7733 10.3624
74.8564 10.7966
74.9248 10.7139
75.0356 10.5728
74.9482 10.6781
75.0228 10.7403
74.7836 10.8325
74.8444 10.8269
75.1783 10.8744
75.3085 10.8710
75.1381 10.7978
75.0341 10.7882
74.9888 10.9648
75.1899 10.7590
74.9593 10.8758
75.0026 10.8779
75.1997 10.7120
75.0780 10.9981
75.0069 10.8009
74.9831 10.8767
75.1839 10.7165
75.0180 10.8271
75.0688 10.7427
75.2895 10.7598
74.7887 10.6327
75.3084 10.9298
75.1153 10.4907
75.1410 10.6686
75.1412 10.7672
75.1547 10.8132
75.0995 10.8088
74.9600 10.8582
74.9672 10.7354
74.9994 10.7770
75.2287 10.7751
75.1597 10.9085
74.9768 10.7818
75.1492 10.6764
75.0340 10.9493
74.9084 10.7161
74.6130 10.6412
74.8030 10.8132
75.0312 10.8455
75.0959 10.6658
74.9323 10.9407
74.8182 10.6630
75.0203 10.8513
75.0668 10.7832
75.2896 10.8629
75.2478 10.5833
75.0085 10.9843
75.1635 10.7158
75.1061 10.8520
75.2158 10.7561
75.0624 10.9135
75.0900 10.7932
74.8389 10.7256
75.0938 10.8924
75.0389 10.9553
75.0144 10.8101
74.9795 10.7655
74.9123 10.7550
74.8692 10.9050
74.9794 10.8285
74.9566 10.9409
75.2036 10.6323
75.0175 10.8229
75.1461 10.7754
74.9789 10.5190
75.0461 10.9573
74.9279 10.9051
74.8843 10.6440
74.9385 10.8787
75.0636 10.6809
75.1769 10.8096
75.1695 10.8778
74.9180 10.8369
74.8547 10.7602
74.9618 10.6369
75.1273 10.5508
75.0534 10.6196
74.8492 10.8904
75.0864 10.6882
75.0458 10.6123
75.1614 10.8083
75.0649 10.7713
75.0337 10.7761
75.0630 10.8422
75.1003 10.8065
75.0776 10.8299
75.0010 10.7288
74.9969 10.8083
75.0366 10.8161
75.0490 10.9519
75.1064 10.2831
74.8708 10.4499
74.9132 10.5184
74.8652 10.6001
74.7871 10.5169
74.9342 10.6051
74.9043 10.5908
74.8284 10.4509
74.8498 10.5453
74.8717 10.5917
74.8982 10.5233
74.8832 10.5802
74.9217 10.5079
74.8884 10.5392
74.8964 10.5077
74.7503 10.5052
74.8824 10.6408
74.8446 10.4921
74.9073 10.4221
75.2600 10.4389
75.1758 10.3261
75.2736 10.2623
74.7039 10.4382
75.2762 10.4789
75.1317 10.6531
75.2203 10.5198
75.1910 10.4223
75.1708 10.4569
75.2320 10.3662
75.1901 10.3189
75.0999 10.2121
75.2438 10.1884
75.2806 10.3383
75.1371 10.4658
75.2165 10.3699
75.0976 10.3480
75.3331 10.5481
75.0064 10.2766
75.1682 10.3470
74.9989 10.5066
75.3218 10.4292
75.1390 10.4521
75.0642 10.4475
75.0698 10.4290
75.0495 10.0642
75.1618 10.5040
74.9009 10.2278
75.0170 10.7300
75.0744 10.1775
75.1594 10.4911
75.2515 10.4319
75.1900 10.3744
75.2355 10.4643
75.2368 10.2215
75.0850 10.1835
75.3558 10.2745
75.0937 10.2998
75.0300 10.2146
75.1834 10.2346
75.2471 10.1820
75.1724 10.6412
74.9182 10.2558
75.0837 10.3777
74.9893 10.5459
75.2047 10.4441
75.0489 10.1636
75.1357 10.5497
75.0706 10.8075
75.1064 10.7353
75.0642 10.8724
75.0698 10.7553
75.1390 10.7320
75.0663 10.7186
75.1304 10.7736
75.1199 10.7542
75.1308 10.7365
75.0589 10.7331
75.1094 10.7043
75.1361 10.7819
75.0945 10.7274
75.1487 10.9369
75.1891 10.7793
75.1021 10.6705
75.0973 10.7324
75.1155 10.8515
75.1281 10.7649
75.0755 10.7908
75.0381 10.7747
75.1015 10.7813
75.1291 10.7877
75.1381 10.7261
75.1797 10.7803
75.0518 10.7190
75.0021 10.8163
75.0562 10.7893
75.0502 10.7471
75.0401 10.7903
75.2752 10.7645
75.1196 10.7671
74.9773 10.6540
75.1264 10.7782
75.1694 10.8259
75.1083 10.8010
75.0563 10.9060
74.6724 10.4264
74.9886 10.7332
74.9028 10.3640
74.8599 10.3565
74.7947 10.3029
74.9813 10.4513
74.9145 10.2638
74.9261 10.3387
75.0001 10.3514
74.7117 10.2210
75.0583 10.2074
74.5965 10.3065
74.6238 10.5366
74.8571 10.5666
75.2355 10.4388
74.9309 10.2333
74.9992 10.2437
75.0212 10.6259
74.7210 10.3206
74.6676 10.3837
74.7627 10.2405
74.9806 10.4118
74.7689 10.5998
74.6927 10.2111
74.7894 10.2951
75.1511 10.2319
74.9984 10.4319
75.0791 10.3668
74.9879 10.5021
75.3529 10.6538
74.7487 10.2673
74.7803 10.1619
74.7499 10.4970
74.6742 10.3048
74.8367 10.3584
74.8551 10.4316
74.5988 10.2336
74.8747 10.3633
74.7249 10.4057
74.8815 10.2398
74.9579 10.3387
74.8697 10.3197
74.7817 10.2281
74.9864 10.4944
74.9924 10.3981
75.1083 10.4626
74.8663 10.5409
74.8992 10.4617
74.9893 10.3850
74.7533 10.4173
74.8983 10.4125
74.9513 10.4244
74.8584 10.3491
