104.4436 118.9054
104.8051 119.0133
104.7321 118.9638
104.6066 119.0949
104.5685 119.3074
104.6833 118.7721
104.8481 118.8734
104.8685 118.8110
104.5269 118.9403
104.4817 118.8672
104.5368 118.6739
104.4994 118.8851
104.6449 118.8885
104.4339 118.8233
104.5500 118.8191
104.6389 118.8750
104.3548 118.8142
104.5994 118.8300
104.5341 118.8279
104.5731 118.8297
104.5369 118.9207
104.4800 118.9056
104.6304 118.8770
105.0586 118.9042
104.7523 118.8681
104.8940 118.8996
104.7323 118.9376
104.8954 118.8727
104.9378 118.8456
104.8267 118.9200
104.9280 118.8804
104.8582 118.7781
104.8299 118.8984
104.8914 119.0151
104.9285 118.9278
104.9365 118.8972
104.9129 118.8909
104.8288 118.9863
104.9433 118.7191
104.9577 118.7481
104.8718 118.9408
104.7082 118.7137
105.0228 118.6908
105.0473 118.9770
104.9411 119.0108
104.8704 118.8047
104.7276 118.9072
104.8085 118.9949
104.6963 118.9336
104.6865 118.8895
104.8394 118.8745
104.8692 119.0154
104.7995 118.9586
104.9853 119.0569
104.8886 118.8216
104.8262 118.9695
104.8671 118.9033
104.6485 118.8308
104.7999 118.8195
104.8341 118.8067
104.7851 118.9073
104.7651 118.8092
104.7875 118.9000
104.7672 118.9200
104.7151 118.8484
104.7030 118.8946
105.0107 119.0147
104.8280 118.8909
104.5695 119.4255
104.6869 119.1699
104.6922 119.1350
104.6466 119.1402
104.7134 119.1276
104.7579 119.2368
104.7126 119.2006
104.7335 119.0889
104.6889 119.2417
104.6957 119.1661
104.7380 119.2464
104.6334 119.0574
104.7353 119.1883
104.7342 119.1223
104.8364 119.2907
104.6357 119.2121
104.7659 119.2539
104.6201 119.2194
104.6975 119.1367
104.5885 119.0837
104.6654 119.2129
104.7893 119.1369
104.8300 119.0436
104.5341 119.2156
104.7768 119.2118
104.6861 119.1525
104.6198 119.1147
104.7248 119.0619
104.6859 119.1108
104.7157 119.2565
104.6709 119.1032
104.7403 119.2200
104.5272 119.1961
104.7105 119.1883
104.7209 119.0697
104.7094 119.2124
104.7833 119.3380
104.6583 119.1645
104.6229 119.1185
104.7682 119.1707
104.7320 119.1571
104.7609 119.1850
104.7520 119.3430
104.5816 119.2592
104.7253 119.1612
104.7313 119.0634
104.7368 119.1409
104.6488 119.1898
104.7980 119.2951
104.6354 119.2010
104.7899 119.1781
104.7010 119.2759
104.7874 119.0355
104.6959 119.2782
104.5880 119.1519
104.6335 119.1984
104.6990 119.2513
104.8545 119.2563
104.9140 119.0574
104.7286 119.2325
104.7708 119.2753
104.7276 119.1351
104.5944 119.2700
104.4050 119.2887
104.4656 119.2318
104.3748 119.1212
104.6309 119.1926
104.8035 119.1726
104.8021 119.1808
104.6254 119.1930
104.8190 119.2804
104.7606 119.0292
104.8144 119.1530
104.7589 119.0499
104.7810 119.1162
104.8776 119.2147
104.4977 119.3758
104.7710 119.2486
104.7651 119.1306
104.7977 119.2567
104.8177 119.2007
104.6794 119.3348
104.6201 119.0900
104.7697 119.2328
104.7830 119.1653
104.5820 119.1294
104.6555 119.1750
104.7992 119.1292
104.8321 119.2567
104.7456 119.1464
104.6865 119.1958
104.7223 119.2441
104.6719 119.2130
104.7107 119.1550
104.6560 119.1425
104.9911 119.0352
104.7669 119.1238
104.7952 119.1878
104.7077 119.3782
104.7317 119.2205
104.8157 119.1645
104.6267 119.2199
104.6688 119.0288
104.8366 119.1392
104.7984 119.3982
104.8173 119.1450
104.8073 118.9843
104.8111 118.8512
104.8662 118.8198
104.8162 119.0218
104.9579 118.9650
104.7992 118.7281
104.9380 118.9037
104.9405 118.7763
104.9364 118.8035
105.1064 118.9607
104.9639 118.8871
104.7919 118.9101
105.0040 118.8026
104.8449 118.8038
104.8636 118.9563
104.7783 119.0162
104.8636 118.6814
105.0049 118.9064
104.9439 118.8424
104.7657 118.9565
104.8456 118.8234
104.9120 118.7599
104.8582 118.9573
105.0568 118.9701
104.8967 118.8124
105.0155 119.1555
104.8264 118.8318
105.0068 118.8757
104.7997 118.8627
104.8873 118.8182
104.8694 118.8104
104.9515 118.8364
104.8071 118.8860
104.9240 118.9288
104.9258 118.9351
104.9579 118.8823
104.9425 118.9602
104.8572 118.8268
104.9909 118.7986
104.9263 118.9179
104.8079 118.7880
104.9028 118.8969
104.9270 118.8852
104.9721 118.7848
104.8781 118.8538
105.0171 118.8472
104.9565 119.0456
104.9542 118.9187
104.9748 118.8558
104.8744 118.7946
104.9860 118.7350
104.8274 118.8418
104.9632 118.8435
105.0067 118.9308
104.8649 118.9085
104.9513 118.9587
104.9288 118.8279
104.8653 118.7882
104.8848 118.9644
104.9337 118.8279
104.8182 118.9362
104.9768 118.8262
104.9493 118.8494
104.9334 118.9146
104.8681 118.7761
105.0206 119.0523
104.9580 118.9615
104.8928 119.0534
104.8816 118.8060
104.9595 118.8129
104.8102 118.8609
104.8463 118.8864
104.9618 118.9806
104.9054 118.7887
104.7565 118.8420
104.9298 118.9029
104.8018 118.9859
104.8554 118.8988
104.8832 118.7428
104.9865 118.8967
105.0207 118.9919
104.8568 118.9698
104.8546 118.7773
104.9617 118.9116
104.8289 118.9048
104.8561 118.8990
104.8400 118.8387
104.9356 118.9117
104.9272 118.8372
104.9068 118.9040
105.0123 118.8443
104.9973 119.1274
105.0305 119.0524
105.0227 118.8783
105.0228 118.9731
104.9623 118.9415
104.9368 118.8874
104.7960 119.0256
104.7192 118.9828
104.7513 119.0792
104.8883 118.8559
104.8718 118.8389
104.9236 118.8918
104.8488 118.9969
104.8544 118.8579
104.9915 118.7553
104.8534 119.0235
104.9547 118.9292
105.0171 118.8524
104.9587 118.9565
104.7705 118.9024
104.8273 118.9044
104.9415 118.8420
104.7591 118.9836
104.8106 118.9042
104.7425 118.9206
104.7826 118.8564
104.9311 118.8439
104.9015 118.8232
104.8023 118.9020
104.9461 118.8367
104.8607 118.9320
104.9485 118.9420
104.9165 118.8952
104.7855 118.9355
104.9628 118.7353
104.8514 118.8954
104.8779 118.9441
104.9191 118.8614
104.7404 118.8881
104.9262 118.8427
104.8122 118.8943
104.8833 118.8760
104.7516 118.9991
104.9505 118.8426
104.8376 118.8901
104.8984 118.7130
104.8511 119.1007
104.7509 118.8362
105.0056 118.8606
104.8225 118.9140
104.8681 118.9396
104.9080 118.9221
105.0118 118.8965
104.9602 119.0633
105.0402 118.7984
104.7849 118.9247
104.8227 118.8226
104.9432 118.9656
104.8735 118.9519
104.7829 119.0262
105.0184 118.8624
104.9651 118.9381
104.7820 118.7281
104.7426 118.9802
104.8633 118.8570
104.8601 118.9990
104.8334 119.1929
104.8996 118.7776
104.9836 118.8679
104.8248 118.9859
104.8798 118.7858
104.8828 119.0206
104.9577 118.8910
104.9509 118.9190
104.8752 118.8806
104.9320 118.9019
104.8389 118.8433
104.9465 119.0612
104.7943 118.7820
104.9971 118.9820
104.9544 118.9195
104.8739 119.0020
104.8605 118.9894
104.9935 119.0274
104.7893 118.8436
105.0483 118.9758
104.8977 118.9573
104.8793 119.0204
105.0092 119.0734
104.9177 118.9980
104.9617 118.9373
104.9812 118.8920
104.8637 118.9181
104.8636 119.0579
104.9789 118.8791
104.9735 118.8947
104.9298 118.9002
105.0615 118.9273
104.9940 118.8336
104.8430 118.8723
104.8200 119.0305
104.9318 118.7690
104.8930 119.0844
104.9257 118.9909
104.8066 118.8599
104.8542 118.8596
104.9436 118.9194
105.0263 118.9152
104.9989 118.9242
104.9766 118.8727
105.0626 118.9406
105.0132 118.9885
104.9617 118.9492
105.0183 118.9663
105.1810 118.9614
104.9216 118.8764
104.9220 118.8815
104.8302 118.9343
104.9328 118.9586
104.8526 118.9564
104.8791 118.9758
105.0460 118.8320
104.9463 118.8416
104.9080 118.8927
104.9957 119.0020
104.7821 118.9185
104.9298 118.9864
104.8381 119.0122
105.0445 118.9390
104.9144 118.8768
104.9618 118.8917
104.9589 118.8649
104.9183 118.9368
104.8856 118.8549
105.0726 119.0506
104.7051 119.1747
104.7156 119.2120
104.7923 119.1681
104.5090 119.0212
104.6116 118.9796
104.5534 118.9345
104.4542 118.9892
104.5654 118.8335
104.5242 118.8868
104.6800 119.2916
104.7947 119.0803
104.6700 118.9402
104.4975 118.8255
104.6724 118.9491
104.6641 119.0723
104.4605 118.9851
104.5269 118.7798
104.5638 118.9182
104.6227 118.9681
104.5747 118.8892
104.6537 118.8680
104.6058 118.8318
104.5961 118.8604
104.6144 118.9612
104.5898 118.9627
104.5952 119.0220
104.6484 118.9717
104.5969 118.9847
104.5445 118.9436
104.6256 118.9073
104.4841 118.9389
104.6423 118.8367
104.5542 118.8695
104.5701 118.9638
104.5223 119.0217
104.5421 118.8117
104.6969 118.8804
104.5543 118.8528
104.4372 118.8900
104.4616 119.0199
104.5909 118.9100
104.6796 118.9585
