37.2132 143.9853
37.0343 144.0973
37.1124 144.1618
37.1564 144.1152
37.1525 144.2225
37.0801 144.1946
37.1587 144.1207
37.1648 144.0593
37.1830 144.3535
37.1648 144.2670
37.1000 144.2980
37.3727 144.3550
37.2844 144.2565
37.3278 144.2520
37.0652 144.1336
37.2508 144.3040
37.2850 144.2315
37.2614 144.1811
37.0356 144.1626
37.2123 144.0771
37.1083 144.0748
37.1062 144.0738
37.2932 144.2436
37.0663 144.1502
37.4855 144.4068
37.0032 144.1996
37.3944 144.1853
37.0062 144.2229
37.1757 143.9851
37.0681 144.1679
37.1659 144.2253
37.2383 144.2029
37.3042 144.0134
37.1344 144.2307
37.1406 144.1574
37.2304 144.1491
37.3126 144.1601
37.1528 144.0837
37.2008 144.1917
37.2770 143.9543
37.1626 144.0073
37.1232 144.2338
37.1872 144.2666
37.1677 144.1662
37.0100 144.3473
37.3792 144.2365
37.2091 144.2202
37.0290 144.4576
37.0773 144.3599
37.1021 144.6487
37.0971 144.2203
37.2450 144.2519
37.1140 144.1658
37.0813 144.2241
37.0807 144.2483
37.2042 144.3069
37.1045 144.2232
37.1339 144.2406
37.1990 144.2691
37.1133 144.2209
37.1795 144.3327
37.1512 144.2756
37.1624 144.2103
37.1434 144.2479
37.0213 144.2100
37.1621 144.2184
37.1495 144.1860
37.1394 144.3024
37.2366 144.2680
37.2357 144.2718
37.2328 144.3073
37.2040 144.2630
37.2471 144.2027
37.1522 144.2975
37.0906 144.2259
37.0865 144.2002
37.2640 144.0722
37.6563 144.5638
37.4609 144.4130
37.6110 144.3371
37.5723 144.4730
37.6800 144.3080
37.7224 144.4435
37.6487 144.4016
37.5909 144.3702
37.4547 144.4616
37.4640 144.3063
37.7062 144.5183
37.4125 144.4163
37.4607 144.4615
37.6414 144.3712
37.5018 144.4517
37.1285 144.0339
37.4108 144.1385
37.1881 144.2533
37.3316 144.2016
37.3438 144.1256
37.2962 144.2112
37.2133 144.2011
37.1848 144.1392
37.4772 144.1040
37.2968 144.1536
37.3092 144.0942
37.0478 144.3549
37.2974 144.2754
37.2178 144.4820
36.9697 144.4009
37.0021 144.3815
37.2987 144.2403
37.8209 144.3158
37.3682 144.2491
37.4891 144.5673
37.4114 144.4138
37.6590 144.4105
37.6701 144.3102
37.5670 144.3983
37.7035 144.4065
37.6536 144.5149
37.5261 144.4005
37.5833 144.4096
37.6832 144.3430
37.6416 144.3243
37.6111 144.2436
37.7364 144.5221
37.6265 144.3847
37.7486 144.4666
37.4596 144.3431
37.5799 144.3574
37.7633 144.4454
37.6095 144.3181
37.7252 144.5614
37.5657 144.4340
37.5662 144.4457
37.4923 144.5235
37.6182 144.4568
37.5620 144.2602
37.4066 144.3402
37.5728 144.3847
37.5665 144.5583
37.4701 144.3638
37.6835 144.5336
37.4873 144.4402
37.4959 144.3669
37.6640 144.4179
37.8594 144.4393
37.4849 144.4056
37.5626 144.3302
37.5016 144.4543
37.7009 144.4123
37.7178 144.4005
37.7175 144.4319
37.6592 144.4302
37.5340 144.4428
37.5569 144.3706
37.4995 144.1906
37.5807 144.4052
37.4528 144.3421
37.4332 144.3694
37.5785 144.3932
37.6038 144.4048
37.5891 144.3675
37.6372 144.5394
37.3483 144.2876
37.5944 144.3938
37.6567 144.3004
37.5219 144.3984
37.5816 144.4462
37.2712 144.2073
37.3055 144.2039
37.2405 144.3174
37.2129 144.2612
37.1226 144.2212
37.3076 144.1877
37.2343 144.1883
37.2039 144.2603
37.2123 144.2889
37.2172 144.2111
37.2357 144.2225
37.2796 144.2411
37.2598 144.2222
37.1896 144.2993
37.3150 144.2542
37.3223 144.3833
37.2394 144.3679
37.2655 144.3591
37.2873 144.1316
37.1535 144.3619
37.2863 144.3512
37.2668 144.3053
37.3570 144.2737
37.3470 144.1948
37.1658 144.3587
37.1940 144.2347
37.2179 144.2862
37.2123 144.2849
37.4399 144.2940
37.1568 144.2102
37.2651 144.2450
37.2648 144.2574
37.2736 144.2218
37.2732 144.6123
37.2077 144.4147
37.3358 144.2067
37.1439 144.2991
37.1410 144.2386
37.3617 144.2954
37.3421 144.3452
37.2324 144.2540
37.4069 144.2990
37.3582 144.2869
37.1711 144.2525
37.5808 144.4639
37.6950 144.4529
37.6848 144.4671
37.6189 144.5973
37.7088 144.5099
37.5231 144.3769
37.7237 144.3644
37.6565 144.4668
37.6670 144.4655
37.6469 144.4468
37.5741 144.3558
37.6480 144.4256
37.2075 144.3112
37.1615 144.2691
37.3015 144.2303
37.2294 144.2365
37.5434 144.4316
37.6148 144.6022
37.6095 144.4684
37.5077 144.4781
37.6486 144.4734
37.6473 144.3476
37.7128 144.3283
37.6372 144.3550
37.4156 144.3187
37.5592 144.5724
37.6200 144.4801
37.6587 144.4036
37.6682 144.5424
37.6042 144.3945
37.5912 144.4782
37.6545 144.3915
37.5434 144.2919
37.4697 144.2986
37.3522 144.3991
37.4406 144.4808
37.7986 144.5051
37.7468 144.4699
37.6910 144.2127
37.7255 144.3227
37.8699 144.3859
37.4669 144.3882
37.6550 144.4948
37.6946 144.3624
37.4938 144.4754
37.7538 144.2017
37.1950 144.5969
37.5353 144.1602
37.5764 144.2086
37.6622 144.4981
37.6842 144.5082
37.6196 144.6541
37.4149 144.7809
37.6557 144.6489
37.5425 144.5781
37.5107 144.3307
37.3959 144.6707
37.3321 144.4139
37.2564 144.7351
37.5216 144.4112
37.2734 144.6316
37.2627 144.6540
37.3233 144.7054
37.3705 144.7016
37.3731 144.6162
37.3995 144.4169
37.4552 144.6149
37.4617 144.5008
37.2659 144.5289
37.3409 144.5969
37.4414 144.6635
37.3047 144.7430
37.2949 144.4914
37.4486 144.5815
37.4752 144.7155
37.2945 144.5431
37.3904 144.5503
37.4131 144.6008
37.1387 144.5584
37.2395 144.5046
37.3552 144.6390
37.2773 144.7494
37.4573 144.6456
37.3811 144.5963
37.3372 144.6039
37.3105 144.5659
37.2919 144.4927
37.2819 144.7086
37.2928 144.6459
37.3403 144.6031
37.4276 144.7367
37.3702 144.7703
37.2774 144.4911
37.4385 144.6062
37.4043 144.6469
37.4168 144.5679
37.3884 144.7029
37.2497 144.6899
37.2179 144.5733
37.4212 144.6591
37.3167 144.5217
37.1155 144.5713
37.5168 144.6428
37.3616 144.6278
37.3748 144.2595
37.3712 144.6310
37.3655 144.5903
37.4242 144.5719
37.3466 144.5987
37.2841 144.6198
37.3721 144.6185
37.3715 144.6224
37.3520 144.5955
37.2898 144.5906
37.3579 144.2212
37.2847 144.2838
37.3087 144.3106
37.3386 144.2473
37.6761 144.2312
37.3236 144.1566
37.1623 144.5357
37.5068 144.4986
37.1389 144.7818
37.4713 144.3825
37.0990 144.3413
37.4348 144.0044
37.0438 144.5560
37.3281 144.6922
37.5784 144.2927
37.3936 144.2685
37.4488 144.6371
37.6715 144.3729
37.6359 144.3529
37.6200 144.4925
37.7175 144.3733
37.5473 144.4816
37.6526 144.4449
37.6777 144.3221
37.4918 144.4054
37.5021 144.4460
37.5891 144.5458
37.6357 144.4675
37.6017 144.5448
37.8335 144.4262
37.1972 144.5386
37.5409 144.5271
37.4559 144.0089
37.5970 144.2632
37.6917 144.4086
37.3117 144.4293
37.4263 144.4037
37.2763 144.2668
37.2788 144.3262
37.2917 144.3645
37.3649 144.3276
37.1661 144.1257
37.6899 144.6480
37.7510 144.5932
37.6200 144.4011
37.6480 144.4482
37.6542 144.5725
37.6997 144.4696
37.7307 144.4631
37.6143 144.3858
37.7298 144.5392
37.6676 144.5714
37.6666 144.3816
37.6996 144.4946
37.6578 144.4029
37.7399 144.4287
37.5783 144.3863
37.5652 144.3488
37.7977 144.3754
37.5963 144.4734
37.6814 144.3724
37.6653 144.4427
37.4461 144.5857
37.5698 144.5882
37.7117 144.4536
37.6986 144.4529
37.6695 144.3154
37.5090 144.5066
37.7249 144.4100
37.6180 144.3835
37.6158 144.5069
37.6522 144.4843
37.5936 144.5425
37.5621 144.5133
37.5741 144.3059
37.5699 144.4742
37.7899 144.4020
37.5154 144.4386
37.6703 144.3969
37.6479 144.5280
37.6812 144.4327
37.5626 144.2921
37.6596 144.3660
37.7401 144.3453
37.6398 144.5130
37.3451 144.6016
37.5275 144.6041
37.2902 144.6745
37.4356 144.6491
37.4091 144.6154
37.2699 144.6201
37.3502 144.6571
37.3066 144.6581
37.4782 144.5765
37.3280 144.6589
37.4911 144.5741
37.2953 144.6227
37.5069 144.6010
37.3192 144.6763
37.4353 144.5377
37.3721 144.6283
37.3919 144.5772
37.2107 144.5574
37.3922 144.7175
37.2903 144.6904
37.3003 144.5889
37.2866 144.6600
37.2657 144.5395
37.2934 144.5496
37.4230 144.6590
37.3248 144.6185
37.3485 144.6618
37.3415 144.6828
37.4680 144.6202
37.4682 144.5048
37.6040 144.5209
37.2953 144.6139
37.2598 144.6546
37.4229 144.6280
37.4012 144.6738
37.2636 144.5844
37.3608 144.5851
37.2560 144.6729
37.1741 144.6120
37.3041 144.7151
37.4726 144.5147
37.3016 144.6567
37.2640 144.7699
37.3359 144.6666
37.3566 144.6331
37.3759 144.6846
37.2623 144.6276
37.4042 144.5216
37.4176 144.5536
37.2877 144.5622
37.3323 144.7542
37.2852 144.6646
37.2929 144.6005
37.3242 144.6561
37.3470 144.6245
37.3963 144.6063
37.5879 144.6654
37.3875 144.6452
37.4382 144.7217
37.2024 144.6637
37.3846 144.6611
37.4311 144.6148
37.3471 144.6613
37.4070 144.1627
37.4126 144.5784
