95.7451 129.6833
95.7259 129.6724
95.9007 129.7066
95.7057 129.8176
95.7133 129.7438
95.6798 129.6516
95.8300 130.0454
95.6812 129.8612
95.8331 129.7166
95.7072 129.7618
95.7304 129.8031
95.3783 130.1905
95.3945 130.3996
95.4469 129.8983
95.8478 129.8836
95.5535 129.9455
95.7641 129.7143
95.5801 129.9548
95.2936 130.0804
95.7118 129.8215
95.6956 129.8672
95.7244 129.7566
95.7289 129.7704
95.7724 129.7910
95.7975 129.8025
95.7950 129.8092
95.7719 129.8295
95.7141 129.7879
95.7689 129.7294
95.7401 129.8140
95.6568 129.7831
95.8659 129.8545
95.7261 129.7957
95.8171 129.8232
95.7964 129.8020
95.7880 129.7769
95.7569 129.8078
95.7566 129.7705
95.8360 129.7528
95.7547 129.7672
95.7784 129.8002
95.8223 129.7705
95.8024 129.7812
95.8135 129.8213
95.7627 129.7945
95.6261 130.0454
95.7403 130.1298
95.6989 130.1745
95.6864 130.2289
95.6769 130.1983
95.8280 130.0354
95.8192 130.0665
95.7841 130.0831
95.7396 130.1295
95.9269 130.2019
95.6450 130.0945
95.7711 130.1759
95.7509 130.0821
95.7587 130.0962
95.7902 130.1297
95.6640 130.0919
95.8415 129.7708
95.8611 129.6668
95.4995 129.8893
95.6708 129.7816
95.8685 129.6993
95.8386 129.7279
95.8602 129.7146
95.8641 130.0277
95.7951 130.0953
95.8498 130.0762
95.8350 130.1576
95.8496 130.1674
95.7288 130.0897
95.5043 129.9056
95.8378 129.7723
95.8245 129.9167
95.4514 130.0850
95.5650 130.0256
95.5669 129.8942
95.3912 129.9663
95.5477 129.8900
95.4559 130.0286
95.5428 129.9252
95.4716 129.9338
95.4974 129.8975
95.5173 129.9259
95.5069 129.9454
95.4878 129.9118
95.8774 130.3237
95.7331 130.1072
95.7130 130.0913
95.7800 130.0972
95.8535 130.2196
95.6988 130.0611
95.8490 130.1786
95.8274 130.0803
95.8606 130.0259
95.6597 130.2353
95.7350 130.1134
95.7857 130.1079
95.9089 130.1273
95.9094 130.0108
95.9566 130.0934
95.8801 130.0676
95.7348 130.1633
95.9117 130.1523
95.8498 130.1321
95.7625 130.1744
95.7522 130.2630
95.8627 129.9738
95.6855 130.1762
95.4978 130.1483
95.7345 130.0623
95.8097 130.0129
95.8055 130.1153
96.0207 130.1254
95.8222 130.1097
95.7586 130.1846
95.7382 130.1771
95.6350 130.1280
95.7204 130.0652
95.8085 130.2755
95.6941 130.2975
95.8712 130.1317
95.9752 130.1258
95.7738 130.0916
95.6150 130.1357
95.8309 130.0078
95.8729 130.2134
95.8007 130.1247
96.1198 130.2261
95.8975 130.0026
95.7596 130.2394
95.6541 130.0956
95.7299 130.0782
95.6810 130.0189
95.7896 130.2809
95.8205 130.1399
95.6030 130.1646
95.8018 130.2055
95.7466 130.1104
95.6015 130.1460
95.9041 130.1199
95.7876 130.0600
95.7663 130.0595
95.6975 130.0469
95.6819 130.2542
95.8298 130.0663
95.8694 130.3276
95.7885 130.2583
95.8066 130.1165
95.6580 130.1290
95.6898 130.1506
95.7604 130.0675
95.6511 130.4713
95.6986 130.1255
95.6217 130.3265
95.7947 130.0316
95.9290 130.2099
95.8984 130.1861
95.8462 130.0408
95.6611 129.9888
95.7619 130.1655
95.5225 130.0910
95.8522 130.0060
95.8479 130.0203
96.0649 130.1049
95.8898 130.0376
95.8216 130.1123
95.8234 130.1279
95.8261 130.0990
95.7826 130.1714
95.8211 130.1899
96.0239 130.0862
95.9260 129.9702
95.8583 130.1550
95.7639 130.0632
95.8602 130.1048
95.8052 130.1122
95.8045 130.0762
95.8517 130.1310
95.8521 130.1288
95.8372 130.0984
95.8253 130.1092
95.7952 130.1212
95.8102 130.1331
95.7907 130.1087
95.8496 130.1706
95.8380 129.7550
95.8456 129.8468
95.8396 129.8172
95.7958 129.8044
95.8761 129.8960
95.8767 129.7794
95.8782 129.8314
95.8580 129.8389
95.9199 129.7925
95.9115 129.7853
95.8170 129.8363
95.7427 129.9493
95.8514 129.7319
95.8091 129.8057
95.8502 129.8670
95.8016 130.2727
95.7893 130.3013
95.4997 129.8520
95.6152 129.8853
95.3824 130.1094
95.6230 129.7938
95.6250 129.8609
95.7101 129.8740
95.5377 130.0049
95.2770 129.9934
95.5046 129.8773
95.4905 129.8468
95.6854 129.7326
95.7151 129.8313
95.4842 129.9024
95.5741 129.8581
95.7047 129.8148
95.5370 129.7300
95.6184 129.8764
95.6523 129.6430
95.7881 129.8496
95.8662 129.8501
95.8621 129.7858
95.8536 129.8512
95.8796 129.8343
95.8002 129.7832
95.8181 129.8286
95.7948 129.8453
95.9192 129.8455
95.7940 129.8304
95.7892 129.7939
95.7852 129.7626
95.8448 129.8595
95.8660 129.9194
95.8712 129.8021
95.8371 129.7812
95.8133 129.8031
95.7836 129.8246
95.8236 129.8246
95.8538 129.8376
95.8581 129.7842
95.8456 129.8793
95.8484 129.8835
95.8488 129.7934
95.8644 129.8088
95.7794 129.8069
95.7813 129.8303
95.7987 129.7881
95.8847 129.7219
95.9282 129.8521
95.8116 129.8419
95.8995 129.7806
95.8050 129.8325
95.9138 129.8540
95.8730 129.8225
95.8142 129.7670
95.7941 129.7979
95.9270 129.8087
95.8558 129.8244
95.8665 129.7278
95.8522 129.8695
95.8732 129.7902
95.8575 129.7910
95.7755 129.7512
95.8199 129.8003
95.8697 129.7790
95.8484 129.8276
95.8294 129.7453
95.8440 129.8105
95.8081 129.7653
95.7812 129.7891
95.8683 129.8882
95.9296 129.7845
95.9436 129.8700
95.8377 129.9081
95.8770 129.7780
95.8728 129.7805
95.8605 129.8170
95.8242 129.8126
95.8870 129.8592
95.8970 129.8200
95.9150 129.7685
95.8268 129.8586
95.7664 129.8671
95.7940 129.8633
95.7802 129.8136
95.9361 129.8052
95.8389 129.8475
95.9201 129.5797
95.9606 129.9347
95.8934 129.9375
95.8172 129.8233
95.8849 129.9017
95.8122 129.9608
95.7689 129.8999
95.8402 129.8882
95.6827 129.8097
95.8593 129.8044
95.9021 129.8393
95.9187 129.9916
95.9282 129.8364
95.9947 129.7975
95.7385 129.8518
95.8119 130.1021
95.7710 129.8285
95.8780 129.8699
95.8781 129.8865
96.0115 129.6924
95.9246 129.7962
95.8514 129.9030
95.9046 129.7429
95.9358 129.9258
95.8927 129.8607
95.8181 129.9546
95.8928 129.8906
95.9312 129.8488
95.9023 129.8622
95.9466 129.8774
95.8691 129.9293
95.9213 129.7808
95.7990 129.9294
95.8380 129.9706
95.8840 129.8940
95.8679 129.8425
95.8351 129.8456
95.8343 129.9341
95.8038 129.7871
95.9252 129.8634
