3.8804 172.7759
3.9087 172.9353
3.8765 172.8548
4.3216 173.2740
4.0520 172.8144
4.2182 172.8632
4.1395 172.8115
4.1723 172.8795
3.9526 172.8643
4.1604 172.9640
3.9812 172.8169
4.1519 172.6617
4.0436 172.8945
4.1197 173.0426
3.8477 172.9821
4.1307 172.7487
4.0625 173.1237
4.0951 172.9530
4.0849 173.1654
4.0360 172.7616
3.7684 172.7987
4.3890 172.8897
3.9981 173.2183
3.9929 173.1268
4.0067 173.0033
3.9704 172.6895
4.2044 173.0115
4.3272 172.8685
4.1128 172.7781
3.7798 172.7315
3.8579 172.9648
4.0051 173.0676
3.8759 173.1103
4.0922 173.0104
3.9193 172.8806
4.0507 172.8640
4.0650 173.0135
4.0726 172.8757
4.0148 173.0094
3.8785 173.1879
4.1049 172.9567
4.0253 172.8919
3.9395 172.7872
4.0013 172.9157
3.8585 172.9685
3.9456 172.9361
3.9804 172.9626
4.0222 172.8371
4.0323 172.8613
3.9791 173.0061
3.9058 172.8304
3.9577 172.7994
4.1216 172.9419
3.9158 173.0511
3.9494 173.0825
4.0239 173.0251
4.1959 172.6893
3.9844 173.3440
4.2587 173.0610
4.0154 173.0966
4.2458 172.9443
3.9740 172.8536
3.9342 172.8612
4.0424 173.1490
4.1010 172.7809
3.9996 172.6753
3.9529 172.7524
4.1121 172.8337
4.0590 172.9108
4.2809 172.9040
3.9669 172.7951
4.0561 172.9374
4.0695 172.8221
4.0650 172.8440
4.0362 172.9578
3.9702 172.8605
4.0150 172.8958
3.9516 172.8380
4.0529 172.9852
3.9462 172.7585
4.2057 172.8497
4.0230 172.8359
4.0393 172.9881
4.0398 172.8628
4.2975 172.9115
4.0891 172.8218
3.8496 173.1075
4.0459 173.0648
4.1699 172.9885
3.9775 172.8447
3.9896 172.8606
3.7761 172.8425
3.8726 172.9085
4.0212 172.9874
4.2173 172.8995
4.0750 173.0045
4.0770 172.9287
4.0265 172.7989
3.8916 172.8970
4.0001 172.7903
3.9787 172.9200
4.0240 172.8529
4.1020 172.8058
4.2841 172.5958
4.3028 172.8418
4.3837 173.2061
4.3679 173.0546
4.3641 173.0522
4.3019 173.0517
4.2362 173.2375
4.3496 172.7543
4.3007 172.6979
4.6572 172.7289
4.2836 172.9194
4.3181 172.5320
4.2683 172.6208
4.5025 172.5795
4.5671 172.7382
4.5189 172.6345
4.2579 172.6710
4.2902 172.5582
4.3430 172.7067
4.4297 172.5981
4.3075 172.9022
4.4678 172.7028
4.3364 172.6259
4.4215 172.6572
4.4449 172.6947
4.1114 172.7990
4.3966 172.6127
4.4786 172.7355
4.1475 172.6102
4.3974 172.7194
4.5268 172.7063
4.5120 172.6153
4.4538 172.6142
4.4239 172.7453
4.3607 172.6881
4.4735 172.8980
4.4116 173.0294
4.3838 172.7461
4.3957 172.7210
4.3149 172.7554
4.3011 172.6973
4.3409 172.6809
4.3211 172.6896
4.3435 172.7362
4.2804 173.1832
4.4468 173.1191
4.2542 173.1398
4.3718 172.9770
4.4458 172.9398
4.4761 172.7117
4.0444 172.8861
4.1013 172.8896
4.0964 172.9120
4.1579 172.9418
4.1444 172.9451
4.1135 173.2317
4.3055 172.8619
4.4016 172.8207
4.4181 172.7843
4.4073 172.7404
4.3903 172.7897
4.4444 172.7883
4.2618 172.9173
4.6207 173.1599
4.4783 173.1437
4.4191 173.2225
3.9918 172.8837
4.0059 172.8836
4.1831 172.9402
3.9856 172.7995
4.2786 173.2661
4.3939 173.0521
4.5337 173.0227
4.4804 173.0782
4.3800 173.1782
4.3802 173.0637
4.2424 173.0179
4.4727 172.9884
4.3178 173.0326
4.2864 173.0459
4.3039 173.0909
4.5256 173.0282
4.3947 173.1534
4.4732 173.1406
4.4870 173.0200
4.5333 173.1077
4.2646 173.1684
4.4629 173.1463
4.4389 173.0261
4.3985 173.0334
4.3525 173.0496
4.4317 173.0363
4.2835 172.9469
4.4251 173.1200
4.4299 173.1938
4.4123 173.1330
4.4974 173.0079
4.4906 173.1544
4.3519 172.9648
4.4360 173.0173
4.3952 173.2186
4.5412 173.0040
4.2219 172.9895
4.5514 173.0476
4.4115 173.2190
4.5240 172.9706
4.5435 173.1195
4.4431 173.0663
4.2667 173.2397
4.3067 173.0389
4.3174 173.2910
4.4004 173.1536
4.4460 173.1372
4.4650 173.0839
4.4425 173.1363
4.3640 172.9613
4.4035 172.9321
4.3233 173.1722
4.1066 173.3286
4.2526 173.0977
4.3982 173.2445
4.0119 173.1703
4.4186 172.7749
4.4741 173.1228
4.2798 173.1049
4.5104 173.1924
4.2147 173.1526
4.2774 172.9096
4.2797 172.8414
4.2219 173.0394
4.3315 173.1392
4.5025 173.2407
4.2994 173.2511
4.4913 173.2405
4.4173 172.9991
4.0511 173.0736
4.3871 172.8465
4.4728 173.1725
4.1405 172.9308
4.4035 173.1725
4.4296 173.0786
4.4345 173.1084
4.3513 173.0141
4.3964 173.1870
4.4184 173.0689
4.4547 173.1446
4.3779 173.1463
4.4817 173.0317
4.5419 173.1578
4.3519 172.9658
4.4129 173.1069
4.4274 173.1815
4.5125 173.0773
4.5235 173.0517
4.4892 173.2232
4.4385 172.7412
4.4475 172.8216
4.3716 172.7849
4.4240 172.8227
4.3968 172.8394
4.3922 172.7934
4.4063 172.6973
4.4488 172.8917
4.4430 172.8459
4.4546 172.8776
4.4219 172.7719
4.4581 172.8927
4.3355 172.8017
4.6015 172.8889
4.4661 172.8449
4.3575 172.4949
4.5211 172.9992
4.3815 172.7293
4.4394 172.7722
4.2265 172.7404
4.3833 172.8705
4.4368 172.9855
4.3900 172.9317
4.4853 172.9601
4.4591 172.9305
4.5221 173.0289
4.3822 172.9413
4.4507 172.8576
4.4719 172.9286
4.3693 172.9978
4.3923 172.9565
4.5044 172.9355
4.4767 173.0021
4.4535 172.9239
4.5035 173.0210
4.4057 173.0186
4.4147 173.0263
4.4603 172.9195
4.4114 172.9804
4.5142 172.9798
4.3712 172.9860
4.1972 173.1389
4.5315 173.0006
4.4493 172.9378
4.3705 173.0740
4.4400 173.0823
4.5093 173.1650
4.4717 173.0966
4.3309 173.0969
4.2766 172.9883
4.3984 173.2227
4.1464 173.0758
4.3929 172.9988
4.3617 173.1336
4.3459 173.3391
4.3531 173.1556
4.4659 173.0797
4.2217 173.0912
4.2494 173.1831
4.4106 173.0694
4.4219 172.9660
4.4460 173.1155
4.5150 173.1431
4.5703 173.1582
4.4212 173.0603
4.4153 173.1318
4.3523 173.0194
4.3698 173.0867
4.5922 173.1852
4.3405 173.2054
4.4404 173.0685
4.4404 173.2963
4.5770 173.2209
4.5167 173.2232
4.4413 173.2048
4.4881 173.1355
4.3304 172.9667
4.4449 173.1177
4.4266 173.0938
4.0317 172.9285
4.1672 173.0449
4.2133 172.7344
4.0978 173.2533
4.1720 173.0201
4.0760 172.9203
4.2010 172.9717
4.1260 172.9779
4.0939 172.9250
4.1431 173.0130
4.1177 172.9726
4.0572 172.8410
4.0308 172.9893
4.1906 172.9799
4.0574 172.9894
4.0822 172.9361
4.1140 172.9447
4.0669 173.0133
4.0641 172.9037
4.0859 173.0030
