147.8426 73.3667
147.9872 73.6855
148.5122 73.4413
148.3039 73.6164
148.3420 73.6790
148.2520 73.5195
148.2937 73.1586
148.3032 73.4614
148.2200 73.1357
148.0072 73.2897
148.3902 73.5872
148.3736 73.5784
148.1122 73.4703
148.0131 73.5599
147.9536 73.5262
147.9500 73.4195
147.9795 73.1781
148.3260 73.6531
148.3849 73.5064
148.1924 73.5286
148.2714 73.3906
148.0023 73.4138
148.3526 73.2656
147.9171 73.1441
148.2278 73.3178
148.1079 73.2717
148.0387 73.3801
148.0078 73.4522
147.8092 73.6310
148.4411 73.4622
148.0705 73.3363
148.1706 73.5074
148.2070 73.4835
147.6883 73.4177
148.2088 73.4242
147.9631 73.4176
148.3432 73.5309
148.2930 73.3942
148.0864 73.2528
147.8949 73.5151
148.1888 73.6727
148.1629 73.4220
148.0085 73.5832
148.0295 73.4383
148.0399 73.2983
148.3250 73.2054
148.0997 73.6918
148.1346 73.3182
148.1014 73.6802
148.2082 73.2326
148.0262 73.5113
148.2474 73.6145
147.9023 73.5138
148.2065 73.1364
148.2517 73.1802
148.2516 73.4102
147.7756 73.2943
148.3119 73.4334
148.0205 73.4659
147.7626 73.4325
148.0550 73.1888
148.1655 73.6633
148.0728 73.4002
148.2685 73.7326
148.0852 73.1288
148.0116 73.5353
147.9829 73.7216
148.2507 73.5079
148.5252 73.2498
148.2916 73.3351
148.2201 73.5590
147.9550 73.3462
148.4356 73.3444
148.1126 73.5022
148.0275 73.0938
148.3372 73.5779
148.1852 73.3467
148.0919 73.1814
148.1428 73.3441
148.2155 73.6138
148.2984 73.4785
148.0585 73.2927
148.0456 73.4022
147.8533 73.2978
148.0651 73.2688
148.0188 73.3192
148.1720 73.2916
148.1650 73.1581
148.1367 73.1383
148.0117 73.2824
148.1517 73.4630
148.0517 73.3240
148.0668 73.3081
147.9711 73.4207
147.9962 73.4458
148.0803 73.3947
148.4441 73.3322
147.9535 73.3655
148.2174 73.4547
147.8250 73.2442
148.1250 73.5469
148.1749 73.5556
148.3118 73.5329
148.1328 73.7025
148.2985 73.4990
148.0588 73.5161
148.0154 73.3115
148.2199 73.3094
148.1678 73.4216
147.9931 73.5021
148.1780 73.4563
148.4077 73.4989
148.1370 73.7265
148.2218 73.7193
147.6428 73.4005
147.8127 73.6311
147.7651 73.4536
147.7405 73.6059
147.7079 73.3904
147.8027 73.6423
147.6990 73.4236
147.7657 73.5240
147.8496 72.9233
147.9772 73.2901
147.7813 73.4004
147.8289 73.6182
147.8641 73.5412
147.6459 73.3468
147.9934 73.3780
147.6832 73.5865
147.8262 73.3182
147.8264 73.2740
147.6178 73.3675
147.6608 73.4242
147.8024 73.5149
148.3280 73.3506
147.8014 73.5309
147.9440 73.4844
147.6527 73.4091
147.9449 73.5959
147.7211 73.6064
147.8734 73.3726
147.7881 73.5384
147.9093 73.2662
147.6926 73.3786
147.7359 73.5130
147.8843 73.5256
147.8151 73.5432
147.8435 73.3014
147.8781 73.4901
147.7811 73.5007
147.7013 73.4789
147.7596 73.4500
147.7867 73.4871
148.1863 73.1406
148.1770 73.2570
148.0087 73.4102
148.3611 73.4849
148.2120 73.3337
148.2034 73.3915
148.0787 73.1990
148.2225 73.3090
148.0960 73.3354
148.0451 73.4568
148.1146 73.3875
148.0322 73.3470
148.1011 73.4618
148.1350 73.3706
148.0947 73.4435
147.9777 73.3556
148.2409 73.2490
148.1719 73.3888
148.2055 73.3431
148.1387 73.4577
147.9691 73.2816
148.2017 73.4625
148.1673 73.1477
148.2238 73.3009
148.2394 73.4033
147.8753 73.3430
148.0069 73.4478
147.9954 73.4159
147.8271 73.4016
147.7688 73.5287
148.0076 73.1455
147.8492 73.3391
147.7330 73.2569
147.8772 73.5145
147.8894 73.4805
147.7796 73.3617
147.9098 73.2202
147.9384 73.3525
147.7723 73.4928
147.7396 73.2957
147.7355 73.4201
147.8205 73.3290
147.8952 73.3348
147.9106 73.4199
147.6642 73.5180
147.7840 73.3546
147.7757 73.4134
147.7507 73.4437
147.9845 73.3823
147.8536 73.4703
147.7805 73.4665
147.8291 73.5418
147.7206 73.4864
147.8886 73.5337
147.7985 73.4949
147.8476 73.4079
147.6660 73.2767
147.9159 73.4700
147.8768 73.4310
147.8225 73.2579
147.8532 73.5104
147.7716 73.4307
147.8106 73.2846
148.0196 73.3121
147.7561 73.5766
147.7093 73.3625
147.9513 73.3955
147.9213 73.3964
147.9061 73.4054
147.8023 73.3850
147.8110 73.3385
147.8848 73.3445
147.6558 73.4705
147.7761 73.4564
147.7798 73.4754
148.1920 72.9871
148.2203 73.1392
147.8540 73.0277
148.0356 72.9440
148.0290 73.1575
148.1759 73.0424
148.0982 73.0300
148.1152 73.1977
148.0853 73.1402
148.0504 73.1084
148.0116 73.0473
148.0030 72.9824
148.1650 72.9675
148.0739 73.0092
147.8414 73.1782
148.0226 73.0036
147.8968 73.0585
148.1760 73.1422
148.1442 72.9179
148.0592 73.2027
148.2881 73.0999
147.9027 72.9996
148.0170 72.9648
148.1371 73.1133
147.9013 73.0318
147.8915 72.8819
148.0174 73.0848
147.9618 73.1424
148.0063 73.1690
147.9430 73.1249
147.9369 73.1089
147.9475 73.1546
147.8917 73.1299
147.9990 73.1608
147.9439 73.1299
147.9545 73.1716
147.9920 73.1413
147.8964 73.1243
147.9654 73.0826
147.9387 73.0787
148.1904 73.4844
148.2507 73.3516
148.2127 73.3629
148.3424 73.4519
148.2193 73.4419
148.2328 73.4563
148.3053 73.1549
148.2778 73.2812
148.3132 73.3230
148.2018 73.4123
148.2578 73.2042
148.4312 73.2823
148.3083 73.3579
148.1112 73.5352
148.2594 73.2493
148.1905 73.1472
148.3273 73.3874
148.1386 73.5476
148.4862 73.3826
148.0518 73.2225
148.2889 73.3153
148.2366 73.5284
148.3692 73.2399
148.4333 73.2844
148.0668 73.3818
148.1142 73.5360
148.2931 73.3719
148.3192 73.3583
148.3059 73.3278
148.1902 73.4125
148.2848 73.4134
148.3259 73.4289
148.3149 73.4311
148.1209 73.2819
148.0951 73.1193
148.0497 73.2839
148.1263 73.2292
148.2649 73.4188
148.2681 73.2766
148.1934 73.2647
147.8605 73.1232
147.8138 73.3978
147.9552 73.4598
147.8405 73.4230
147.9284 73.3813
147.8397 73.4696
147.9040 73.4045
147.7704 73.3900
148.0254 73.4701
147.9593 73.5424
147.9083 73.5038
147.8251 73.2652
147.8958 73.3660
147.9094 73.5018
147.9157 73.4592
147.9691 73.6317
148.0088 73.3045
147.8340 73.4151
147.8037 73.3210
147.6695 73.4616
147.9208 73.1383
147.9552 73.4695
147.8004 73.3234
147.8423 73.4660
147.7816 73.3397
147.8926 73.3716
147.8084 73.3918
147.8169 73.4970
147.8609 73.2778
147.8158 73.5295
147.8328 73.1983
147.9985 73.2431
148.1457 73.5247
147.6252 73.2833
147.8836 73.3787
147.8853 73.2235
147.8294 73.5709
147.6541 73.3881
147.8178 73.3187
147.7466 73.1428
147.7796 73.3521
147.8488 73.2557
147.8537 73.2437
147.8187 73.4083
147.9822 73.3419
147.7395 73.1913
147.8815 73.2429
147.7934 73.3736
147.8468 73.3218
148.0390 73.4882
148.0423 73.4605
148.0510 73.3739
148.0423 73.4258
147.7900 73.3488
147.9714 73.2336
147.7824 73.4007
147.7207 73.4363
147.8287 73.2609
147.9589 73.3440
147.8974 73.3332
147.7618 73.4222
147.8014 73.3132
147.9667 73.3305
147.8757 73.3834
147.8166 73.4587
148.2925 73.3950
148.0394 73.3611
148.0781 73.4983
148.0518 73.4124
148.0398 73.4469
148.3511 73.5959
148.0766 73.3363
148.1140 73.2908
148.1189 73.4401
148.2847 73.4261
148.0634 73.5170
148.0810 73.3820
148.0921 73.4773
148.2686 73.3766
148.0442 73.5387
148.3010 73.3681
148.1710 73.4583
148.2313 73.4157
148.0364 73.5016
148.1025 73.3246
148.1974 73.6156
148.1069 73.2888
148.2141 73.0785
147.7859 72.9533
148.1270 73.0393
147.9441 73.1606
148.1953 73.0816
148.3173 73.0438
148.0341 73.1249
148.1294 73.0729
147.9994 73.0716
148.1740 73.1681
148.0871 73.0957
147.9766 72.9840
148.1556 73.0407
148.2271 73.0364
147.8450 73.0254
147.9818 72.9346
147.9728 72.9773
148.0928 73.0745
147.9839 73.1930
148.0744 72.9186
148.0675 73.2444
147.9303 73.0052
148.1218 73.1099
147.9595 72.9826
148.0991 73.2882
148.0538 72.9104
148.1993 73.0983
147.9975 73.0731
148.1398 72.9185
147.9823 73.0910
148.0431 73.1641
147.9508 73.2204
148.1767 73.2237
148.2189 73.1002
148.0009 73.1929
148.1180 73.1497
147.9514 73.0840
148.1514 72.9693
147.9531 73.0261
148.1001 73.1585
148.0390 73.1494
148.0503 73.2308
148.0741 72.9785
148.0015 73.1802
148.3226 72.9869
148.0016 73.3323
148.0069 72.9561
148.1021 73.1528
148.0262 72.9404
148.0429 73.2308
148.1236 73.2600
147.9378 73.2427
148.0002 73.0591
148.1217 73.0639
148.3845 72.9610
148.0670 73.2953
148.0379 73.0953
148.0104 73.1483
148.0511 73.2194
148.1391 72.9981
148.0159 73.0626
147.9694 73.1545
148.1602 73.1055
148.2101 73.0330
148.0619 73.0711
148.0822 73.0435
148.1913 73.0752
148.0171 73.0153
148.0901 73.0803
148.1586 73.1753
147.9737 73.0905
147.7529 73.3533
148.0777 73.1174
148.1630 72.9483
148.2030 73.2317
147.9908 73.2555
147.8931 73.0349
147.9687 73.1644
148.0367 73.4375
148.0567 73.1569
148.0973 72.9963
148.1545 73.0576
148.1174 73.0666
148.2154 73.1034
147.9982 73.1220
148.0248 73.0995
147.9641 73.2488
147.9076 73.5568
147.8339 73.5688
147.9310 73.3790
147.9250 73.4759
147.8758 73.4411
147.8146 73.4650
147.7943 73.5527
147.7509 73.4583
147.7768 73.4963
147.6578 73.3899
148.1380 72.9809
148.0699 72.9646
147.9678 72.9717
148.1190 73.1416
148.1389 72.8118
148.1149 73.0483
147.8566 73.0407
148.1840 72.9339
148.0475 73.0588
148.0725 73.2017
147.9964 72.9985
147.9420 73.2452
148.1008 73.0862
148.1167 73.0538
148.0738 73.0228
147.9146 73.2980
148.1525 73.1083
148.0720 73.0022
148.0394 73.0021
148.0130 72.9322
148.0087 73.1733
148.0410 72.9567
148.0858 73.0631
148.1517 73.0577
148.2092 73.2146
148.1756 73.1725
147.9819 73.0791
148.0490 72.8751
148.0389 72.8710
148.0313 73.1752
148.2781 73.0307
148.2488 73.1699
148.3347 73.0514
148.2253 73.0458
148.0105 73.0511
148.0670 73.1926
148.1097 73.0772
147.7763 73.1046
147.9848 73.0780
148.0768 73.0740
148.0645 73.0955
147.9530 72.8752
147.9231 72.9785
148.2157 72.9352
148.0231 73.0933
147.9735 73.0299
148.1285 73.0357
147.8642 73.1518
148.2141 73.0078
147.9309 72.9484
148.2026 72.9587
148.1456 73.2575
148.2952 72.8489
148.2173 72.9808
148.3402 73.0248
148.2039 72.9319
147.9418 73.0416
148.1390 73.1267
148.0334 73.0121
147.9595 72.9587
147.8809 73.0952
148.0977 73.1315
148.2522 72.8608
147.9974 73.1748
147.8653 73.0872
147.9171 73.1838
148.0519 73.0302
148.1487 72.8659
148.0725 73.0572
148.0782 73.1319
148.1538 72.9682
147.9715 73.1169
147.9252 73.2016
147.9006 73.1342
147.9538 73.0370
148.0427 73.1254
147.9202 73.1106
147.9629 73.1408
147.9835 73.1094
147.9135 73.1048
148.0214 73.0678
148.0095 73.1138
147.9947 73.1159
148.0581 73.0968
147.9905 73.1019
147.9957 73.1426
148.0791 73.2037
147.9943 73.0985
147.9687 73.1286
148.0423 72.9845
148.2827 73.1399
148.2509 73.2337
148.2891 72.8776
148.0105 73.0013
148.2870 73.1361
148.0608 73.3582
148.1719 73.0156
148.2320 72.9848
148.1148 73.1201
148.0488 73.1601
148.0583 73.0562
148.1826 73.0628
148.1033 73.0913
147.8995 73.4179
147.8413 73.4390
147.9560 73.3110
147.8415 73.4723
147.9244 73.3862
147.9350 73.4168
147.8891 73.4140
147.8642 73.4582
147.8232 73.3965
148.0636 73.2063
