89.7544 97.2388
90.0183 97.4461
89.9414 97.2325
89.9506 97.5519
90.1058 97.3315
90.0234 97.3825
90.2792 97.4174
90.3849 97.5722
90.2831 97.5396
90.2683 97.2223
90.0418 97.2105
90.0101 97.2509
89.9830 97.3976
90.0807 97.3455
90.0835 97.3684
90.0570 97.3031
89.9760 97.3121
90.0506 97.3127
90.1424 97.9061
90.3546 97.8765
90.1613 97.2247
90.2852 97.4209
90.4049 97.5369
90.3415 97.5239
90.3580 97.4402
90.3804 97.5374
90.4384 97.5572
90.1912 97.4466
90.2906 97.6793
90.3631 97.4913
90.4032 97.5532
90.3434 97.5599
90.1804 97.6136
90.3802 97.5677
90.1336 97.4685
90.2202 97.3562
90.3031 97.5154
90.3757 97.6737
90.3333 97.4162
90.3373 97.7121
90.3030 97.5740
90.3989 97.4860
90.3547 97.6611
90.2664 97.6055
90.2050 97.5519
90.2045 97.5032
90.2864 97.4510
90.4133 97.4795
90.2043 97.4421
90.2252 97.5337
90.2046 97.3605
90.2027 97.3579
90.1582 97.3893
90.1334 97.4387
90.1470 97.3764
90.1388 97.3828
90.2479 97.4636
90.2530 97.3829
90.2132 97.3491
90.1926 97.3465
90.1947 97.4829
90.1057 97.4252
90.0680 97.4303
90.1826 97.3504
90.1336 97.3065
90.1056 97.2797
90.1894 97.3014
90.1008 97.4222
90.1481 97.2400
90.0646 97.2903
90.0534 97.4006
89.9924 97.3301
90.0173 97.2664
90.0531 97.3245
90.1291 97.2704
89.9913 97.8292
90.0387 97.9100
90.0803 97.8899
89.9948 97.8750
89.7147 97.5153
90.1066 97.9318
89.9712 97.8764
90.0283 97.8376
89.9222 97.8930
90.1956 97.9141
90.1045 97.8925
90.0457 97.9170
90.1870 97.8194
90.1128 97.7068
90.1419 97.8555
90.1247 97.9139
89.9355 97.8993
90.0850 97.8699
90.1140 97.9439
90.2108 97.9073
90.1384 97.8424
90.0784 97.9385
89.9648 97.8772
90.0430 97.8644
89.9853 97.8338
90.0874 97.9286
90.1467 97.8915
89.9578 97.4667
90.1326 97.4267
90.0607 97.3631
90.1814 97.3109
90.0041 97.4166
90.0527 97.1450
90.0124 97.2507
90.1468 97.2397
90.0787 97.3207
90.1891 97.2206
90.0226 97.2855
90.1670 97.4022
90.0755 97.3742
90.1957 97.1845
90.2290 97.3606
90.1618 97.3340
89.9818 97.4382
90.1950 97.3461
90.1923 97.5040
90.0921 97.6496
90.0836 97.5952
90.0528 97.5698
90.0587 97.6015
90.1077 97.6599
90.1531 97.6980
90.1231 97.6038
90.1566 97.6831
90.2101 97.5435
90.2611 97.7110
90.0767 97.6072
90.1044 97.5667
90.0810 97.6609
90.2034 97.6439
90.0504 97.6614
90.1459 97.5391
90.1236 97.4443
90.1250 97.3415
90.1292 97.3400
90.4667 97.4450
90.1663 97.3804
90.2398 97.3454
90.1951 97.3596
90.2267 97.3902
90.1952 97.4556
90.1300 97.5486
90.1699 97.5471
90.1301 97.5528
90.1353 97.5239
90.1981 97.6142
90.0584 97.5860
90.1251 97.5643
90.1701 97.5814
90.1059 97.5363
90.1308 97.5546
90.1669 97.5754
90.1726 97.5647
90.1351 97.5874
90.1231 97.5499
90.2709 97.3021
90.3195 97.3237
90.1925 97.3779
90.1770 97.2717
90.1491 97.5220
90.1957 97.5080
90.0957 97.5328
90.1435 97.5826
90.1409 97.5987
90.1287 97.5559
90.0854 97.5160
90.1327 97.5536
90.1292 97.5202
90.1358 97.5925
90.1110 97.5085
90.1766 97.5479
90.1137 97.5310
90.0875 97.5135
90.0466 97.7953
89.9862 97.8980
89.9944 97.8636
90.0987 97.9451
90.0429 97.8641
90.0583 97.8210
89.9364 97.8852
90.1115 97.9165
89.9019 97.8427
90.0019 97.9078
90.0157 97.9011
89.9505 97.8849
90.4088 97.5526
90.3830 97.4441
90.2919 97.5100
90.4211 97.6022
90.3067 97.4854
90.4706 97.5838
90.3370 97.5057
90.3498 97.4584
90.4220 97.5386
90.4076 97.5002
90.2972 97.6189
90.2882 97.4437
90.2494 97.5143
90.3357 97.6297
90.4531 97.4484
90.3582 97.5672
90.3950 97.5221
90.3310 97.4251
90.3933 97.6266
90.4297 97.5586
90.4537 97.5416
90.3969 97.3717
90.3609 97.5528
90.3383 97.6446
90.3435 97.3650
90.1766 97.5813
90.3709 97.5055
90.3510 97.5891
90.2740 97.5646
90.3419 97.4959
90.2054 97.5987
90.5203 97.5823
90.2526 97.5922
90.5116 97.4985
90.5002 97.5141
90.0409 97.4843
90.4126 97.6172
90.2225 97.4255
90.0745 97.9427
89.8646 97.8212
90.0860 97.2117
90.4103 97.5536
90.2337 97.4484
90.3347 97.4629
90.3313 97.5472
90.2985 97.2281
90.0676 97.3573
90.2592 97.6629
89.9422 97.8165
89.9855 96.9953
89.9688 97.0841
90.0737 97.3093
90.2146 97.2170
90.2420 97.2749
90.0052 97.2185
90.3036 97.3387
90.1676 97.2242
90.1284 97.0879
90.2048 97.1615
90.3128 97.1945
90.3796 97.3755
90.2480 97.3284
90.3398 97.3301
90.2979 97.2328
90.1846 97.3243
90.1486 97.2667
90.2981 97.4652
90.3884 97.6585
90.4113 97.5409
90.3346 97.5770
90.3416 97.4459
90.3326 97.6061
90.3536 97.5873
90.4935 97.5520
90.3521 97.5217
90.4425 97.5446
90.4463 97.5305
90.4060 97.5874
90.3910 97.5199
90.3896 97.5920
90.3896 97.4863
90.2743 97.5788
90.4738 97.4654
90.3681 97.5868
90.2951 97.4969
90.3873 97.4601
90.3366 97.4949
90.3230 97.5443
90.3907 97.6281
90.4103 97.4483
90.4134 97.5761
90.2845 97.4648
90.4369 97.4768
90.3125 97.4975
90.5442 97.4303
90.2722 97.5883
90.3435 97.5933
90.3101 97.5480
90.3969 97.3603
90.3060 97.5465
90.5704 97.4338
90.5433 97.5894
90.4859 97.4865
90.2828 97.4483
90.4384 97.5315
90.4489 97.5322
90.3328 97.4912
90.3246 97.4218
90.4156 97.4594
90.2244 97.5010
90.4338 97.5188
90.4509 97.4289
90.3121 97.5871
90.3910 97.4995
90.4054 97.5381
90.2901 97.5542
90.3945 97.5229
90.3135 97.5898
90.3537 97.6147
90.3546 97.4763
90.5158 97.5342
90.3984 97.4787
90.3154 97.6344
90.3865 97.5465
90.4386 97.4248
90.3159 97.4082
90.4929 97.5607
90.3602 97.4792
90.4478 97.5354
90.3791 97.5584
90.1389 97.6590
