105.2648 103.0547
105.2658 103.0167
105.2547 103.0334
105.2112 103.0239
105.2618 103.1432
105.2371 103.0524
105.2597 103.1042
105.2496 103.1584
105.2791 103.0240
105.2421 103.1036
105.2420 103.1592
105.2436 102.9355
105.2976 102.9968
105.3370 102.9562
105.3640 103.0412
105.3392 103.0804
105.1587 103.1183
105.3628 102.9958
105.1732 103.0324
105.2884 102.9797
105.0798 103.0475
105.3769 103.0400
105.3555 103.0092
105.0954 102.9791
105.2370 102.9541
105.2313 103.0974
105.2104 103.0415
105.2452 103.0164
105.1454 102.8795
105.2584 103.0172
105.3521 102.9001
105.1637 102.9102
105.1978 102.9668
105.3047 103.0720
105.2444 103.1237
105.0719 102.9891
105.3843 103.0308
105.2296 103.0300
105.3736 103.1642
105.2543 102.9949
105.1900 103.1258
105.3680 103.0203
105.1453 103.0336
104.9908 103.0806
105.2137 102.9855
105.2377 102.9379
105.2718 103.0313
105.2580 102.9641
105.1693 102.9953
105.3210 102.9489
105.2924 102.9733
105.2653 103.2108
105.4249 103.0824
105.2633 102.9266
105.3158 103.0652
105.3118 103.0829
105.2115 102.9616
105.3624 103.0366
105.3473 103.0582
105.2098 103.0629
105.3213 103.0855
105.2306 102.9808
105.2343 102.9515
105.1151 103.1340
105.3090 102.9736
105.3210 102.8667
105.3572 103.0028
105.2108 102.9592
105.3328 103.0650
105.3227 103.0875
105.2153 102.9813
105.3042 103.1832
105.2798 103.0476
105.2875 103.0171
105.2292 102.9076
105.2326 102.9746
105.1864 103.0610
105.2970 103.0031
105.0875 102.8093
105.0433 102.8634
104.8706 102.8911
105.0234 102.8731
104.9008 102.8708
104.9426 102.8740
105.1113 102.9982
104.8494 102.9468
105.0717 102.9532
104.7990 102.9981
104.8511 103.0777
104.8799 102.9104
105.1355 102.7836
104.9234 103.0253
104.8319 102.9198
104.9823 102.7126
104.8234 102.9400
104.9699 102.8494
104.9431 102.9945
104.9664 102.9743
104.8441 102.9517
104.8318 102.8420
105.0160 102.7972
104.7935 102.7667
104.9669 103.0124
104.8947 102.8307
104.8774 102.8420
105.1752 102.8025
104.8490 102.8902
104.9742 102.9270
104.9648 102.8283
104.8472 103.1134
104.9939 102.8726
104.9812 102.8220
104.8861 102.7134
104.7680 102.7835
104.9579 102.8154
105.0323 103.0263
104.9965 102.9223
104.8380 102.8528
104.8710 102.8594
105.0924 102.9075
104.9270 102.7040
105.1417 102.8490
104.8769 102.8274
105.0777 102.9922
104.8102 102.8597
104.8649 102.8790
104.8425 102.7759
104.9537 103.1565
104.9826 102.8300
105.0300 102.9713
104.9515 102.9956
104.6810 102.9978
105.0021 102.6935
104.9898 103.0991
104.8182 102.8786
104.8481 102.8905
104.8393 102.9011
105.0059 102.7974
105.0170 103.0221
104.9706 103.0185
104.9023 102.8377
104.8473 102.8896
104.9511 102.8231
105.0376 102.9583
105.2995 103.0086
105.1403 102.6990
104.9434 102.8558
104.8871 102.7821
105.0375 102.9423
104.9241 102.8421
105.0417 102.7076
105.1940 102.7107
105.0238 102.7633
105.1166 102.7747
105.0270 103.2013
105.0470 103.0478
105.1056 102.9666
105.0376 102.7552
104.7909 102.7444
104.7973 102.8866
104.8777 102.9217
105.0907 102.8081
104.8478 102.9513
105.1178 102.9638
105.1057 102.8376
105.0861 102.8253
105.0443 102.7602
105.1019 102.9075
104.9198 102.7188
104.8395 102.9895
105.0118 102.9738
104.8395 102.7108
105.1086 103.2283
104.8933 102.8439
105.0687 102.8133
105.2529 103.0906
104.9642 102.9199
105.2947 102.9002
104.9556 102.9108
104.8321 102.9315
105.0598 102.8285
105.0830 102.7529
105.1054 102.8246
105.0871 102.8957
104.9883 102.9302
105.0388 102.9182
105.0164 102.8675
105.0057 102.9627
105.0050 102.8539
105.0767 102.9402
105.0569 102.9016
104.9430 102.8733
105.0339 102.8578
105.0251 102.8663
105.0559 102.8628
105.0262 102.9802
105.0033 102.8332
104.9863 102.9249
104.9907 102.6875
105.0693 102.8557
104.9870 102.9610
105.0471 102.9525
105.0527 102.8238
105.0996 102.9209
104.9909 102.8952
105.0968 102.9360
105.0681 102.9712
105.0244 102.8967
105.0477 102.8668
105.0178 102.9011
105.0787 102.9236
105.0830 102.8553
104.9193 102.9197
105.0917 102.8770
105.0111 102.9020
105.0416 102.8516
104.9769 102.9073
105.0250 102.9140
105.0049 102.8673
105.0229 102.9591
105.0417 102.8475
104.9541 102.9163
105.0097 102.8967
105.0401 102.8496
104.9888 102.8676
105.0266 102.9355
104.9651 102.9549
105.0025 102.8331
104.9577 102.8945
105.0022 102.8455
104.9971 102.8710
105.0460 102.9309
105.0032 102.7807
105.0168 102.8980
105.0007 102.8841
105.0426 102.8795
105.0302 102.9029
105.0379 102.9124
104.9943 102.8654
105.0167 102.8340
105.0598 102.8814
105.0162 102.8299
105.0235 102.9487
105.0084 102.8631
105.0185 102.8706
105.0009 102.8645
105.0853 102.8890
105.0519 102.8370
105.0513 102.8397
105.0134 102.8186
104.9876 102.8784
105.0227 102.9020
104.9851 102.8364
105.0521 102.8598
105.0197 102.8413
105.0640 102.9017
105.2561 103.0745
105.3507 103.0212
105.3654 103.0219
105.3230 103.1128
105.3235 103.0522
105.3055 103.0927
105.3229 103.0717
105.3423 103.0768
105.3265 103.0189
105.3163 103.0727
105.3238 103.0474
105.3147 103.0888
105.3064 103.0789
105.3684 103.0908
105.2733 103.0587
105.3713 103.0574
105.3515 103.0484
105.3532 103.0423
105.3065 103.0736
105.3846 103.0418
105.3800 103.0804
105.3692 103.0776
105.3323 103.0237
105.3744 103.0510
105.4033 103.0749
105.2904 103.0528
105.2849 103.0153
105.3020 103.0801
105.3527 103.0833
105.3557 103.1172
105.3750 103.0374
105.3409 103.1048
105.3472 103.0833
105.3163 103.0532
105.2897 103.0465
105.2870 103.0128
105.2675 103.0619
105.3156 103.0892
105.3278 103.0537
105.3552 103.0821
105.3576 103.1072
105.3631 103.0523
105.2929 103.1055
105.3285 103.0660
105.3377 103.1187
105.3636 103.0576
105.2988 103.0291
105.2682 103.0664
105.2919 103.0608
105.3413 103.1045
105.3125 103.0594
105.3043 103.0114
105.3152 103.0764
105.2506 103.0915
105.3769 103.0551
105.3786 103.0786
105.3553 102.9056
104.7154 103.2619
104.9686 103.2664
105.0743 103.2575
105.0128 103.0259
105.0544 102.8261
105.0443 102.8447
105.0203 102.9600
104.9225 102.8025
105.0070 102.7757
105.0330 102.8235
105.0261 102.7218
105.0431 102.7111
104.8295 103.0211
104.9890 102.9196
104.9367 102.9838
104.9287 102.8631
105.0094 102.9374
104.9387 102.9388
104.9181 102.8737
105.2283 102.9893
105.1616 102.9772
105.1766 102.8142
105.0608 102.8662
105.0927 102.9657
104.9582 102.9061
105.0323 102.8317
104.9988 102.9397
105.3160 102.8710
104.9645 102.9026
105.0282 102.8405
105.2411 102.8636
104.9885 103.0602
105.0077 102.8409
104.9982 102.7532
104.8147 102.9028
105.0072 102.8638
105.0143 102.9381
104.9798 102.9318
105.0807 102.7776
104.9307 102.7152
104.8595 102.9548
104.9870 103.0468
105.1812 102.9056
105.0979 102.9583
104.9489 102.8264
105.0548 102.8198
105.0659 102.9891
105.2942 103.1248
104.9864 102.9132
104.9440 102.9829
105.2199 102.7330
104.9446 102.8378
105.0896 103.0104
104.9515 102.8487
105.0305 102.8390
104.9530 103.0554
105.0530 102.9456
105.1148 102.9053
105.0385 102.8816
104.9696 102.9086
104.7725 102.7845
104.9383 102.9104
105.1302 102.9697
105.0497 102.8008
105.1443 102.9359
104.9132 102.8882
105.0280 102.9293
105.0426 102.9080
104.9783 102.9685
104.8837 102.8484
105.1097 102.9326
105.1422 102.8940
105.1170 102.8773
105.1442 102.9789
104.9076 102.9682
104.9957 102.8004
105.0610 103.0288
105.0860 102.8844
104.9860 102.9247
105.0895 102.7571
104.8578 102.7084
105.0342 103.0072
104.9606 102.8399
105.0011 102.9557
105.1030 103.1264
105.0545 102.7481
105.0196 102.9606
105.1143 102.9747
104.9921 103.0084
105.0070 102.9228
105.0439 102.9283
105.0669 102.9265
105.0947 102.9107
105.0276 103.0044
105.0234 102.8996
105.0119 102.9379
105.0547 102.9137
105.0504 102.9149
105.0498 102.9227
105.0211 102.9445
105.0406 102.8969
105.0400 102.9933
105.0368 102.9155
105.0637 102.9854
105.1074 102.8429
105.0352 102.8666
105.0817 102.9964
105.0269 102.9011
105.0618 102.9143
105.0015 102.8385
105.1423 102.7335
105.0311 102.9341
105.0530 102.9620
105.0540 102.8660
105.0171 102.9408
104.9996 102.9207
105.0714 103.1158
105.0050 102.9104
105.0440 102.9095
105.0326 102.8804
105.0953 102.9461
104.9876 102.9152
105.0160 102.9077
105.0736 102.8889
105.0293 102.9564
105.0934 102.9559
105.0642 102.8849
105.0035 102.8960
105.0347 102.8918
105.0833 102.8466
105.0085 102.9641
105.0215 102.8981
105.0744 102.8859
105.0221 102.8962
105.0081 102.9441
105.0615 102.9091
105.0375 102.9147
105.0410 102.9201
105.0920 102.9649
105.0440 102.8999
105.0619 102.9247
105.0577 102.9232
105.0358 102.9751
105.0175 102.9187
105.0405 102.9672
105.0064 102.8884
104.9688 102.9628
104.8923 103.2818
104.9872 103.3210
105.0566 103.2235
104.9690 103.3474
104.9823 103.2594
105.0811 103.4725
105.0824 103.1493
105.1276 103.3355
105.1354 103.2417
104.9243 103.4254
104.9902 103.1644
105.1316 103.2271
105.0317 103.2869
105.1438 103.2803
105.0653 103.3712
105.1867 103.2173
105.1084 103.2866
104.9921 103.3367
105.0588 103.2283
104.9829 103.3371
105.1017 103.2731
105.0834 103.2629
105.0563 103.2584
105.0753 103.3223
105.1788 103.2912
105.0795 103.3755
105.1168 103.2493
105.1260 103.1986
105.0844 103.2401
104.9480 103.4324
105.0187 103.3579
105.0695 103.3122
105.1187 103.1991
105.0779 103.1605
105.1942 103.1888
105.0009 103.1831
104.9741 103.2676
105.0838 103.3089
105.0309 103.3126
105.0697 103.2679
105.1118 103.4063
105.2195 103.2392
105.0250 103.2752
104.8148 103.5039
104.9730 103.1329
105.1055 103.1605
105.0054 103.1195
105.1155 103.3345
105.0128 103.2488
105.1369 103.2812
104.9605 103.2649
104.9585 103.2026
104.9618 103.3113
104.9795 103.3589
105.2843 103.3580
105.0163 103.1647
105.1899 103.0723
105.0794 103.2305
105.0530 103.4096
