81.6548 193.6326
81.7317 193.8905
81.7988 193.7009
81.7834 193.6997
81.8002 193.7094
82.0011 193.6847
81.9644 193.7325
81.8649 193.7037
82.0053 193.9628
81.7343 193.7272
82.0814 193.8696
81.8330 193.7882
81.7974 193.7823
81.8938 194.0230
81.9734 193.7729
81.8859 193.7606
81.8721 193.7467
81.8593 193.8015
81.9227 193.7314
81.9667 193.8216
81.9028 193.8506
81.9388 193.7942
81.7836 193.7794
81.8749 193.7547
81.9029 193.8862
81.8721 193.7205
81.8935 193.7881
81.6632 193.8991
81.7858 193.7170
81.8839 193.9277
81.9288 193.7475
81.7442 193.7803
81.7283 193.8304
81.7776 193.9144
81.7339 193.8248
81.8708 193.8872
81.8106 193.9199
81.8294 193.8775
81.8998 193.8909
81.7212 193.6726
82.0058 193.6806
81.8605 193.8508
81.9040 193.8113
81.8417 193.8225
81.8673 193.7087
81.9026 193.7462
81.8736 193.7886
81.9335 193.8252
82.0480 193.7610
81.6864 193.7529
81.9415 193.7578
81.9717 193.7696
81.7164 194.0209
81.8280 194.1535
82.1727 194.2168
82.0057 194.2486
81.8174 194.3182
82.0725 194.2768
81.9968 194.1690
81.9891 194.2946
81.8782 194.0582
82.0249 194.2672
81.9791 194.1680
81.8933 194.1987
81.8058 194.3896
81.9368 194.0855
82.0697 194.1469
81.9430 194.1766
81.9422 194.2522
82.0855 194.3149
81.9747 194.0027
81.9015 194.1804
81.9438 193.9940
81.7777 194.2668
81.8244 194.2077
81.8593 194.1977
81.9211 194.2252
82.0368 194.1523
82.0128 194.2626
81.9973 194.0311
82.1303 194.0131
81.8565 194.0549
81.6704 194.1081
81.6858 194.0057
81.7315 193.9877
81.8854 193.8764
81.9278 193.9363
81.5532 194.0207
81.4995 193.8959
81.5397 193.9841
81.8479 193.9933
81.5449 193.8315
81.7029 193.9806
81.4557 194.0730
81.6753 193.9040
81.3976 194.0071
81.7219 194.0771
81.9425 194.0127
81.7539 194.1035
81.7761 193.9243
81.7060 194.0706
81.7111 194.0455
81.8571 194.0554
81.7551 194.0620
81.8752 194.1748
81.5762 193.8089
81.5929 194.0101
81.7028 193.9134
81.6871 194.2266
81.6637 194.0522
81.7556 194.0464
81.7494 194.0303
81.6015 193.9992
81.6810 193.8794
81.6080 194.0355
81.6964 193.9457
81.6575 194.1870
81.7961 193.9483
81.7853 193.9165
81.6506 193.9543
81.6908 194.2432
81.6365 194.0414
81.6401 193.9892
81.6702 194.1104
81.4386 194.0340
81.8206 193.9786
81.7039 193.8525
81.5553 194.1074
81.4229 194.0058
81.6665 193.8984
81.7506 194.0124
81.7139 194.0607
81.5802 194.2613
81.5312 194.0355
81.5520 193.9328
81.6723 193.9966
81.6894 193.9861
81.7009 193.8595
81.9015 194.0374
81.7102 193.9823
81.7173 194.0308
81.5928 193.9450
81.4873 193.9936
81.7635 194.0159
81.5619 194.0285
81.6283 194.1824
81.8864 194.0345
81.5895 194.1614
81.8247 194.1709
81.6447 194.0157
81.6110 193.9822
81.8603 194.0326
81.6594 194.0353
81.5460 193.9360
81.6519 194.0670
81.7629 194.2065
81.7805 194.0605
81.7695 193.9209
81.5803 193.9316
81.6613 193.9159
81.7389 194.0888
81.7966 194.0187
81.5405 194.1116
81.7943 194.2009
81.8362 194.0857
81.7459 194.0486
81.6523 193.9462
81.6938 194.0157
81.7636 194.0156
81.6573 194.0669
81.7058 194.0070
81.6751 194.0009
81.7916 194.0965
81.7016 194.0044
81.7120 194.0573
81.6855 194.0500
81.6518 194.0125
81.9960 194.2538
81.9315 194.1238
81.5966 193.8666
81.8938 193.7681
81.7267 194.0950
81.7023 194.0320
81.8745 194.1161
81.8136 194.0744
81.7066 193.9966
81.5461 194.1954
81.6234 194.1042
81.6425 194.0336
81.7357 194.0304
81.7041 193.9593
81.7266 194.0853
81.8798 194.2746
82.1628 194.1616
81.9561 194.2223
82.0535 194.1415
81.9695 194.0622
82.0642 194.1830
82.1336 194.3001
81.9320 194.1724
81.9190 194.1511
81.9862 194.1368
81.8563 194.2358
81.2866 193.8423
81.6250 194.1022
81.8004 194.0187
81.6850 194.0965
81.8339 194.1574
81.5613 194.1563
81.8472 193.9829
81.7092 194.0017
81.7144 194.0713
81.6214 193.8817
81.7345 194.1373
81.6620 194.1992
81.7182 194.1100
81.7423 194.1601
81.6594 193.8999
81.5982 194.0982
81.8117 193.9508
81.6836 194.0560
81.8472 194.1277
81.6643 194.4302
81.7672 194.0039
81.7754 194.1278
81.8920 194.0683
81.6996 194.0789
81.5683 194.2061
81.8582 194.1877
81.8091 194.2101
81.6737 194.1358
81.5968 194.0083
81.9087 193.9841
81.8028 194.1146
81.8572 194.1791
82.0496 194.0200
81.8233 194.0865
81.6994 194.1222
81.7358 194.1379
81.6637 193.9687
81.6302 194.1081
81.8580 194.0315
81.8199 194.1009
81.7822 193.9755
81.7378 194.0471
81.7655 194.2010
81.8002 194.0767
81.7038 194.1041
81.5632 194.0390
81.9643 193.9910
81.9260 194.4094
81.6835 194.0780
81.7013 194.1474
81.9478 193.8893
81.9501 193.9361
81.9645 193.9412
82.1088 193.9072
81.9123 193.9607
81.9012 193.9605
82.0542 193.9284
82.0236 193.8788
81.9304 193.8894
81.9515 193.9379
82.1283 193.9490
82.0723 193.8642
81.8185 193.7461
82.0907 194.0725
81.7282 193.9425
81.9845 193.9039
81.9297 193.8994
82.0185 193.7395
82.1476 193.8689
82.1123 193.9000
82.0827 193.9949
82.1018 193.7825
81.7539 193.9423
82.0375 193.8230
81.9044 193.8544
81.8985 193.8231
81.9611 193.8474
81.8793 194.2375
81.7433 193.7582
81.8013 194.2558
81.8253 194.0424
81.8063 194.1218
81.7917 193.9661
81.6513 193.9663
81.7759 194.0788
81.7764 194.0558
81.7907 194.1528
81.8330 193.8969
81.7104 194.2713
81.8330 193.9347
81.7418 193.8097
81.8135 194.1923
81.9691 194.3619
82.0527 194.3605
82.0972 194.0868
82.0918 194.1791
82.1636 194.1997
82.0855 194.2929
82.1792 194.1662
82.0415 194.1819
82.0340 194.1333
82.0679 194.0188
82.1524 194.1077
82.0835 194.2931
82.1263 194.1601
82.1295 194.1156
82.1484 194.1656
82.0755 194.1328
82.0982 194.1547
82.0412 194.1613
82.1807 194.2301
82.1160 194.2629
82.0518 194.0839
82.0045 194.0541
82.0996 194.1758
82.1990 194.1529
82.0769 194.0591
82.0326 194.2288
82.1193 194.1648
82.0925 194.1962
82.1217 194.2511
82.0337 194.2761
81.9838 194.2609
82.0458 194.1921
82.1451 194.2337
81.9571 194.1687
81.9297 194.1886
82.0989 194.1024
81.9724 194.2031
82.0667 194.0972
82.0050 194.0933
82.1720 194.1391
82.1104 194.1613
82.0696 194.1773
82.0119 194.1849
82.0255 194.1449
82.0964 194.1508
82.0991 194.2680
82.1347 194.1655
81.9569 194.1922
82.0256 194.2082
82.0965 194.1027
82.1500 194.1808
82.1416 194.0154
82.1245 194.3277
82.1577 194.1888
81.8838 194.1952
