117.2316 153.3997
117.1010 153.7424
117.3825 153.7848
117.3137 153.5886
117.6229 153.5822
117.0851 153.6291
117.3673 153.5649
117.4930 153.7832
117.2467 153.6794
117.1713 153.7637
117.0974 153.6352
117.6671 153.7126
117.7530 153.6868
117.3123 153.6626
117.1717 153.5336
117.3459 153.5610
117.5514 153.6953
117.6690 153.8763
117.8242 153.5765
117.6607 153.7765
117.6619 153.8256
117.7292 153.9064
117.6607 153.8615
117.5612 153.6719
117.6290 153.8619
117.5602 153.6739
117.6743 153.7715
117.6414 153.5884
117.6293 153.9220
117.5842 153.6335
117.8871 153.8350
117.7225 153.6867
117.6063 153.7074
117.5536 153.7166
117.5921 153.7544
117.5583 153.7155
117.6061 153.7870
117.4933 153.6969
117.2991 153.6070
117.2604 153.6777
117.1639 153.3885
117.6438 153.5308
117.4571 153.2897
117.6649 153.3761
117.5818 153.7753
117.7242 153.2431
117.6212 153.3541
117.5580 153.2854
117.5784 153.7099
117.7196 153.7191
117.7303 153.6851
117.5782 153.7839
117.7133 153.7246
117.6852 153.8188
117.7591 153.7640
117.7133 153.8188
117.1986 153.7229
117.2727 153.6097
117.2548 153.6626
117.3858 153.5178
117.2403 153.5291
117.3385 153.6157
117.4467 153.4390
117.3394 153.4849
117.3711 153.6109
117.2817 153.4444
117.2717 153.6362
117.3859 153.6048
117.6683 153.8811
117.3988 153.6626
117.5030 153.3529
117.5452 153.4330
117.6600 153.4669
117.6775 153.5361
117.6363 153.4518
117.6417 153.3062
117.6240 153.3797
117.6259 153.4243
117.6655 153.4123
117.6433 153.3763
117.5298 153.4624
117.8933 153.3802
117.7437 153.3912
117.8863 153.5533
117.6821 153.3444
117.4082 153.3003
117.6646 153.5023
117.6792 153.4599
117.5783 153.3273
117.5234 153.2928
117.4971 153.5998
117.6642 153.4011
117.6497 153.1599
117.5013 153.3645
117.6474 153.4372
117.2699 153.2649
117.6747 153.3846
117.4971 153.4231
117.6325 153.5561
117.5146 153.2121
117.6053 153.4276
117.6799 153.4120
117.5790 153.1960
117.5106 153.2656
117.5071 153.5636
117.6128 153.4026
117.7525 153.5943
117.7106 153.3697
117.5199 153.4941
117.7274 153.4357
117.7542 153.5960
117.7898 153.9331
117.6988 153.9902
117.7836 153.2510
117.7415 153.6273
117.5530 153.4669
117.7831 153.4826
117.6187 153.4316
117.6508 153.4521
117.7776 153.6288
117.6351 153.6895
117.5347 153.2988
117.5047 153.4232
117.8381 153.3196
117.7167 153.3244
117.6181 153.4702
117.8402 153.4972
117.6507 153.3261
117.4490 153.4828
117.6454 153.3348
117.4872 153.2823
117.5675 153.2425
117.5868 153.5100
117.4600 153.5982
117.4854 153.4728
117.2412 153.5285
117.3044 153.5959
117.3476 153.5565
117.1335 153.5714
117.1811 153.4462
117.3320 153.4765
117.3933 153.7015
117.2491 153.5767
117.2991 153.6274
117.3566 153.6057
117.3168 153.6283
117.4208 153.6666
117.3716 153.6224
117.2395 153.5874
117.3248 153.5717
117.1409 153.7473
117.2695 153.6268
117.3530 153.6303
117.3832 153.5943
117.4566 153.6084
117.3583 153.6490
117.3584 153.6473
117.2072 153.5777
117.4746 153.5979
117.4202 153.6805
117.5396 153.6839
117.3225 153.6135
117.4507 153.6462
117.3917 153.6796
117.2870 153.5929
117.2458 153.5239
117.4697 153.6451
117.3061 153.5215
117.2437 153.4955
117.5258 153.6214
117.3104 153.5582
117.2984 153.5323
117.2579 153.6431
117.4609 153.5032
117.3135 153.4640
117.2599 153.5089
117.4142 153.5569
117.2586 153.6520
117.3700 153.5287
117.2938 153.5160
117.3379 153.6557
117.2584 153.6242
117.4825 153.7082
117.2997 153.5185
117.3148 153.6183
117.3135 153.6448
117.3048 153.8175
117.2121 153.5173
117.3942 153.6243
117.1832 153.5477
117.3232 153.5490
117.4491 153.5173
117.3295 153.5021
117.2632 153.5820
117.4114 153.4837
117.3274 153.5723
117.2409 153.5268
117.3560 153.4775
117.2694 153.5629
117.2157 153.5661
117.2857 153.5197
117.2965 153.8110
117.3825 153.6905
117.2384 153.4520
117.2419 153.7277
117.3119 153.5734
117.5059 153.6097
117.4058 153.6146
117.3257 153.5704
117.3808 153.5322
117.2955 153.5319
117.4231 153.6583
117.3855 153.4482
117.3975 153.5735
117.4336 153.6004
117.3081 153.6196
117.2658 153.5835
117.2832 153.5639
117.1749 153.6632
117.1669 153.5013
117.3153 153.6591
117.1874 153.7193
117.2309 153.6020
117.2812 153.5403
117.3084 153.6111
117.2498 153.5760
117.2314 153.6676
117.1678 153.6663
117.2087 153.7239
117.4001 153.5830
117.3161 153.6828
117.4466 153.5954
117.3432 153.5624
117.2781 153.6081
117.1497 153.6169
117.3864 153.6858
117.3568 153.5679
117.5865 153.5921
117.4047 153.5194
117.3361 153.5798
117.3650 153.5562
117.4208 153.5950
117.6252 153.5316
117.7219 153.4528
117.3716 153.7767
117.3507 153.6812
117.3894 153.6091
117.2188 153.6799
117.3687 153.5471
117.3666 153.6991
117.4091 153.6192
117.3429 154.0520
117.4952 153.6887
117.3326 153.6045
117.3664 153.6169
117.3125 153.6509
117.1739 153.4140
117.6912 153.4635
117.6332 153.4376
117.6663 153.3920
117.6240 153.4011
117.5916 153.4052
117.6867 153.2706
117.4730 153.5273
117.5073 153.6215
117.8508 153.6031
117.2369 153.7038
117.6776 153.3846
117.7471 153.4881
117.7414 153.5216
117.6657 153.3546
117.6893 153.5930
117.6858 153.5562
117.7726 153.3164
117.6394 153.3885
117.6888 153.3505
117.6852 153.4045
117.6364 153.4444
117.6407 153.3566
117.7616 153.3396
117.8005 153.5352
117.7336 153.3267
117.8931 153.3761
117.6894 153.6059
117.8222 153.4667
117.5846 153.4332
117.7034 153.5092
117.6022 153.3296
117.6317 153.4221
117.7363 153.5527
117.7131 153.4633
117.6573 153.4443
117.6047 153.4910
117.6552 153.3853
117.6027 153.4553
117.6454 153.4185
117.5889 153.4415
117.6642 153.4081
117.6746 153.4872
117.6813 153.4198
117.6299 153.4770
117.6944 153.4039
117.6994 153.4187
117.5809 153.1501
