46.9915 107.6076
46.9152 107.5440
46.8827 107.4914
46.7771 107.6196
46.8944 107.5696
46.9342 107.6497
46.9967 107.5032
46.9751 107.5360
46.9456 107.6162
46.9953 107.6628
46.8044 107.5463
46.9010 107.5356
46.8194 107.4876
46.9117 107.4328
46.8715 107.3657
47.0293 107.6424
47.0401 107.6550
46.9308 107.4721
46.9782 107.6318
46.9364 107.6872
46.9831 107.4994
46.8879 107.5132
46.9208 107.5707
46.6699 107.2057
46.5653 107.6594
46.6451 107.4201
46.4422 107.5571
46.6042 107.4816
46.4201 107.7279
46.5851 107.4901
46.5540 107.5691
46.5708 107.6680
46.4381 107.4215
46.9693 107.5543
46.8640 107.7271
46.8578 107.6712
46.9237 107.5015
46.9187 107.4199
47.0064 107.4788
46.9455 107.5146
46.9505 107.5431
46.8918 107.6490
47.0455 107.8466
47.0979 107.7105
47.0976 107.7225
47.1061 107.6671
47.1185 107.6867
47.1412 107.6793
47.0922 107.7330
47.1231 107.7313
47.0916 107.7037
47.0793 107.6856
47.1345 107.7109
47.0935 107.6712
47.0730 107.6397
47.1136 107.6859
47.1136 107.6970
47.1315 107.7050
47.1370 107.7327
47.1046 107.7229
47.0800 107.7044
47.0902 107.6839
47.1175 107.7195
47.1075 107.6675
46.9139 107.6483
46.7268 107.7642
47.0198 107.5719
46.9187 107.4692
46.9795 107.5564
46.9672 107.6561
46.4551 107.3538
46.5571 107.5287
46.5369 107.4356
46.5720 107.4374
46.6172 107.3238
46.7423 107.3775
46.7359 107.3817
46.6550 107.4268
46.7794 107.3697
46.5502 107.5005
46.4473 107.5811
46.6053 107.4782
46.6192 107.5542
46.5591 107.5022
46.6982 107.4826
46.5415 107.4442
46.5901 107.5108
46.6823 107.5274
46.6208 107.6164
46.6136 107.6078
46.5559 107.5207
46.6248 107.4292
46.7027 107.3776
46.5876 107.3835
46.5945 107.3731
46.5119 107.3979
46.6568 107.5210
46.4889 107.4904
46.6730 107.4549
46.5017 107.4383
46.6971 107.3802
46.5041 107.4452
46.5773 107.4343
46.6791 107.3282
46.5665 107.4471
46.4678 107.4660
46.5784 107.4198
46.5700 107.3320
46.5719 107.4306
46.6473 107.3676
46.6338 107.5523
46.6197 107.6428
46.5557 107.4609
46.6268 107.3947
46.6816 107.4093
46.5351 107.4108
46.5455 107.4089
46.7344 107.4519
46.6792 107.3366
46.5246 107.3790
46.5295 107.5827
46.6941 107.5580
46.6419 107.4370
46.5750 107.5236
46.6198 107.4084
46.6016 107.4821
46.6404 107.4827
46.6387 107.2941
46.5989 107.3766
46.6119 107.4471
47.2263 107.3283
46.9102 107.0796
46.9019 107.2578
46.9588 107.1984
46.9025 107.3557
46.8595 107.1386
46.8127 107.1969
46.9188 107.2865
46.8777 107.3518
46.8974 107.3335
46.8321 107.1388
47.0377 107.1161
46.8148 107.1986
47.0354 107.2378
46.7923 107.1507
46.9351 107.0862
46.8655 107.1126
46.8276 107.3007
46.8841 107.2643
46.8174 107.3050
46.9060 107.1413
46.9794 107.1291
46.6892 107.0732
46.9607 107.4081
46.8396 107.3366
46.9464 107.3139
46.8808 107.2234
46.6724 107.3170
46.9095 107.1855
46.8108 107.2276
46.8241 107.2341
46.9641 107.1355
46.7561 107.3650
46.8573 107.2007
46.8160 107.4268
46.8842 107.3308
46.8658 107.1701
46.7760 107.4108
46.9199 107.2853
46.9074 107.1959
46.8571 107.1790
46.9328 107.3239
46.9190 107.1372
46.8289 107.2906
46.8854 107.1986
46.9795 107.1630
46.7570 107.0889
46.7791 107.2209
46.8707 107.1944
46.9574 107.1411
46.9062 107.2358
46.8524 107.2102
46.8342 107.1157
46.9118 107.1883
46.8490 107.2955
46.9423 107.1969
46.8148 107.0641
46.8222 107.2189
46.8891 107.2033
46.9008 107.2584
46.9429 107.2324
46.8736 107.1389
46.9941 107.1904
46.8425 107.3029
46.9771 107.2686
46.9445 107.2806
47.0346 107.2763
46.8550 107.3137
46.7591 107.2235
47.0072 107.1585
46.8711 107.1794
46.8600 107.1903
47.0248 107.1694
46.9070 107.3859
46.8798 107.3069
46.8937 107.1530
47.0515 107.2779
46.7860 107.1782
46.8298 107.1535
46.8828 107.2548
46.8537 107.3088
46.8934 107.2055
46.9530 107.2495
47.0169 107.2992
46.9085 107.3228
46.8677 107.2667
46.8855 107.1387
46.9430 107.1791
46.7993 107.1125
46.9327 107.3458
46.8909 107.1389
46.7813 107.2103
46.8244 107.2277
46.9274 107.1994
46.9510 107.1787
46.8695 107.1489
46.9725 107.2150
46.9123 107.2256
47.0137 107.3524
46.8505 107.2186
46.8762 107.2282
46.7955 107.1886
46.8504 107.1692
46.8524 107.3248
46.8792 107.1351
46.8467 107.0320
46.8759 107.1961
46.9455 107.3085
47.0037 107.6109
46.9707 107.7803
47.0631 107.5620
46.9356 107.4618
47.0380 107.6131
47.0071 107.5107
47.0459 107.4615
46.9114 107.4742
46.9192 107.6344
47.2047 107.6376
46.8930 107.4938
46.9522 107.6575
47.0214 107.6295
47.0334 107.6014
47.0291 107.6422
46.9882 107.5539
46.8871 107.4359
46.9551 107.6313
47.0145 107.5876
47.1016 107.6865
46.9426 107.6337
47.0695 107.4384
46.9333 107.4686
46.9656 107.4437
46.8321 107.6189
46.8745 107.2046
46.8735 107.1857
46.9002 107.1626
46.9128 107.1777
46.9305 107.2131
46.9355 107.1099
47.0762 107.2850
46.9319 107.3105
46.9965 107.2659
46.9105 107.1865
47.0210 107.1840
46.9518 107.2721
46.8913 107.2039
46.8909 107.2116
46.7991 107.1540
46.9946 107.2205
46.8899 107.0858
46.9687 107.2630
46.9532 107.2837
47.0204 107.2489
46.9165 107.0657
46.9235 107.2560
46.9017 107.3273
46.9508 107.1726
46.9658 107.1326
47.0717 107.1252
46.9870 107.2906
46.9061 107.1384
46.8732 107.1916
46.9199 107.2027
47.0060 107.2376
46.8001 107.1753
46.8954 107.1619
46.7854 107.0654
46.9932 107.2499
46.9238 107.2846
46.9165 107.1436
46.8200 107.2845
46.7827 107.1866
46.8245 107.1631
46.9397 107.1934
46.9836 107.1791
46.7589 107.1596
46.8840 107.1299
46.8155 107.2311
46.8754 107.1487
46.8466 107.2544
46.8414 107.1626
46.8007 107.2731
46.8381 107.0602
46.8900 107.2686
46.8188 107.2471
46.9072 107.2385
46.7945 107.1792
46.8626 107.2015
46.8762 107.1711
46.8898 107.2068
46.8573 107.2312
46.8974 107.2077
46.8454 107.2152
46.8558 107.2249
46.8490 107.1997
46.8747 107.6332
46.6476 107.7043
47.2920 107.5088
46.9469 107.5051
46.9130 107.5200
46.9524 107.5923
46.8406 107.5183
46.9999 107.4778
46.9330 107.6467
46.9396 107.5814
47.0533 107.6086
46.9689 107.5381
46.9832 107.5790
47.0090 107.5347
46.8756 107.5950
47.1122 107.6398
47.0394 107.4920
46.9362 107.4293
47.0419 107.6376
46.8994 107.4708
46.9920 107.5513
46.8923 107.5311
47.0432 107.5977
47.0205 107.7985
46.9988 107.5609
46.8729 107.5282
46.6538 107.3759
46.5786 107.4519
46.5380 107.4692
46.5855 107.4762
46.5881 107.4084
46.6873 107.4431
46.6302 107.4392
46.7213 107.3907
46.6288 107.3823
46.5859 107.4365
46.6083 107.5057
46.6703 107.3891
46.6325 107.4841
46.6138 107.5207
46.6563 107.5050
46.6697 107.4651
46.7103 107.5154
46.7300 107.4447
46.6683 107.4440
46.6258 107.3670
46.6161 107.3955
46.6397 107.3355
46.6876 107.4154
46.5599 107.4678
46.4952 107.4439
46.7624 107.4062
46.6986 107.4562
46.5488 107.3931
46.6353 107.4498
46.8195 107.5026
46.6308 107.4637
46.6384 107.4195
46.5201 107.5002
46.6225 107.4155
46.6622 107.5493
46.7755 107.5366
46.7752 107.4586
46.6633 107.3427
46.6639 107.5451
46.5613 107.3818
46.6972 107.4000
46.7221 107.4888
46.5791 107.3683
46.6687 107.5498
46.6702 107.4499
46.5931 107.4802
46.7463 107.4636
46.5874 107.3807
46.6163 107.5709
46.5642 107.4275
46.5607 107.4046
46.5544 107.5470
46.5125 107.3867
46.5783 107.3433
46.7793 107.5001
46.7079 107.5412
46.6342 107.3277
46.9783 107.0760
46.8996 107.6156
46.6281 107.3732
46.7182 107.3939
46.6561 107.3800
46.6850 107.4825
46.4856 107.4870
46.5236 107.4591
46.6640 107.2848
46.6387 107.4207
46.7730 107.4892
46.7096 107.3558
46.6024 107.5847
46.7518 107.4658
46.7018 107.4314
46.7228 107.4919
46.5671 107.3734
46.6658 107.5154
46.7601 107.5344
46.6079 107.4438
46.6510 107.4184
46.5874 107.5486
46.5169 107.5505
46.7433 107.5530
46.5659 107.4885
46.5785 107.4184
46.5856 107.4981
46.5816 107.4415
46.7049 107.3758
46.5830 107.3995
46.6422 107.5250
46.6261 107.5351
46.7910 107.3881
46.5404 107.4436
46.4842 107.4952
46.6348 107.4117
46.4746 107.6154
46.6373 107.3643
46.6355 107.5484
46.6364 107.5036
46.6334 107.5279
46.8679 107.4483
46.7246 107.3477
46.6884 107.5126
46.6769 107.4684
46.6938 107.4325
46.6000 107.5064
46.6540 107.4555
46.6171 107.3458
46.5993 107.4157
46.6177 107.4202
46.5952 107.4236
46.4524 107.3251
46.6227 107.3208
46.5659 107.4392
46.6217 107.3900
46.6326 107.4385
46.6583 107.3823
46.5983 107.4384
46.5087 107.4220
46.7733 107.4439
46.6004 107.4587
46.5509 107.4820
46.5810 107.4026
46.7071 107.5625
46.6417 107.4006
46.6202 107.4585
46.6594 107.4437
46.5063 107.5080
46.7121 107.5190
46.5668 107.6237
46.6535 107.4975
46.7574 107.3972
46.7244 107.6046
46.6201 107.4476
46.4710 107.5087
46.5219 107.4780
46.6903 107.5563
46.6988 107.5057
46.6729 107.3026
46.5609 107.5456
46.6965 107.5651
46.6373 107.2254
46.5164 107.5183
46.7323 107.4625
46.5949 107.4862
46.6907 107.5441
46.5278 107.4464
46.6816 107.6384
46.5643 107.3373
46.7506 107.4077
46.7367 107.5161
46.6611 107.6188
46.6062 107.4452
46.6850 107.4647
46.4410 107.4060
46.5779 107.4933
46.6094 107.5020
46.5904 107.4098
46.6033 107.3650
46.6940 107.4333
46.7246 107.5277
46.5195 107.3719
46.7605 107.5659
46.4700 107.4177
46.6968 107.4896
46.5982 107.4221
46.6527 107.4563
46.6025 107.3996
46.6071 107.4293
46.7556 107.2650
46.9484 107.3023
46.8488 107.1366
47.0357 107.3614
47.0032 107.2194
46.8343 107.1766
46.9774 107.2286
46.9054 107.2169
46.8457 107.1364
46.9240 107.0412
46.9114 107.1798
46.9077 107.1461
46.8809 107.2129
46.9048 107.1859
46.9733 107.2497
47.0368 107.1570
46.9165 107.1185
46.9520 107.3959
46.9955 107.2987
46.8700 107.1943
46.8898 107.2193
46.9099 107.2363
47.0771 107.4465
47.0254 107.5352
46.9511 107.4871
46.8947 107.4983
46.9632 107.5087
46.9208 107.4938
47.1279 107.5388
47.0770 107.5401
46.9622 107.5020
47.1332 107.5205
47.0224 107.4434
46.9818 107.4870
47.0777 107.5144
47.0571 107.5423
47.0415 107.5436
46.9553 107.4810
46.9118 107.4659
47.1008 107.6846
47.0287 107.5104
46.7392 107.5495
47.0095 107.5616
46.9995 107.6298
46.9749 107.7136
46.4503 107.4166
46.4238 107.3140
46.5949 107.5509
46.5848 107.5799
46.5370 107.5500
46.5585 107.5742
46.4120 107.5235
46.4895 107.5006
46.6028 107.5333
46.4525 107.4000
46.5027 107.4868
46.3478 107.5147
46.5504 107.4718
46.4380 107.3825
46.5803 107.4603
46.4697 107.6389
46.6161 107.3204
46.5335 107.3875
46.4690 107.3837
46.3881 107.3342
46.6461 107.6582
46.5030 107.4841
46.4454 107.5040
46.6437 107.5948
46.5784 107.5622
46.5624 107.4107
46.5432 107.4604
46.4552 107.5208
46.5788 107.3182
46.6128 107.3465
46.4097 107.5365
46.6020 107.5411
46.4945 107.3894
46.4600 107.4539
46.6564 107.6584
46.5475 107.4126
46.4588 107.4619
46.5448 107.5471
46.5160 107.6092
46.4703 107.5864
46.4737 107.4404
46.4477 107.3647
46.6063 107.4792
46.5050 107.4185
46.5423 107.5325
46.4912 107.5640
46.6867 107.3567
46.5675 107.4964
46.5440 107.5568
46.6007 107.5497
46.6273 107.4630
46.8057 107.4735
46.5041 107.5855
46.5401 107.6422
46.6057 107.5666
46.5552 107.4713
46.4755 107.2591
46.6329 107.4760
46.4741 107.2966
46.5149 107.1806
46.6373 107.4898
46.5920 107.4673
46.5710 107.3374
46.6271 107.3564
46.6294 107.3918
46.4680 107.4088
46.6453 107.3198
46.5337 107.2417
46.6506 107.4619
46.4086 107.4695
46.4366 107.3185
46.5621 107.3935
46.5444 107.2841
46.5852 107.3185
46.5201 107.2933
46.6947 107.4248
46.6461 107.3714
46.6345 107.3451
46.5822 107.3710
46.7179 107.5860
46.5042 107.4263
46.5936 107.4766
46.5861 107.5298
46.6262 107.5318
46.7307 107.5030
46.7451 107.4752
46.7029 107.3303
46.5963 107.4629
46.6307 107.4787
46.6313 107.5136
46.6423 107.4148
46.5848 107.4383
46.5273 107.3791
46.6795 107.5788
46.6289 107.4221
46.5559 107.5915
46.6084 107.3435
46.5403 107.5414
46.5662 107.6207
46.6908 107.4266
46.6101 107.3862
46.7367 107.2745
46.6902 107.5090
46.7037 107.2245
46.8769 107.3996
46.6670 107.3977
46.6237 107.3545
46.5694 107.3621
46.5557 107.5173
46.6017 107.5271
46.6881 107.6364
46.5716 107.6451
46.5018 107.4920
46.8892 107.5002
46.5602 107.4730
46.5188 107.3783
46.6272 107.4535
46.5723 107.3709
46.5960 107.5772
46.7927 107.4348
46.7125 107.4277
46.7995 107.3348
46.5901 107.2812
46.5454 107.4420
46.5932 107.4844
46.6512 107.6139
46.6707 107.4948
46.7259 107.3197
46.6345 107.5028
46.4836 107.5042
46.5408 107.5318
46.7966 107.4606
47.0120 107.2422
46.9360 107.2723
46.9871 107.1896
46.9897 107.1374
46.9114 107.0939
47.0464 107.2309
46.9299 107.2127
46.9745 107.1393
47.0513 107.5495
47.1256 107.6247
46.9618 107.5453
47.0509 107.6089
47.0037 107.4724
47.1504 107.4524
47.0522 107.5241
47.0718 107.6449
47.0695 107.4812
47.1106 107.4839
46.9480 107.4960
46.9870 107.4921
47.0237 107.6230
47.0266 107.5194
46.9399 107.5929
46.8633 107.6530
47.1951 107.6592
47.0418 107.6853
47.1519 107.6118
47.0574 107.4388
46.9891 107.6929
46.9633 107.5505
47.1240 107.6522
46.9069 107.4804
47.0043 107.5978
47.0443 107.5179
47.1291 107.5340
46.9836 107.5698
47.0399 107.5931
47.0541 107.6174
46.9583 107.5442
47.0425 107.5520
47.1513 107.6815
46.9609 107.5957
47.0354 107.6422
46.9532 107.6130
46.7810 107.3334
47.0642 107.6658
47.1284 107.5802
46.9041 107.6016
47.1197 107.5816
46.9423 107.6192
46.9177 107.5214
