62.3008 92.7375
62.2548 92.6433
61.8865 92.6717
61.9103 92.5209
62.1513 92.5591
62.3038 92.4063
62.1986 92.4096
62.1262 92.3825
61.9434 92.6852
61.9048 92.6501
62.3083 92.7825
62.3037 92.6885
62.1379 92.6935
62.1693 92.7010
62.1443 92.6444
62.1927 92.6588
62.3555 92.7598
62.3529 92.7624
62.2095 92.6754
62.4600 92.7510
62.3298 92.7722
62.2806 92.7507
62.2853 92.6714
62.3262 92.7215
62.3255 92.6670
62.3029 92.7196
62.3111 92.7339
62.3623 92.6714
62.2696 92.3767
62.4271 92.3998
62.2080 92.4936
62.2006 92.3459
62.3348 92.3989
62.3607 92.4294
62.3665 92.4141
62.3727 92.4036
62.2365 92.3247
62.2133 92.4849
62.1542 92.4653
62.5429 92.4415
62.3029 92.6566
62.1947 92.6789
62.3121 92.3603
62.3527 92.3892
62.2928 92.3781
61.9892 92.4779
62.3157 92.4476
62.3077 92.3643
62.4361 92.2737
62.4920 92.7399
62.1899 92.3968
62.2527 92.3281
62.4003 92.1974
62.1858 92.4194
62.2288 92.4265
62.3260 92.5646
62.2974 92.4939
62.3327 92.4652
62.3610 92.4941
62.2391 92.3948
62.2313 92.5520
62.2218 92.4134
62.2894 92.5704
62.2405 92.3955
62.3386 92.3019
62.3703 92.5563
62.4084 92.4413
62.3911 92.4761
62.2254 92.3402
62.4009 92.2669
62.3077 92.3271
62.3017 92.5263
62.1405 92.4994
62.2991 92.4563
62.2545 92.3797
62.2002 92.3192
62.1499 92.4446
62.1685 92.3210
62.2052 92.4353
62.1927 92.2428
62.2311 92.4392
62.2526 92.3246
62.1462 92.3833
62.0694 92.4736
62.0866 92.3909
62.1875 92.3908
62.1483 92.3448
62.1437 92.2997
62.1904 92.3235
62.1600 92.4485
62.2348 92.4120
62.1473 92.3374
62.1013 92.4048
62.1735 92.4636
62.3003 92.4393
62.1473 92.5218
61.9276 92.5506
62.0970 92.4470
62.1349 92.4994
62.1744 92.3785
62.1468 92.4053
62.1484 92.4474
62.1862 92.3409
62.2033 92.4061
62.1952 92.4263
62.2603 92.4098
62.2649 92.5020
62.2467 92.3280
62.2525 92.3643
62.2906 92.3243
62.2622 92.4102
62.2849 92.3846
62.1170 92.4178
62.2491 92.1880
62.2021 92.3892
62.2150 92.5059
62.1613 92.4237
62.2299 92.5085
62.1516 92.2478
62.1333 92.4476
62.2742 92.3595
62.3251 92.4788
62.2393 92.3183
62.3089 92.2576
62.2942 92.3522
62.2653 92.4874
62.3895 92.3822
62.2893 92.3238
62.2466 92.2812
62.2869 92.3531
62.2044 92.4400
62.2081 92.4224
62.2258 92.3869
62.1996 92.4591
62.2419 92.4761
62.3508 92.3170
62.2638 92.3712
62.2479 92.4045
62.2934 92.3766
62.2860 92.3936
62.2207 92.4232
62.3098 92.4070
62.3142 92.4898
62.2710 92.4521
62.3371 92.3975
62.3421 92.3832
62.2277 92.3805
62.2794 92.4150
62.2130 92.3982
62.2999 92.3970
62.2666 92.4058
62.3312 92.3834
62.2857 92.3902
62.3237 92.3880
62.3641 92.3645
62.3114 92.3688
62.3097 92.3964
62.2922 92.3351
62.3240 92.4446
62.2580 92.3947
62.2225 92.5169
62.3182 92.3688
62.2947 92.4232
62.2855 92.3976
62.2586 92.4342
62.3219 92.4086
62.2998 92.4003
62.3389 92.3404
62.2659 92.4423
62.4575 92.3758
62.2910 92.4369
62.3618 92.3087
62.3420 92.4223
62.3207 92.3831
62.3211 92.4644
62.2915 92.3847
62.3342 92.4054
62.3172 92.3555
62.3229 92.4048
62.2772 92.3526
62.3384 92.4093
62.3060 92.4079
62.2792 92.3861
62.3368 92.3686
62.2968 92.3993
62.2646 92.3638
62.3196 92.4356
62.3279 92.3953
62.3165 92.4050
62.3393 92.3618
62.2969 92.4224
62.2794 92.4573
62.2432 92.4696
62.2778 92.3708
62.2688 92.4134
62.2473 92.3823
62.2681 92.4060
62.2853 92.4167
62.2552 92.3764
62.2187 92.3793
62.2074 92.3811
62.2793 92.4430
62.2474 92.3894
62.2760 92.3920
62.2657 92.4230
62.2883 92.4499
62.2644 92.3944
62.2859 92.3963
62.3564 92.3146
62.3073 92.3980
62.2283 92.3628
62.2176 92.3915
62.2023 92.3288
62.2199 92.4247
62.2807 92.4948
62.2746 92.5047
62.2691 92.5073
62.3597 92.6930
62.3278 92.7404
62.2142 92.6202
62.2385 92.7375
62.4365 92.7707
62.2891 92.5938
62.2562 92.5066
62.2259 92.4935
62.2358 92.5055
62.2397 92.5164
62.2179 92.4847
62.2635 92.5033
62.2463 92.5392
62.2577 92.5135
62.2500 92.4970
62.1941 92.5249
62.2765 92.4995
62.2409 92.5364
62.2476 92.4982
62.2401 92.5114
62.2644 92.5243
62.2971 92.4743
62.2569 92.5523
62.2764 92.5116
62.2531 92.4845
62.1796 92.4181
62.2641 92.4100
62.2143 92.4038
62.2306 92.4374
62.2190 92.4072
62.2531 92.4090
62.2000 92.3837
62.2578 92.4051
62.2374 92.4154
62.2435 92.3888
62.1802 92.4186
62.2368 92.4004
62.1897 92.3216
62.2611 92.4084
62.1804 92.3996
62.2229 92.4050
62.1945 92.3679
62.1899 92.4569
62.2044 92.4012
62.2379 92.4000
62.2780 92.4050
62.2262 92.4626
62.1710 92.5042
62.2698 92.4423
62.1965 92.3182
62.2324 92.4383
62.2430 92.4574
62.2295 92.3756
62.2264 92.4385
62.2218 92.3995
62.1979 92.4024
62.2392 92.3141
62.2368 92.3725
62.2250 92.4770
62.2178 92.4662
62.1878 92.4303
62.2076 92.3890
62.1346 92.4382
62.2451 92.4332
62.2147 92.4217
62.2230 92.4304
62.2450 92.4145
62.2624 92.4141
62.2566 92.5035
62.2220 92.4185
62.2433 92.4610
62.2754 92.4042
62.2059 92.4578
62.2357 92.4347
62.2358 92.4457
62.2446 92.4099
62.2298 92.4044
62.2383 92.4077
62.2758 92.4603
62.2048 92.4581
62.2781 92.3866
62.2467 92.4344
62.2341 92.4375
62.2588 92.4258
62.2069 92.3925
62.2603 92.3971
62.2075 92.3962
62.2638 92.4606
62.2416 92.4297
62.2399 92.4125
62.2724 92.5036
62.2177 92.5599
61.9070 92.7196
61.9738 92.5461
61.8585 92.5942
62.0064 92.5700
61.9082 92.7067
62.0015 92.6198
61.8736 92.5788
61.9607 92.6329
62.0047 92.5784
61.9828 92.6580
62.0525 92.6416
61.9739 92.6340
62.0060 92.6309
62.0350 92.6595
62.0111 92.5044
62.0398 92.5194
61.8725 92.6986
62.2961 92.3806
62.4028 92.6940
62.1175 92.3335
62.2713 92.3628
62.2199 92.3505
62.2643 92.4028
62.2035 92.3739
62.2011 92.3648
62.1773 92.3418
62.1574 92.3370
62.2947 92.4067
62.2765 92.4356
62.2729 92.4320
62.1784 92.3882
62.2335 92.3904
62.2178 92.3850
62.2118 92.3645
62.2103 92.3831
62.3031 92.4197
62.2662 92.3561
62.2403 92.4301
62.2003 92.4255
62.2341 92.4124
62.2206 92.3541
62.1879 92.3676
62.1988 92.3467
62.1905 92.4153
62.1906 92.3498
62.2483 92.3837
62.1957 92.3859
62.2058 92.3838
62.2019 92.4079
62.2708 92.3692
62.2554 92.4048
62.2857 92.3545
62.2538 92.4121
62.2605 92.3963
62.2180 92.3401
62.2689 92.3637
62.2512 92.3568
62.2509 92.3943
62.2553 92.3745
62.2590 92.4289
62.2038 92.4490
62.2300 92.3708
62.2967 92.4144
62.2506 92.4531
62.3048 92.3778
62.2342 92.3648
62.2697 92.3373
62.2217 92.3973
62.2287 92.4064
62.2628 92.3776
62.1965 92.3363
62.0256 92.6487
62.0219 92.6122
62.0189 92.5639
61.9749 92.7030
62.0433 92.6492
61.8373 92.6201
61.9142 92.6552
62.0484 92.6479
62.1133 92.6472
62.0183 92.7006
62.0677 92.7902
61.9941 92.7441
62.0691 92.6549
61.9698 92.5931
62.0136 92.4850
61.9777 92.6844
62.0775 92.5026
62.0573 92.5771
61.9600 92.6667
62.0332 92.6528
61.9634 92.6182
61.9460 92.6684
62.0667 92.6183
62.0382 92.6269
61.9848 92.6456
61.9794 92.5730
61.9842 92.5557
62.0678 92.5672
62.0693 92.5442
61.9806 92.6770
61.9123 92.6860
61.9651 92.6443
62.0617 92.6899
61.9792 92.5932
62.0102 92.6690
61.8872 92.6267
61.9214 92.4568
61.9620 92.6305
62.0070 92.7104
62.3304 92.7667
62.4096 92.7696
62.3544 92.6448
62.2673 92.6689
62.3009 92.5325
62.3172 92.6218
62.3651 92.8631
62.4237 92.6649
62.3939 92.7783
62.4362 92.6501
62.3037 92.7526
62.4097 92.6241
62.3500 92.6967
62.3618 92.7306
62.4087 92.6599
62.3773 92.5076
62.2812 92.7600
62.4053 92.7574
62.2199 92.6491
62.1656 92.7493
62.3125 92.8760
62.3780 92.8596
62.6413 92.8203
62.4455 92.6976
62.3247 92.7991
62.4334 92.6559
62.4175 92.6826
62.3938 92.8162
62.3539 92.8660
62.3855 92.8524
62.2531 92.6348
62.3185 92.4644
62.3534 92.7876
62.4651 92.8538
62.2299 92.7801
62.1009 92.6568
62.3045 92.7275
62.2648 92.6185
62.3665 92.7063
62.1186 92.8233
62.4473 92.7305
62.1175 92.7395
62.3793 92.9590
62.3610 92.6583
62.5040 92.6992
62.4008 92.7984
62.2010 92.7362
62.3898 92.6558
62.3214 92.6023
62.4150 92.5275
62.4351 92.6978
62.3407 92.7618
62.2918 92.6922
62.1448 92.5296
62.2365 92.6427
62.4684 92.7128
62.2720 92.7585
62.4309 92.8230
62.3240 92.7584
62.4114 92.8020
62.3222 92.7514
62.3723 92.6224
62.1264 92.6899
62.4001 92.7058
62.2997 92.6841
62.4177 92.6745
62.3820 92.8263
61.9418 92.7735
61.9932 92.6155
62.0415 92.6209
61.9726 92.6566
61.9932 92.6406
61.9772 92.6542
61.9713 92.6475
61.9715 92.6446
62.0204 92.6281
62.0512 92.5932
62.0155 92.6611
62.0174 92.6060
61.9969 92.6265
62.0370 92.6308
62.0004 92.6719
61.9843 92.6301
62.0233 92.6578
61.9802 92.6306
61.9754 92.6674
62.0171 92.6250
62.3071 92.5882
62.3775 92.7451
62.2433 92.7209
61.9962 92.6456
62.0794 92.6067
