25.5229 178.4923
25.5657 178.6895
25.4775 178.4196
25.3552 178.3443
25.5850 178.1371
25.7435 178.4006
25.8199 178.3204
25.4909 178.5766
25.5349 178.1036
25.4826 178.2605
25.5983 178.3282
25.6199 178.1614
25.4148 178.3405
25.5450 178.2452
25.3961 178.3894
25.5782 178.3402
25.6066 178.1771
25.6961 178.2500
25.5900 178.2957
25.6080 178.4481
25.4430 178.2723
25.5723 178.3823
25.4526 178.3465
25.9096 178.1663
26.0007 178.4663
25.9298 178.4068
25.8441 178.3517
25.9539 178.3385
25.9609 178.3699
25.8969 178.4349
25.8687 178.4114
25.9483 178.3465
25.8544 178.3314
25.7777 178.4185
25.9455 178.3383
25.6034 178.4533
25.9289 178.7170
25.7474 178.7362
25.6476 178.6357
25.5486 178.1833
25.3377 178.4081
25.5364 178.3972
25.5176 178.1194
25.5734 178.3109
25.5945 178.3572
25.4336 178.5132
25.7331 178.0864
25.7278 178.4411
25.6883 178.6473
25.9137 178.7114
26.0488 178.6555
26.0188 178.3815
25.8414 178.2398
25.5799 178.4470
25.7685 178.2140
25.5888 178.4519
25.6354 178.2946
25.7876 178.3107
25.4883 178.4000
25.6472 178.3785
25.6532 178.3677
25.6884 178.3790
25.7442 178.5323
25.6757 178.4419
25.8374 178.1163
25.5638 178.4567
25.5639 178.3631
25.4295 178.3457
25.5365 178.8150
25.7775 178.6948
25.7046 178.8563
25.6942 178.6400
25.7830 178.8871
25.6861 178.7193
25.8444 178.7837
25.8303 178.6931
25.7683 178.7715
25.7446 178.7045
25.7427 178.6717
25.6999 178.6466
25.7992 178.5021
25.6282 178.6390
25.7009 178.8465
25.8271 178.6857
25.8639 178.7608
25.8673 178.6293
25.7907 178.6102
25.8855 178.5886
25.7556 178.6978
25.7027 178.6589
25.7236 178.7119
25.8598 178.5462
25.8537 178.7909
25.9252 178.7008
25.6855 178.7689
25.7915 178.8257
25.7589 178.7065
25.8261 178.7921
25.6105 178.6946
25.7699 178.7545
25.8592 178.6079
25.8545 178.8459
25.6908 178.5265
25.9564 178.9413
26.0189 178.7089
25.9599 178.7558
25.8806 178.4048
25.4343 178.6980
25.4585 178.5163
25.7877 178.6444
25.8475 178.6579
25.8925 178.3492
25.8680 178.4347
26.1174 178.4143
25.9189 178.3543
25.9395 178.3938
25.7949 178.8079
25.6912 178.8639
25.7796 178.8987
25.6444 178.6230
25.7687 178.6325
25.6987 178.8153
25.7161 178.7329
25.7096 178.6762
25.8287 178.7505
25.7819 178.7627
26.0036 178.6547
25.7289 178.7792
25.7179 178.7847
25.7039 178.6087
25.8971 178.7678
25.7275 178.8440
25.5706 178.6900
25.6714 178.6682
25.8364 178.7247
25.7582 178.7465
25.6939 178.8002
25.9499 178.6772
25.8850 178.7473
25.8088 178.6165
25.7603 178.6372
25.9164 178.9623
25.9028 178.6911
25.8168 178.7493
25.8622 178.7314
25.7697 178.6458
25.8336 178.6675
25.7402 178.6386
25.5921 178.7398
25.6709 178.5118
25.7888 178.8214
25.7900 178.5204
25.7976 178.8407
25.5706 178.7353
25.5666 178.7905
25.7630 178.7430
25.8062 178.7389
25.9505 178.6410
25.5947 178.7594
25.8938 178.7753
25.8470 178.5754
25.6146 178.7792
25.6530 178.7154
25.7525 178.6431
25.7465 178.6060
25.8979 178.6553
25.5507 178.3729
25.7702 178.7334
25.6822 178.6514
25.6851 178.6000
25.7097 178.7293
25.9156 178.5727
25.5967 178.6324
25.7305 178.6633
25.8054 178.7743
25.8307 178.6814
25.8473 178.7478
25.8053 178.5819
25.8278 178.7709
25.6869 178.5648
25.7688 178.6423
25.8040 178.6493
25.8518 178.6604
25.9182 178.7864
25.7740 178.7017
25.9727 178.5776
25.9945 178.7866
25.7282 178.7532
25.8214 178.6599
25.9606 178.7590
25.8493 178.6726
25.6753 178.5902
25.9118 178.6450
25.9473 178.7821
25.8108 178.5647
25.8755 178.6811
25.7118 178.8192
25.7512 178.6795
25.7451 178.6962
25.7165 178.7234
25.8219 178.2368
25.4621 178.2672
25.6543 178.4053
25.6120 178.2989
25.5092 178.2610
