82.0194 144.4516
81.8601 144.3382
81.7975 144.4168
81.9821 144.4424
81.9039 144.6948
82.2133 144.5463
82.1019 144.3927
81.9556 144.3401
82.0837 144.4763
82.1004 144.6714
82.2273 144.4960
82.0179 144.4930
82.2525 144.4245
82.0872 144.4619
82.1100 144.6701
82.1656 144.4670
82.1829 144.5761
81.8716 144.3802
81.9155 144.5799
82.0605 144.5518
82.1716 144.4407
82.0108 144.4891
82.2840 144.3374
82.1835 144.6170
82.0948 144.5456
82.0589 144.4112
82.2230 144.3794
82.0802 144.4893
81.9195 144.7541
81.9554 144.7575
81.6920 144.7227
81.4944 144.5549
81.8395 144.2996
82.1001 144.4212
81.9122 144.2371
81.8566 144.3747
81.8906 144.4720
81.7096 144.4212
81.8215 144.4363
81.8853 144.5808
81.5616 144.3088
81.9297 144.4399
81.8750 144.3709
81.8572 144.3530
81.7255 144.3952
81.8679 144.3257
82.0506 144.2234
81.9863 144.5934
82.0796 144.3872
81.9142 144.3416
82.1405 144.5254
82.1325 144.4529
82.0249 144.3049
82.2039 144.3210
81.9051 144.4805
82.1403 144.5897
82.1167 144.4746
82.1527 144.5375
82.1847 144.5480
82.1668 144.5457
82.1149 144.4910
82.1370 144.5715
82.0983 144.5332
82.1101 144.5190
82.1328 144.5428
82.0851 144.5693
82.0863 144.5545
82.1675 144.5097
82.1565 144.5167
82.1336 144.6098
81.7791 144.3424
81.8766 144.2631
81.9062 144.4754
81.9046 144.4144
81.7885 144.4272
81.9585 144.5562
81.7594 144.3884
81.8999 144.5885
81.8978 144.4005
81.8011 144.3742
81.8682 144.3338
81.8766 144.3874
81.8677 144.3737
81.6105 144.3141
81.8234 144.4852
81.9267 144.3616
81.9645 144.5092
81.8643 144.4453
81.8992 144.4205
82.2026 144.4883
81.6501 144.4596
82.0287 144.2336
81.7103 144.2970
81.9140 144.4062
82.0008 144.2226
81.7711 144.6161
81.9353 144.4277
81.9936 144.5031
81.7313 144.5180
81.9321 144.3102
81.7516 144.2869
81.9245 144.1596
81.7160 144.4223
81.7503 144.5333
82.0358 144.3800
81.7514 144.3595
81.8111 144.3087
81.9366 144.3335
81.7752 144.4405
81.9978 144.4986
81.9854 144.3653
81.7995 144.4500
81.8576 144.4549
81.8190 144.3123
81.7487 144.3642
81.9220 144.3406
81.9942 144.3259
81.9588 144.2660
81.9267 144.5330
81.9172 144.4870
81.7298 144.3477
81.9573 144.3677
81.8680 144.3392
81.7231 144.3926
81.9026 144.5277
81.7730 144.3424
81.7718 144.5625
81.8175 144.3375
82.1007 144.3289
81.9410 144.6344
81.8732 144.2426
81.8621 144.6122
81.8170 144.4026
81.9534 144.3185
82.3030 144.3884
82.1978 144.4728
82.2439 144.5347
82.2421 144.3805
82.2211 144.3845
82.2822 144.6905
82.1783 144.4394
82.2312 144.5554
82.1685 144.4124
82.2080 144.5190
82.2155 144.5237
82.1870 144.5112
82.1750 144.4930
82.1945 144.5527
82.1707 144.5176
82.2620 144.2984
81.8955 144.8290
81.9962 144.7481
81.8315 144.7161
81.9095 144.7972
81.8878 144.7264
81.9800 144.8859
81.9517 144.7889
82.1172 144.8452
82.0410 144.7567
81.8382 144.7260
81.9599 144.8061
82.0121 144.7700
81.9297 144.7482
81.7684 144.8360
82.2091 144.7889
81.8625 144.7144
81.9459 144.5976
82.0056 144.8652
81.8049 144.9583
81.8980 144.6031
81.8742 144.5869
81.9806 144.9762
81.9640 144.7624
81.8503 144.8172
82.1463 144.9277
81.9278 144.7618
81.9367 144.7503
82.0321 144.3876
82.2179 144.6538
82.2293 144.5491
82.2383 144.5333
82.1203 144.8398
81.9867 144.8577
81.9737 144.7654
82.0647 144.6914
82.0152 144.7603
81.8894 144.4104
81.9860 144.4536
82.0207 144.4922
81.9879 144.3867
82.0160 144.5228
82.0447 144.4405
81.9639 144.5353
82.0400 144.3425
