46.0951 56.8795
45.9848 56.9532
45.9570 56.7936
45.7414 56.7554
45.7551 56.7342
45.8592 56.7607
45.8862 56.7372
45.8104 56.6778
45.9300 56.7539
45.8404 56.6320
46.0144 56.7988
45.7694 56.8312
45.8438 56.8064
46.0681 56.7415
45.7548 56.6481
46.0110 56.8608
45.7729 56.8302
45.9526 56.7415
45.9133 56.7148
45.7087 56.8165
45.9642 56.6277
45.8504 56.8059
45.8255 56.9011
45.8783 56.7541
46.0273 56.7385
45.7901 56.6007
45.9403 56.7781
45.9661 56.8060
45.7675 56.8107
45.9669 56.9410
45.7527 56.7948
45.7166 56.9732
45.7925 56.9605
45.9026 56.8545
45.7239 56.6872
45.9556 56.7503
45.9515 56.8530
46.0464 56.8707
45.9046 56.7505
46.0592 56.8074
46.0008 56.7192
46.1184 56.7966
46.0403 56.6931
45.8493 56.6548
45.9517 56.6851
45.9380 56.7720
45.9021 56.6813
45.9543 56.8738
46.0938 57.0005
46.1616 57.2348
46.1010 57.1354
45.8954 56.9602
45.9779 57.1388
46.0105 56.9351
46.0492 56.8573
46.3720 56.9341
46.3277 57.2241
46.2544 57.0888
46.0722 56.9876
46.1482 56.8623
46.1310 57.0389
46.1153 57.0204
45.9989 57.0461
46.1234 56.8828
45.9940 57.1732
46.0106 56.9398
46.0660 56.9785
46.0241 57.0112
45.9241 56.9347
46.0282 56.9048
46.1322 56.9752
46.1310 56.9816
45.9630 57.0449
45.9817 57.0180
46.1854 56.9230
46.1569 56.9892
46.1219 56.9216
46.2707 56.9255
46.0085 57.1333
46.1434 56.9242
46.2624 57.1582
46.1792 56.9612
46.0220 56.9004
46.0275 57.1199
46.0661 56.9863
46.1293 57.1431
46.0165 56.8372
46.0162 56.9206
45.9809 57.0173
46.0844 57.1692
46.0996 57.1457
46.0900 56.9554
45.6060 56.6878
46.1275 56.9496
46.2284 56.9733
45.6311 57.1257
45.7378 57.1009
45.7934 57.1167
45.8283 57.0618
45.6554 57.0258
45.7916 57.0443
45.8459 56.9527
45.7424 57.2456
45.7567 57.2984
45.8143 56.9975
45.9927 56.6674
46.0217 56.7908
45.9907 56.6791
46.0834 56.6077
46.0152 56.7861
45.9322 56.8855
45.9384 56.7331
45.8759 56.7404
46.0106 56.6959
45.8219 56.7693
45.9204 56.7159
45.9364 56.7338
45.8832 56.7564
45.8887 56.7801
45.9724 56.6623
45.9534 56.9727
46.0747 56.7536
45.7276 56.7290
45.8538 56.7824
45.7682 56.6310
46.1649 56.7956
45.9139 56.7196
45.9975 56.7633
45.9679 56.6874
45.8492 56.7156
46.1366 56.6672
45.7888 56.7651
45.9524 56.6898
45.8860 56.5092
45.8780 56.7901
45.8738 56.7179
46.1195 56.7922
45.8531 56.7080
45.8970 56.7105
45.9030 56.5569
45.8932 56.6015
46.0335 56.6858
45.9166 56.6323
45.9931 56.7148
46.2550 57.1105
45.7571 57.0038
45.6588 57.1093
45.7427 57.0229
45.8397 57.0511
45.7050 57.0746
45.9704 57.2647
45.6373 57.0369
45.6920 56.9091
45.8467 56.9435
45.8063 56.6153
46.0353 56.6759
45.9462 56.6541
45.9711 56.8028
45.8923 56.7451
45.9040 56.6829
45.9207 56.7302
45.8613 56.8157
45.9406 56.7596
45.9019 56.7293
45.9527 56.7371
45.9105 56.7489
45.9490 56.7184
46.0099 56.7331
45.8282 56.7948
45.9142 56.7328
45.8537 56.7373
45.9162 56.7793
45.8418 56.7315
45.8622 56.7120
45.9591 56.6428
45.8680 56.7782
45.9954 56.5257
45.8797 56.7015
45.8256 56.7312
45.7855 56.7607
45.9287 56.8425
45.9494 56.6179
46.0189 56.7929
46.0026 56.6745
45.9456 56.7731
45.8806 56.7748
45.9151 56.6758
45.9892 56.9180
46.1557 57.1976
46.1079 56.7862
46.1395 57.0285
46.1612 57.1443
46.3173 57.0582
46.2401 56.9964
46.1339 56.9595
46.2128 56.9993
46.2166 57.0182
46.1642 56.9823
46.2947 56.9662
46.0285 57.0199
46.1236 56.9100
46.1110 56.8620
46.3095 56.9733
46.2315 56.9130
46.0967 56.9340
46.1911 56.5745
46.0837 56.9191
46.0996 56.9551
45.9094 56.8018
46.2331 57.1010
46.1935 57.0929
46.1772 56.8617
46.1169 56.9435
46.0537 56.8766
46.2620 56.8931
46.0677 56.9888
46.1785 57.0703
46.2620 56.8520
46.1541 56.9639
46.1848 57.2141
46.1208 56.8825
46.1773 56.9634
46.0347 57.0436
46.2904 57.0284
46.0831 57.0867
46.1143 56.9634
45.9965 57.2831
46.1704 57.3539
46.0104 57.3880
46.1014 57.4018
46.0279 57.0642
46.0662 57.0244
46.0647 57.3671
46.0047 57.0646
46.1314 57.2142
46.0272 57.1029
46.0820 57.2907
46.0544 57.2908
46.1827 57.1599
46.1920 57.2498
45.9299 56.7108
45.9516 56.6630
45.9729 56.7215
45.9466 56.5535
45.9486 56.7651
45.9844 56.6707
46.0135 57.0008
45.8591 56.9047
46.1339 56.7321
46.1903 56.9333
46.1690 57.0460
46.1349 56.8805
46.1493 56.8848
46.1159 56.7753
46.2081 56.9119
46.1125 56.9884
46.0889 56.9248
45.9863 56.8478
45.8291 56.9425
45.8424 56.9838
45.8398 57.0466
45.7357 56.9465
45.7210 56.9278
45.8550 57.1419
45.7846 56.9732
45.6710 56.9825
45.7932 56.9855
45.7151 56.8814
45.9281 57.0025
45.7687 57.0454
45.8111 56.9480
45.6349 57.0403
45.9011 57.0714
45.7761 57.0352
45.6878 56.9887
45.8403 56.9953
45.7927 57.1841
45.8911 56.9673
45.8787 56.9740
45.7817 57.2216
45.7759 56.9307
45.8191 56.9931
45.7780 57.0764
45.7671 57.0647
45.7166 56.9807
46.0068 56.9992
45.8232 56.9501
45.8035 56.9356
45.7962 56.9140
45.8993 57.0586
45.9333 57.0964
45.7628 56.9897
45.6216 56.9230
45.8114 56.9211
45.6645 56.9915
45.8130 57.1098
45.8395 56.9569
45.7143 57.1022
45.7855 56.8974
45.7796 57.1243
45.8600 57.1834
45.8217 56.9111
45.8046 56.9076
45.7128 56.9489
45.7394 57.0729
45.7680 57.1008
45.8999 57.0311
45.7240 57.0071
45.7306 56.9621
45.7695 56.9786
45.6962 57.1231
45.8079 57.1199
45.7145 56.8902
45.8086 56.9650
45.8935 57.1366
45.9637 57.0790
45.8043 57.1224
45.8354 56.9506
45.8670 56.8602
45.9678 56.5598
45.9828 56.9579
45.8802 56.8985
45.9026 56.6316
45.9048 56.6894
46.0046 56.8042
45.8223 56.9080
45.9476 56.8417
45.9778 56.7747
45.8818 56.6208
45.9683 56.6912
45.9982 56.7575
45.8719 56.5842
45.9858 56.7473
46.0071 56.7776
46.0843 56.6636
46.0752 56.5813
45.9423 56.6541
45.8778 56.6998
46.0412 56.7469
46.0374 56.7857
45.8874 56.8289
45.9036 56.7175
45.9122 56.7434
45.9990 56.7719
45.9168 56.7159
45.8996 56.7182
45.9161 56.7203
45.9151 56.7695
45.9667 56.7328
45.8946 56.7291
45.9465 56.9152
45.9981 57.0913
45.8141 56.8599
45.8348 56.9420
45.8289 57.0150
45.8603 56.9073
45.9539 57.0162
45.9038 57.1225
45.8724 57.0109
45.7847 56.9523
46.1964 57.2183
46.0160 56.7741
45.7781 56.9926
45.7863 56.8801
45.8896 56.9888
45.7521 57.0157
45.7347 57.0223
45.9530 57.1158
45.7562 57.1097
45.7099 57.0206
45.9109 56.9940
45.8331 57.1630
45.9878 56.7366
45.8642 56.7527
45.8243 56.7651
45.9716 56.6751
45.9170 56.6882
45.8509 56.6502
45.8909 56.6698
45.8960 56.6304
46.0928 56.7070
45.8448 56.6101
45.9990 56.7981
45.7509 56.6473
45.8342 56.8844
45.9764 56.5879
46.0296 56.6958
45.9267 56.7196
46.0329 56.6340
46.0041 56.6274
45.8855 56.8074
45.8573 56.8845
45.9527 56.7332
45.9761 56.6095
46.0918 56.6882
46.0111 56.6294
46.0004 56.4974
46.0247 56.7814
46.0296 56.8157
46.0006 56.7913
45.9549 56.7436
45.8640 56.7894
45.9391 56.7549
45.9568 56.6047
46.0347 56.7051
46.0329 56.7442
45.7409 56.7503
45.5387 57.1636
45.8535 56.8375
45.8592 56.9458
45.8664 56.9221
45.9168 56.9988
45.8061 57.0725
45.8962 57.2549
45.7593 56.9208
45.7516 56.8939
45.7882 57.0169
45.7643 57.0272
45.8065 57.0992
45.7910 57.0499
45.8721 57.0464
45.7921 57.0220
45.8220 57.1384
45.7310 57.0013
45.8259 57.0149
45.7735 57.0456
45.7893 57.0239
45.7988 57.0439
45.8028 56.9717
45.8205 56.9852
45.9987 56.6736
45.9615 56.7536
45.9045 56.9507
46.0702 56.6309
45.8386 56.8605
45.9492 56.6043
45.8565 56.6840
45.8174 56.7610
45.8245 56.7030
45.8863 56.6878
46.0016 56.7367
46.0658 56.6417
45.9536 56.7165
45.9459 56.8126
45.7823 56.7316
46.0537 56.8055
45.9860 56.6241
45.9703 56.6065
45.8605 57.3420
