68.8479 85.6269
68.5158 85.5521
68.4308 85.5449
68.6729 85.5954
68.6298 85.5809
68.6529 85.6036
68.6440 85.6787
68.4523 85.7491
68.5500 85.6427
68.5653 85.6003
68.9431 85.5860
69.1802 85.4255
68.6216 85.6768
68.7584 85.7012
68.5001 85.4936
68.9772 85.6782
68.5698 85.3542
68.5809 85.8696
68.3791 85.8104
68.7498 85.6802
68.7179 85.6233
68.6099 85.4012
68.5693 85.7101
68.5010 85.5429
68.5578 85.6797
68.8460 85.4201
68.6959 85.4186
68.6780 85.7030
69.0116 85.7411
68.9186 85.7248
68.9025 85.8295
69.0404 86.0680
69.0552 85.7483
69.0704 85.7548
69.0323 85.8183
69.1193 85.6626
68.9664 85.6890
69.0108 85.6998
68.6742 86.1258
68.7666 85.9627
68.7104 86.0129
68.6632 85.8434
68.7914 85.9549
68.7538 85.9680
68.7248 85.8863
68.7048 85.9478
68.7382 85.8556
68.8433 85.8591
68.7283 85.8735
68.7206 85.9698
68.7657 85.9933
68.5771 85.9771
68.7291 85.8604
68.7129 85.9650
68.5978 85.8367
68.6665 85.9151
68.6135 85.9589
68.6543 85.8867
68.7035 85.9133
68.7800 85.9525
68.8596 85.9910
68.7226 85.8769
68.7200 85.9993
68.5776 86.0089
68.8250 85.9854
68.6915 85.8125
68.6135 85.6979
68.5732 85.8169
68.6855 85.9591
68.7628 85.9279
68.5493 85.8392
68.7538 86.0042
68.6614 85.9296
68.8273 85.9180
68.5995 85.7450
68.6700 85.7631
68.7541 85.7949
68.8602 85.8769
68.6157 85.9411
68.6367 85.9546
68.7666 85.9810
68.7013 85.9398
68.7666 85.9886
68.5842 85.9731
68.6786 85.8395
68.6826 86.0236
68.7339 85.8030
68.6760 86.1069
68.6642 86.0168
68.6078 86.0176
68.6564 85.8847
68.6049 85.9530
68.8076 85.8690
68.6559 86.0614
68.7328 86.0225
68.7212 86.1260
68.7833 85.9536
68.6352 86.0367
68.7841 85.9278
68.6321 85.9284
68.6801 85.9608
68.6708 85.9178
68.5918 85.6989
68.9973 85.4926
69.0908 85.5976
68.9561 85.7154
69.0074 85.7617
69.1245 85.6228
68.9116 85.7321
69.1230 85.6143
69.0964 85.5744
68.9591 85.7185
69.1205 85.7504
69.0348 85.7391
69.0129 85.8278
69.1641 85.5684
68.9823 85.7235
69.0970 85.6972
69.2382 85.5951
69.1184 85.7170
69.0512 85.7273
69.1111 85.8314
69.1522 85.5990
69.1490 85.7590
69.0621 85.6917
69.1790 85.6053
69.0755 85.7927
69.0778 85.7035
69.0737 85.7637
69.0397 85.6656
68.7069 85.5574
68.6839 85.4550
68.7046 85.5217
68.6695 85.4850
68.6725 85.4613
68.7206 85.5129
68.6751 85.5460
68.6968 85.5133
68.7004 85.5084
68.6775 85.5006
68.6867 85.5263
68.6745 85.5533
68.6737 85.4546
68.7863 85.5336
68.6743 85.6240
68.7473 85.6600
68.6570 85.6525
68.7299 85.4978
68.8001 85.5873
68.7467 85.5979
68.7887 85.7518
68.7795 85.4733
68.7813 85.5869
68.6826 85.6416
68.7076 85.6655
68.7434 85.6783
68.8170 85.7016
68.7195 85.5913
68.7478 85.7251
68.7562 85.6433
68.6705 85.6685
68.7165 85.6187
68.5060 85.7277
68.6426 85.6201
68.7765 85.6364
68.7893 85.6359
68.6605 85.6337
68.7968 85.6048
68.6689 85.5722
68.7766 85.5782
68.6756 85.6282
68.6880 85.7148
68.5680 85.5915
68.7502 85.7584
68.6680 85.6109
68.6735 85.6709
68.7392 85.6724
68.7828 85.6329
68.7509 85.6540
68.6891 85.5603
68.6235 85.7540
68.5992 85.6542
68.7537 85.7197
68.7152 85.6724
68.5997 85.5762
68.7949 85.5672
68.7029 85.5428
68.7034 85.7189
68.7411 85.5966
68.6320 85.6568
68.8277 85.5424
68.7632 85.5490
68.6013 85.6947
68.7332 85.7114
68.6680 85.6961
68.6873 85.6775
68.6736 85.6593
68.6921 85.6555
68.6836 85.7328
68.7164 85.4974
68.8159 85.9638
68.6730 85.9926
68.7685 85.9264
68.8851 86.0567
68.8617 85.9818
68.8284 85.9499
68.8487 85.8406
68.7571 85.9531
68.7345 85.9647
68.7586 86.0333
68.6724 85.8824
68.7821 86.0053
68.8056 85.9591
68.8700 85.8908
68.7338 85.9428
68.8733 85.9752
68.7061 85.9653
68.8467 85.8967
68.8473 85.8858
68.8921 86.0492
68.8079 86.0387
68.7415 85.8879
68.7474 86.0122
68.7733 86.0111
68.6403 85.9812
68.7751 85.9496
68.7796 85.9503
68.7659 85.9265
68.6576 85.8884
68.8012 85.9331
68.8624 85.9991
68.7124 85.9670
68.7570 85.9507
68.5609 85.9858
68.7825 85.9522
68.8318 85.9675
68.7785 86.0048
68.7573 86.0282
68.7976 86.0647
68.6938 85.9504
68.6607 85.9508
68.6920 86.0449
68.6683 86.0702
68.7716 85.5947
68.7590 85.6044
68.7419 85.6771
68.7528 85.5962
68.7574 85.6598
68.7249 85.6195
68.7633 85.5933
68.7674 85.6363
68.6870 85.8554
68.8926 85.7875
68.9092 86.0037
68.5963 85.5489
68.7419 85.6178
68.7654 85.7002
68.7873 85.6649
68.7177 85.5287
68.7698 85.3669
68.9251 85.5806
68.6904 85.6755
68.7094 85.4510
68.6728 85.6178
68.9121 85.6409
68.5591 85.4035
68.6711 85.4422
68.6163 85.4706
68.7457 85.5584
68.7538 85.5926
68.7050 85.6162
68.7035 85.5131
68.7806 85.6220
68.6996 85.7930
68.7764 85.6711
68.6893 85.6920
68.7238 85.6046
68.7970 85.5849
68.6101 85.5594
68.7392 85.5818
68.5853 85.6218
68.6468 85.5935
68.8442 85.6372
68.8677 85.4803
68.6661 85.6975
68.7675 85.6324
68.8363 85.6926
68.7025 85.6885
68.6045 85.7989
68.7961 85.7372
68.9606 85.5342
68.7617 85.6294
68.8471 85.5811
68.6273 85.6377
68.6331 85.7080
68.7988 85.6131
68.7501 85.5629
68.7218 85.6150
68.8188 85.6850
68.7148 85.4601
68.6380 85.6008
68.6825 85.4752
68.6984 85.6340
68.7989 85.6692
68.7113 85.6281
68.7951 85.6252
68.7969 85.5835
68.6784 85.6304
68.8035 85.6033
68.7100 85.5581
68.7159 85.7328
68.8019 85.7385
68.7473 85.7140
68.7585 85.6654
68.7141 85.6334
68.7980 85.8217
69.2704 85.9578
69.1187 85.7944
68.8246 85.6761
68.8572 85.6621
68.7697 85.6287
68.7127 85.6746
68.7633 85.6109
68.6946 85.6696
68.7982 85.5568
68.7501 85.5622
68.7260 85.6071
68.6693 85.6323
68.7650 85.6679
68.7133 85.6349
68.7619 85.5824
69.0263 85.8598
69.0393 85.7556
68.9917 85.7121
68.9668 85.7562
69.0174 85.7131
68.9749 85.7681
69.0158 85.7513
68.9848 85.7333
68.9529 85.6799
69.0520 85.7230
68.9868 85.7475
69.0220 85.7026
69.0247 85.7349
69.0145 85.7729
68.9795 85.7274
69.0290 85.7535
69.0018 85.7407
69.0087 85.6975
68.9984 85.7294
68.9796 85.7011
69.0375 85.7144
69.0521 85.6292
68.9130 85.6971
68.9545 85.7901
68.9862 85.7212
69.0113 85.7529
69.1178 85.7791
69.1117 85.7209
69.0583 85.5990
68.9446 85.6558
68.8901 85.6758
68.9707 85.7065
68.9976 85.6945
68.9681 85.6348
68.9891 85.8077
69.1119 85.7148
69.0141 85.7851
69.0052 85.7333
69.0921 85.7270
69.0394 85.7654
69.0742 85.7353
69.0089 85.7395
69.1083 85.6476
69.1029 85.5271
69.0776 85.7156
69.0586 85.6354
69.1324 85.8348
68.9969 85.7341
69.0713 85.6540
69.0106 85.7595
68.9882 85.7338
69.0328 85.7377
69.1151 85.7171
68.9911 85.6102
69.0343 85.5948
68.9656 85.7679
68.8912 85.6645
68.9407 85.7152
69.0808 85.6540
68.9420 85.7871
69.0300 85.6984
69.1474 85.7233
68.9765 85.8060
68.9904 85.8121
69.0200 85.7326
68.9551 85.7044
68.9906 85.6866
69.0398 85.7521
69.0703 85.7460
68.9807 85.6910
68.9720 85.7042
68.9011 85.6531
69.0063 85.5990
69.1573 85.7505
69.0757 85.6908
69.0751 85.7530
68.9861 85.7922
69.0637 85.7265
68.9934 85.7946
69.0545 85.6318
68.9562 85.6443
68.9933 85.7566
69.0025 85.7594
68.9763 85.7930
68.9999 85.8012
68.9296 85.8340
68.9997 85.7460
69.0159 85.7176
68.9641 85.7409
69.0046 85.7710
68.9978 85.7412
69.0416 85.6982
69.0747 85.6459
69.0006 85.6397
68.9446 85.6984
69.1027 85.7869
69.0639 85.6649
69.0359 85.7024
68.9789 85.6224
69.2293 85.8046
68.7182 85.6333
68.7321 85.5965
68.7579 85.6326
68.7098 85.6530
68.7056 85.6076
68.7021 85.6128
68.6977 85.6193
68.7510 85.6422
68.7021 85.5874
68.7434 85.6450
68.7201 85.6083
68.7034 85.6107
68.7595 85.6019
68.7120 85.6071
68.7483 85.5877
68.7225 85.6398
68.7392 85.5624
68.7322 85.6476
68.9376 85.8408
69.0974 85.5378
68.7019 85.7121
68.7844 85.5792
68.7598 85.5973
68.7343 85.5919
68.6760 85.6157
68.8603 85.6328
68.7740 85.6895
68.6876 85.7561
68.8244 85.5884
68.7794 85.6202
68.7850 85.6067
68.7307 85.6266
68.7172 85.6378
68.7586 85.5641
68.7361 85.6699
68.7727 85.6410
68.7755 85.5353
68.7829 85.6041
68.7230 85.6268
68.7645 85.5927
68.7617 85.6493
68.7501 85.6412
68.7916 85.6049
68.7702 85.7045
68.7640 85.6208
68.7508 85.6489
68.6705 85.6634
68.7615 85.6241
68.7128 85.5771
68.7348 85.6408
68.7646 85.5280
68.7228 85.5727
68.7011 85.5806
68.6143 85.5714
68.7932 85.6805
68.7078 85.6860
68.7557 85.6861
68.7737 85.7943
68.7540 85.7129
68.6950 85.6713
68.8156 85.6758
68.7507 85.6673
68.8638 85.6788
68.8797 85.7082
68.7682 85.6465
68.7190 85.6607
68.7343 85.7173
68.7488 85.5657
68.8021 85.6073
68.7777 85.5522
68.8096 85.6526
68.8124 85.6265
68.7499 85.6568
68.7490 85.6118
68.8195 85.7164
68.7519 85.6744
68.6432 85.7307
68.7950 85.7442
68.7665 85.6546
68.8150 85.7049
68.7533 85.6829
68.7905 85.5904
68.7433 85.6681
68.8398 85.6433
68.8013 85.6064
69.0072 85.9986
68.7008 85.6885
68.6871 85.7095
69.0432 85.6779
