105.4555 123.2694
104.8736 122.7198
104.8313 122.8140
104.9157 122.6123
104.9253 123.0739
104.7214 122.7639
104.7355 122.9081
104.7665 122.7444
104.8720 123.1338
104.6623 122.7871
104.9982 122.7868
104.8183 122.9710
104.7637 122.9057
104.9587 122.7564
104.9856 122.7310
104.7183 122.7943
104.8147 122.9840
104.8568 122.8490
105.0204 122.8960
105.0681 122.7817
105.0189 122.7080
104.8739 122.8498
105.0344 122.8221
104.7014 122.7282
104.8257 123.0629
104.9475 122.7728
104.9844 122.6425
104.9039 122.9200
104.9471 122.7707
104.8945 122.8218
104.8550 122.6823
104.9087 122.7910
104.9649 122.8890
104.9161 122.7850
104.8391 122.7713
104.9212 122.8202
104.9198 122.6895
104.8421 122.8182
104.8761 122.8195
104.8826 122.7692
104.8330 122.8094
104.8189 122.7911
104.9851 122.7261
104.7843 122.7526
104.9509 122.7368
104.8826 122.8368
105.0228 122.7820
104.8493 122.7913
104.9606 122.8879
104.8392 122.6519
104.9276 122.9315
104.7535 122.8496
104.9297 122.8325
104.9189 122.8866
105.4641 122.9359
105.1796 123.0168
105.1693 122.8708
105.1292 122.8495
104.9064 122.8400
104.9152 122.8013
104.8134 123.0758
104.9671 123.0736
105.0627 122.9442
105.0340 123.1699
104.9623 123.1329
104.9316 123.1931
105.0240 123.0035
104.9353 123.0686
104.9429 123.0286
104.9947 123.1588
105.0618 123.1484
105.0615 123.2459
105.2365 123.0406
104.9969 123.1062
104.9633 123.0114
104.9197 123.0937
104.9336 123.2101
105.1519 123.0527
105.0060 122.9861
104.8730 123.1547
104.8519 123.0756
104.8051 123.1980
104.9767 123.1976
105.0945 123.1309
104.9943 123.0969
104.9498 123.0172
104.8859 123.0974
105.1094 123.2299
105.0260 123.3209
104.9701 123.2195
104.9141 123.0893
104.9835 123.1981
105.0276 123.2216
104.6572 123.3626
105.1395 123.1680
104.9299 123.1323
104.9770 123.1961
105.2299 123.3591
104.9966 123.3546
105.0362 123.2947
104.9738 123.0064
104.9937 122.9007
104.7561 123.0261
104.9422 123.0010
104.7045 123.1770
104.8223 123.3156
104.9627 123.1075
104.9228 123.0691
104.7868 122.9653
104.9752 123.1394
104.7511 123.0831
104.8693 123.2370
105.0137 123.0632
104.8415 123.1838
104.8166 123.0552
105.1217 122.9775
104.9930 123.1798
104.8884 123.0994
104.9751 123.0888
105.1319 123.1480
105.0098 123.1648
104.9933 123.1024
105.0224 123.1577
104.9798 123.0292
105.1836 123.3816
104.9267 123.0592
105.3720 122.8874
105.2119 123.1219
104.9155 123.1989
104.9587 123.1229
105.0240 123.1072
104.9712 123.1452
104.9314 123.2584
104.7793 123.0394
105.0770 122.9334
104.8176 122.9955
105.2483 123.2634
105.0436 122.9940
104.8704 123.2889
105.0715 123.1316
104.9806 123.1356
104.8853 123.5278
104.9583 123.5336
104.9908 123.0507
104.8987 122.9175
104.9390 122.9954
105.3013 123.3260
104.7262 123.2378
105.0543 122.9601
105.2558 123.0501
104.9110 123.1315
104.9046 123.2785
105.1163 123.2750
104.9547 123.0360
105.1103 122.9931
104.9950 123.0653
104.9345 123.1332
105.0559 123.1623
105.3037 123.2949
105.1108 123.0135
105.2685 122.9084
104.9778 122.6871
105.0067 122.8245
104.9979 122.7815
105.0435 122.7986
105.0992 122.6826
105.0458 122.7974
104.9333 122.8615
105.0237 122.7672
104.8932 122.6793
105.0661 122.7892
105.0792 122.7689
104.8434 122.7714
105.0772 122.7527
105.0519 122.8647
105.0583 122.8154
105.1264 122.6754
104.8065 122.7176
105.0408 122.7129
104.8990 122.7076
104.8954 122.6795
104.9178 122.6456
105.0824 122.9885
104.8887 122.7983
104.9961 122.7757
104.8462 122.6923
105.1094 122.8748
104.9718 122.7497
105.0779 122.8440
105.3358 122.8109
105.3535 122.7371
105.1099 122.9641
105.2263 122.9507
105.1973 122.7306
105.3451 122.9387
105.0940 123.0260
105.1731 122.9850
105.3034 122.8993
105.1554 122.9075
105.3909 122.8514
105.3660 122.9406
105.3444 122.8483
105.1912 122.7594
105.2803 123.0016
105.2041 122.9386
105.2477 122.9687
105.1851 122.8343
105.1811 122.8687
105.2395 122.9842
105.3601 122.8163
105.2547 122.9047
105.2209 122.8951
105.1160 122.8996
105.3089 122.9863
105.2421 122.9156
105.2317 122.9828
105.3081 123.0389
105.2552 122.9357
105.2907 122.9710
105.3539 123.0082
105.1899 123.0179
105.1371 122.9209
105.3627 122.9680
105.1857 123.1192
104.9705 123.1368
104.9920 123.1149
104.9581 123.1293
104.9391 123.1241
104.9776 123.1093
104.9649 123.1292
104.9833 123.1722
104.9665 123.1147
105.0986 123.2091
104.9178 123.0332
104.9579 123.1275
105.0455 123.1881
105.0937 123.1226
105.0052 123.1122
104.9887 123.1704
104.9282 123.0766
104.9443 123.1772
104.9817 123.0736
105.0016 123.1790
105.0341 123.1285
104.8734 123.1752
104.9691 123.1168
105.1091 123.1109
105.0504 123.1071
104.9418 123.1093
105.1171 123.1994
104.9431 123.2115
104.9855 123.1502
105.0128 123.1715
104.9976 123.1314
104.9868 123.1208
105.0084 123.1049
105.0175 123.1190
105.0110 123.1188
105.0281 123.0904
104.9359 123.1435
104.9818 123.1579
104.8912 122.6513
105.1076 122.8869
105.0643 122.8026
105.4337 122.9741
105.0852 122.9895
105.2002 122.9573
105.4878 123.1768
105.4682 122.9007
105.0848 123.2207
105.3891 122.8737
