36.8816 67.2993
36.8828 67.1611
36.8762 67.2450
36.8797 67.1623
36.7928 67.2166
36.8204 67.3513
36.7338 67.1887
36.8320 67.2199
36.7647 67.2404
36.7429 67.2391
36.7687 67.2665
36.8440 67.3426
36.8667 67.2297
36.8515 67.3054
36.7137 67.1968
36.8560 67.3460
36.8275 67.2444
36.9016 67.3011
36.7616 67.4020
36.7335 67.2888
36.8065 67.2649
36.7981 67.2748
36.8034 67.2509
36.8978 67.2668
36.8152 67.2464
36.7806 67.3631
36.9282 67.2891
36.8737 67.3166
36.7918 67.2186
36.7955 67.3240
36.7976 67.3171
36.8611 67.1582
36.7738 67.2590
36.7139 67.3097
36.8453 67.4849
36.8102 67.2739
36.7272 67.3373
36.8501 67.2922
36.7629 67.3688
36.7303 67.3055
36.7736 67.2798
36.8706 67.3065
36.8860 67.3132
36.8151 67.3112
36.8118 67.3600
36.8010 67.3741
36.7955 67.3645
36.7129 67.3515
36.7548 67.3122
36.8121 67.3451
36.7716 67.2470
36.7676 67.2518
36.7986 67.3076
36.8121 67.3076
36.9077 67.4668
36.7996 67.3143
36.8095 67.3853
36.8078 67.3572
36.8069 67.3371
36.8353 67.3665
36.8067 67.3806
36.6632 67.5178
36.6740 67.3754
36.6310 67.5293
36.9187 67.8441
36.7882 67.7719
36.9494 67.8653
36.7820 67.7545
36.9408 67.8277
36.9140 67.5447
36.8732 67.7588
36.8605 67.7075
36.8236 67.6664
36.9791 67.7103
37.0825 67.5289
36.9736 67.6313
37.1167 67.4631
36.9853 67.4970
36.9675 67.6043
37.0456 67.4097
37.1595 67.6613
36.9964 67.4176
37.1990 67.5281
36.9704 67.3362
37.2068 67.5892
37.0889 67.5094
37.0362 67.5410
37.1501 67.6917
37.1852 67.5214
37.0542 67.4800
37.2337 67.5793
37.1455 67.4845
37.2367 67.4925
37.0744 67.6066
37.2429 67.7332
37.0303 67.4354
37.0985 67.6463
37.0156 67.4703
37.2784 67.5060
37.0469 67.4848
37.1525 67.4734
37.0949 67.6180
37.1074 67.5136
36.9966 67.6000
37.0976 67.5542
37.3196 67.7081
37.1197 67.4581
37.0817 67.6001
37.1259 67.4910
36.8413 67.5664
37.0342 67.4963
37.0796 67.4328
37.0849 67.4826
36.9913 67.4848
37.2053 67.6293
36.8426 67.5340
37.1605 67.7396
37.1740 67.5013
37.1904 67.5173
37.0387 67.6285
37.1064 67.4469
37.2210 67.6996
36.9756 67.3245
37.1067 67.6704
37.0978 67.4176
37.0235 67.5342
37.0381 67.6174
36.9489 67.5847
37.1175 67.5341
37.1247 67.5927
36.9435 67.5014
37.0153 67.4063
36.9888 67.0584
37.1608 67.5641
36.8924 67.6560
37.2557 67.3894
36.7990 67.4158
37.1560 67.0581
37.3680 67.3796
37.3558 67.6280
36.7135 67.6586
37.4359 67.5225
36.9286 67.8428
36.9161 67.4751
36.8936 67.4748
36.8590 67.3423
36.8194 67.3812
36.7617 67.4155
36.8360 67.3605
36.8595 67.3401
36.8376 67.3900
36.8680 67.4066
36.7782 67.3992
36.8700 67.3589
36.8674 67.3663
36.8453 67.3605
36.8507 67.4011
36.8595 67.3491
36.8239 67.3315
36.7676 67.3722
36.9403 67.5677
36.6753 67.1986
36.9082 67.3982
36.8647 67.3412
36.8396 67.3400
36.9294 67.3501
36.9065 67.4147
36.8832 67.3377
36.8561 67.4467
36.8043 67.3947
36.8012 67.3790
36.7164 67.4587
36.8819 67.4492
36.7891 67.4335
36.8739 67.3690
36.8215 67.3838
36.8975 67.3801
36.9299 67.4426
36.8388 67.4010
36.9793 67.4582
36.7211 67.4397
36.7742 67.3509
36.8186 67.3948
36.8092 67.3316
36.8724 67.3708
36.8715 67.3547
36.8433 67.4204
36.8631 67.4148
36.9580 67.4794
36.8905 67.4167
36.7770 67.3082
36.8608 67.2871
36.9536 67.3322
36.7904 67.4461
36.9021 67.3553
36.8329 67.3576
36.8303 67.3781
36.8240 67.3224
36.8196 67.3626
36.8089 67.3175
36.8298 67.2888
36.8426 67.3489
36.8785 67.4062
36.8522 67.3796
36.8407 67.3030
36.8277 67.3473
36.8415 67.3182
36.8040 67.3502
36.9006 67.3564
36.8503 67.3033
36.8758 67.3969
36.8116 67.3605
36.8395 67.3240
36.8950 67.3863
36.8685 67.3481
36.8520 67.3714
36.8415 67.3706
36.8196 67.3791
36.9218 67.3842
36.8251 67.3694
36.7704 67.3709
36.7967 67.3541
36.9254 67.4217
36.8335 67.3436
36.8348 67.3503
36.8887 67.3711
36.8766 67.3663
36.8218 67.4175
36.7910 67.3887
36.8387 67.3383
36.8937 67.3148
36.8271 67.2784
36.8187 67.3353
36.8615 67.3814
36.8385 67.3699
36.9430 67.4482
36.8353 67.3622
36.9273 67.3095
36.9166 67.3384
36.7991 67.3715
36.8619 67.4209
36.8288 67.3486
36.8844 67.3638
36.8808 67.4191
36.8112 67.3669
36.9060 67.3203
36.8753 67.3327
36.8067 67.3680
36.8107 67.4054
36.8902 67.3672
36.8533 67.3454
36.8891 67.3505
36.7899 67.3397
36.8705 67.3473
36.8801 67.3466
36.7698 67.3290
36.8309 67.3308
36.8693 67.3529
36.9197 67.3255
36.9221 67.3740
37.1965 67.5980
37.3019 67.6766
37.3141 67.5047
37.1492 67.5702
37.1859 67.4716
37.2008 67.5071
37.0151 67.5439
37.1745 67.5037
37.1063 67.6237
37.1244 67.5918
37.1373 67.5122
37.1006 67.4572
37.0823 67.4545
36.8447 67.3518
36.9555 67.2801
36.7719 67.8125
36.8949 67.6504
36.9770 67.6887
36.7187 67.2397
36.9615 67.9287
36.8790 67.5015
37.1799 67.3125
37.2732 67.4978
37.3763 67.4565
37.2822 67.5381
36.8903 67.6882
36.9223 67.7148
37.1850 67.7390
37.2690 67.4174
37.2757 67.5852
37.1898 67.5297
37.3230 67.8027
37.2145 67.3580
37.2246 67.4667
37.3241 67.6335
37.1989 67.5635
36.8795 67.7825
37.1093 67.7640
37.3016 67.4427
37.3023 67.5757
37.2107 67.5923
37.2185 67.4259
37.1976 67.6279
37.3594 67.6709
37.2148 67.3840
37.1993 67.4841
37.2719 67.5320
37.1442 67.5567
37.3025 67.4742
37.3068 67.5524
37.1749 67.5672
37.1809 67.5143
37.2182 67.2585
37.1308 67.6017
37.1009 67.4810
37.3056 67.5280
37.1409 67.6165
37.2110 67.5720
37.2643 67.3567
37.4785 67.4346
37.1990 67.5930
37.1908 67.6574
37.2089 67.4757
37.4684 67.5097
37.2338 67.4938
37.0471 67.5398
37.2550 67.4947
37.1556 67.4663
37.2245 67.4751
37.2548 67.5455
37.2586 67.5365
37.1762 67.6470
37.3565 67.2421
37.1579 67.5377
37.0896 67.5388
36.8912 67.7172
37.0302 67.8112
36.9260 67.7930
37.0830 67.7987
