66.6360 81.4405
66.7149 81.4426
66.7014 81.5385
66.8095 81.4697
66.4616 81.2674
66.8933 81.5077
66.9199 81.3675
66.8579 81.4859
66.8605 81.4879
66.8832 81.4275
66.8792 81.0364
67.1731 80.9374
66.8095 80.9543
66.9800 81.0758
66.8852 80.9936
66.8939 81.0352
66.8715 80.9965
66.9155 81.0292
66.9575 81.0074
66.8911 81.0068
66.9070 81.0503
66.7578 81.0111
66.6474 81.1764
66.6717 81.2417
66.6342 81.1158
66.6299 81.1386
67.0446 81.0883
66.8370 81.0157
66.9811 80.9734
66.9049 81.0180
66.9997 81.0388
67.0004 80.9314
66.8728 80.9945
66.9284 81.0290
66.9428 81.0761
66.9043 81.0696
66.9658 81.0264
66.9053 81.0385
66.9710 81.0588
66.9081 81.0369
66.9533 80.9913
66.9502 81.0519
66.9754 81.0566
66.9005 81.0210
66.9368 81.0191
66.9101 81.0319
66.9623 81.0173
66.8985 81.0470
66.8983 81.0168
66.8432 81.0168
66.8826 81.0035
66.9807 81.0150
66.8707 80.9958
66.9399 81.0880
66.8763 81.0236
66.8440 81.0501
66.9339 81.0203
66.9098 81.0306
66.9349 81.0935
66.8966 81.0414
66.8801 81.0073
66.8851 81.0270
66.9466 81.0881
66.9305 81.0456
66.9722 81.0066
66.9173 80.9899
66.9558 81.0608
66.9365 81.0192
66.9907 81.1164
67.0117 81.1538
66.9606 81.1160
66.9758 81.2268
66.9669 81.0993
67.0254 81.0931
66.9893 81.1423
66.9512 81.0788
66.9955 81.0146
66.9250 81.1216
66.9786 80.9715
66.9129 81.1136
66.9143 81.0349
66.9736 80.9850
66.9376 81.0411
66.9481 81.0049
66.9154 81.0670
66.9747 80.9875
66.9183 81.0691
66.9025 81.0167
66.9346 80.9675
66.9706 81.0299
66.8700 81.0574
66.9334 81.4868
66.9160 81.3938
66.9240 81.3132
66.7827 81.4461
66.8297 81.2613
66.8126 81.4434
66.9832 81.3472
67.0714 81.2658
66.8725 81.4131
66.9633 81.2891
66.8861 81.3100
66.9250 81.3745
66.8853 81.3653
66.9316 81.3273
66.7723 81.2120
66.9900 81.2745
66.9445 81.3727
66.9367 81.3518
66.9576 81.3607
66.9380 81.3670
66.7327 81.4927
66.8569 81.3300
66.9053 81.3983
66.9317 81.2725
66.9848 81.4491
66.8450 81.3443
66.9534 81.3728
66.9787 81.4746
66.7097 81.3261
66.7507 81.3382
66.7307 81.2783
66.8450 81.2920
66.7890 81.2990
66.7897 81.2817
66.7842 81.2597
66.7373 81.2734
66.7990 81.2957
66.7697 81.2470
66.7456 81.2942
66.7898 81.1785
66.7817 81.2703
66.8066 81.2341
66.6999 81.2874
66.8060 81.2526
66.7584 81.1953
66.7951 81.2447
66.7075 81.1860
66.7714 81.2379
66.8107 81.2923
66.7900 81.2451
66.7377 81.3244
66.7356 81.3083
66.8415 81.2319
66.8905 81.3007
66.8830 81.3596
66.7812 81.2534
66.8005 81.1646
66.8307 81.2400
66.8015 81.2363
66.7086 81.2920
66.7837 81.3220
66.8135 81.3376
66.8151 81.2585
66.6497 81.1214
66.6438 81.1082
66.7265 81.1698
66.5351 81.2746
66.6676 81.1248
66.6352 81.1120
66.5314 81.2322
66.5832 81.2212
66.5301 81.0719
66.6140 81.1002
66.6430 81.0271
66.5967 81.2925
66.6417 81.0878
66.6158 81.1428
66.6524 81.1934
66.6350 81.1055
66.6497 81.1997
66.6129 81.1585
66.7517 81.1427
66.7739 81.0974
66.7574 81.2866
66.5309 81.0031
66.7348 81.2994
66.7551 81.1461
66.6344 81.1885
66.6599 81.2500
66.6427 81.1649
66.7144 81.1210
66.6166 81.1115
66.7214 81.1073
66.5886 81.0150
66.6294 81.0869
66.6235 81.1017
66.7117 81.1868
66.6675 81.1553
66.6657 81.1767
66.7752 81.2725
66.7177 81.1722
66.7132 81.2915
66.6758 81.1082
66.6657 81.1367
66.6633 81.1353
66.7052 81.2427
66.6618 81.1462
66.6338 81.1248
66.5143 81.0705
66.6603 81.0123
66.6271 81.2215
66.6236 81.1265
66.5009 81.0979
66.7107 81.2103
66.5901 81.1227
66.5867 81.2110
66.5733 81.0529
66.6252 81.0718
66.6410 81.2663
66.6422 81.1648
66.7814 81.1830
66.6583 81.1050
66.5751 81.1295
66.5282 81.2146
66.6550 81.1076
66.5401 81.2707
66.6495 81.1505
66.6576 81.0923
66.5445 81.2731
66.6605 81.0496
66.5400 81.1494
66.6436 81.1324
66.6886 81.2555
66.6363 81.2237
66.7216 81.1390
66.5642 81.1024
66.6264 81.1345
66.6907 81.0923
66.6800 81.1812
66.5467 81.2391
66.6033 81.1514
66.6478 81.2821
66.5494 81.1993
66.7232 81.1710
66.5119 81.1977
66.5908 81.2200
66.5606 81.2208
66.6698 81.2195
66.5692 81.2398
66.5810 81.1062
66.5996 81.0907
66.5909 81.0917
66.6117 81.1592
66.6766 81.2447
66.7246 81.1188
66.6153 81.2276
66.5944 81.1727
66.7085 81.2367
66.6512 81.0750
66.7086 81.2332
66.6576 81.1559
66.6266 81.2338
66.5835 81.1854
66.5572 81.2287
66.6727 81.0450
66.6828 81.2509
66.6664 81.0528
66.7023 81.2165
66.6441 81.1999
66.5835 81.0815
66.7399 81.0596
66.5611 81.0026
66.7312 81.1899
66.7470 81.1084
66.6763 81.0669
66.6648 81.2233
66.6388 81.1399
66.6160 81.1330
66.6573 81.1677
66.6606 81.0746
66.5873 81.1661
66.5757 81.1668
66.7737 81.2025
66.7130 81.0964
66.6802 81.1551
66.6829 81.2256
66.8721 81.3932
66.8799 81.3706
66.8908 81.2705
66.8840 81.5272
66.8883 81.4257
66.7531 81.2166
66.7314 81.3005
66.8030 81.2240
66.8325 81.2690
66.7180 81.2659
66.7525 81.2514
66.7562 81.2903
66.7043 81.2991
66.7234 81.1750
66.7195 81.2663
66.7174 81.1920
66.7701 81.2616
66.7269 81.2785
66.7486 81.2322
66.7530 81.2919
66.8226 81.2035
66.7685 81.2479
66.6552 81.2728
66.7699 81.2316
66.7434 81.3059
66.7634 81.2881
66.8018 81.2890
66.7359 81.3141
66.6985 81.2041
66.7772 81.2260
66.8123 81.2692
66.7599 81.3183
66.7979 81.2903
66.7472 81.3085
66.8407 81.2519
66.7095 81.2414
66.6335 81.2010
66.5154 81.1399
66.5474 81.0955
66.5158 81.2331
66.6812 81.1529
66.4669 81.0909
66.7249 81.1505
66.6217 81.0869
66.5904 81.2030
66.6401 81.0967
66.7372 81.0978
66.6238 81.1797
66.6712 81.1977
66.7146 81.2836
66.8499 81.3125
67.0258 81.5810
66.8609 81.3509
66.9513 81.2540
66.8297 81.3372
66.9000 81.4463
66.9313 81.3493
66.9131 81.4140
66.8082 81.4017
66.9344 81.4054
66.9027 81.3041
66.8782 81.3234
66.9044 81.3278
66.9063 81.1824
67.0726 81.3119
66.9759 81.3631
67.1084 81.4604
66.9010 81.2820
66.7426 81.3680
66.6338 81.5891
66.9643 80.8445
66.9488 81.2491
66.9590 81.3007
66.7091 81.3718
66.9582 81.4284
67.0039 81.4803
67.0808 81.5522
67.0047 81.2752
66.8536 81.6833
66.8828 81.3095
66.8495 81.0680
66.8753 81.4010
66.6696 81.3039
67.0897 81.0387
67.1325 81.3160
66.8328 81.3559
67.0620 80.9116
66.9537 81.1043
66.6522 81.5529
66.8589 81.3721
66.8112 81.3136
66.9609 81.5114
66.8644 81.1628
66.5507 81.4386
66.8445 80.9916
66.7570 81.5619
67.1833 81.3310
66.7449 81.5833
66.7268 81.3447
66.8121 81.5748
66.6217 81.1611
66.6185 81.1919
66.6271 81.1790
66.5816 81.0898
66.5859 81.1464
66.6170 81.1360
66.6728 81.1063
66.6062 81.1830
66.6280 81.1616
66.4827 81.3769
66.6237 81.0869
66.6401 81.2055
66.6140 81.1480
66.6403 81.1683
66.5653 81.1273
66.7716 81.1703
66.7327 81.1062
66.6903 81.1928
66.7501 81.1280
66.7200 81.1330
66.8064 81.1658
66.8551 81.2289
66.5680 81.1560
66.6211 81.2667
66.7122 81.1792
66.6462 81.1936
66.6598 81.1289
66.7027 81.0988
66.6588 81.0734
66.6417 81.1261
66.6361 81.1406
66.6545 81.1746
66.6607 81.1372
66.6628 81.1133
66.7133 81.1312
66.8590 81.3492
66.9147 81.3403
66.9081 81.3439
66.9103 81.3553
66.9366 81.3654
66.8999 81.3588
66.8930 81.3206
66.8982 81.3458
66.9488 81.3858
66.9743 81.4868
66.9034 81.3611
67.0056 81.3949
66.9900 81.3751
66.9120 81.4196
66.8998 81.2703
67.0210 81.2767
67.0281 81.3199
66.9074 81.3614
67.0120 81.4074
66.9451 81.3882
66.9197 81.3501
66.8264 81.3110
66.8903 81.4777
66.8958 81.4736
66.9018 81.2765
66.7835 81.3392
66.9250 81.3960
66.9875 81.4015
66.8906 81.3231
66.9354 81.4358
66.8729 81.2691
66.9037 81.3673
66.9915 81.3714
66.9987 81.1895
66.9198 81.3573
66.7941 81.6399
67.0375 81.4244
67.1843 81.1818
67.2747 81.2156
66.8568 81.4154
66.8912 81.3533
66.9302 81.3448
66.8593 81.4043
66.9168 81.3932
66.8568 81.3729
66.8864 81.3533
66.8668 81.3717
66.8444 81.3125
66.8383 81.3760
66.9068 81.3860
66.8849 81.3982
66.8576 81.3668
66.8842 81.3961
66.9288 81.3705
66.9513 81.3581
66.9595 81.3518
66.9454 81.3251
66.8382 81.3696
66.9484 81.3636
66.8642 81.3601
66.8755 81.3611
66.8884 81.3559
66.9277 81.3461
66.8802 81.3735
66.9447 81.4376
66.9057 81.3796
67.0331 81.3666
66.9163 81.3442
67.1125 81.3735
66.8597 81.4597
66.8417 81.3143
66.9504 81.3737
66.9938 81.3303
66.9569 81.2953
66.8095 81.4987
66.9299 81.3641
66.7936 81.3594
66.9254 81.3193
66.8300 81.2178
66.9910 81.4521
67.0619 81.3670
66.9322 81.3728
66.8481 81.2355
66.9225 81.3317
66.9051 81.5202
66.9226 81.2789
66.8129 81.2929
66.9741 81.3602
66.9738 81.5151
66.9569 81.3697
66.8200 81.1967
66.8547 81.3641
66.7681 81.1950
66.6295 81.0784
66.7374 81.0428
66.7624 81.1071
66.7223 81.1585
66.7027 81.1712
66.6401 81.1585
66.6468 81.1120
66.7618 81.2128
66.7372 81.1123
66.6281 81.1287
66.7037 81.1611
66.8692 81.2322
66.7678 80.8096
66.5694 81.3560
66.7361 81.3324
66.6471 81.2351
66.6850 81.0807
66.6013 81.1348
66.6788 81.1013
66.6756 81.1469
66.6790 81.1684
66.6748 81.0967
66.7005 81.1300
66.6537 81.1912
66.6805 81.1272
66.6668 81.1299
66.6745 81.1537
66.6742 81.1251
66.6965 81.1565
66.7100 81.1862
66.6259 81.1831
66.6909 81.1270
66.6608 81.1236
66.6576 81.1371
66.6781 81.1593
66.6832 81.1106
66.6964 81.1972
66.7007 81.1674
66.6716 81.1221
66.7114 81.1811
66.6139 81.1700
66.7824 81.1770
66.9438 81.2330
66.9407 81.2370
67.2763 81.2267
66.6366 81.2696
66.5823 81.1804
66.6751 81.1454
66.6886 81.1629
66.5781 81.0965
66.9752 81.2613
67.0435 81.2613
66.8705 81.3769
66.6785 81.0819
66.7795 81.2067
66.6265 81.1196
66.7796 81.0984
66.7042 81.1184
66.7273 81.1430
66.7145 81.1180
66.7700 81.1346
66.6608 81.1067
66.7272 81.2538
66.7156 81.0545
66.7470 81.1830
66.6732 81.1929
66.7031 81.2513
66.7683 81.2245
66.7840 81.1956
66.7154 81.1201
66.6399 81.1671
66.6890 81.1500
66.6536 81.1413
66.6885 81.0223
66.7244 81.0715
66.6895 81.1037
66.7601 81.1722
66.8266 81.1662
66.7904 81.2296
66.6951 81.0895
66.7855 81.1237
66.5948 81.0874
66.7241 81.1701
66.7034 81.1116
66.8311 81.0700
66.7034 81.1071
66.6309 81.1284
66.7934 81.1442
66.6690 81.0383
66.7061 81.1384
66.7471 81.2421
66.6446 81.0568
66.7891 81.0916
66.6528 81.2380
66.7932 81.2400
66.6991 81.0868
66.7769 81.1269
66.6572 81.2689
66.6786 81.2291
66.7104 81.1707
66.6429 81.1293
66.7987 81.2474
66.8229 81.1804
66.7291 81.0529
66.7098 81.0203
66.6463 81.2591
66.7431 81.1976
66.6563 81.0625
66.6849 81.1765
66.7563 81.1552
66.7715 81.0848
66.7700 81.2185
66.7065 81.1717
66.7441 81.1039
66.7639 81.2291
66.6735 81.0354
66.7239 81.1114
66.7405 81.1999
66.7517 81.1983
66.7233 81.1815
66.8454 80.9626
66.7264 81.0993
66.5608 81.2529
66.7031 81.2993
66.7076 81.1806
66.7358 81.1978
66.7547 81.1472
66.6839 81.1677
66.6502 81.0636
66.6917 81.1867
66.7791 81.1982
66.6822 81.0917
66.7935 81.7009
66.6928 81.4703
66.7750 80.9720
66.8215 80.8925
66.8532 81.2316
66.4040 81.0813
66.6050 81.1348
66.6837 80.9986
66.7801 81.0779
66.7862 81.2366
66.6907 81.1028
66.7302 81.0992
66.8132 81.1316
66.5725 80.9944
66.8352 81.2285
66.7273 81.1436
66.7347 81.0504
66.6315 81.1984
66.6039 81.1695
66.7119 81.1713
66.6753 81.1049
66.7400 81.1160
66.6623 81.1904
66.7551 81.2934
66.7447 81.3644
66.7906 81.1452
66.7014 81.2226
66.8684 81.0415
66.8464 80.9980
66.5616 81.2618
66.7114 81.0433
66.7435 81.2187
66.8763 81.2587
66.9195 81.3204
66.8012 81.3366
66.7001 81.1397
66.5623 81.1177
66.7677 81.0053
