26.8858 143.0751
27.0871 142.8428
26.8967 143.1403
26.8913 142.7574
26.7510 142.7796
26.9695 143.0406
26.8871 142.9457
26.7814 142.7512
27.0218 142.9595
26.9529 142.9439
26.8407 143.1010
26.6622 142.9512
27.0317 143.0435
26.8712 142.9595
26.8268 142.7221
26.9463 142.9180
26.7410 142.7566
26.9815 143.0171
27.1253 142.9872
26.8652 142.8935
26.9106 143.0709
26.6470 142.8994
26.8862 142.9378
26.9739 142.9945
27.1472 142.8159
26.7944 142.9145
27.1599 142.8504
27.0590 142.5616
27.1342 142.9143
27.3772 142.8903
26.8871 142.7319
26.8471 142.9736
26.6618 142.9830
26.9669 143.1096
26.9800 143.2701
26.8962 142.4164
26.9780 142.7495
27.0443 142.5934
26.7906 142.6558
26.8505 142.6837
26.9182 142.5184
26.7641 142.7076
26.8597 142.6025
26.8978 142.5255
26.6441 142.6915
26.8196 142.6071
27.0955 142.4299
26.8277 142.7108
26.9297 142.5253
26.9945 142.6408
27.2363 142.7276
26.7944 142.5335
27.1555 142.7717
26.8484 142.7074
26.9553 142.5851
26.9306 142.6036
26.9509 142.6179
26.9193 142.7182
27.2591 142.6603
27.2901 142.9248
27.0532 142.6429
27.0235 142.6096
26.9677 142.7579
27.0930 142.6720
27.1276 142.8012
27.2400 142.7362
27.1805 142.7661
27.3097 142.6950
27.3154 143.0886
27.2334 142.7308
27.1939 142.7451
27.1785 142.6660
27.4496 142.9323
27.2437 142.7710
27.2972 143.0287
27.1632 142.7554
27.1564 142.6835
27.2218 142.7570
27.2959 142.7861
27.0945 142.7461
27.2070 143.0345
27.0007 142.7575
27.1323 142.6864
27.1774 142.7947
27.2314 142.6031
27.2155 142.8474
27.3540 142.8953
27.2957 142.9866
27.1987 142.6900
27.0480 142.9655
27.0811 142.8613
27.1296 142.8945
27.4318 142.7771
27.1057 142.7642
27.1608 142.6033
27.1211 142.7013
27.0572 142.7540
27.1488 142.8027
27.4097 142.8002
27.2084 142.7670
27.2364 142.8495
27.2932 142.7542
27.2978 142.7937
27.1875 142.8675
27.2413 142.9184
27.0834 142.8319
27.2456 142.9193
27.1739 142.6913
27.1856 142.6995
27.1958 142.9525
27.2151 142.8081
27.1460 142.8438
27.1616 142.8467
27.2157 142.8236
27.3271 143.1174
27.3798 142.9221
27.1309 142.5706
27.2912 142.9692
26.9409 142.6757
26.9383 142.5648
26.9202 142.4418
26.9330 142.5377
27.0163 142.6372
26.8550 142.6851
26.9896 142.6830
27.0557 142.7631
27.0345 142.5585
26.9695 142.7706
26.8638 142.6785
27.0685 142.6108
27.0607 142.6519
27.0462 142.6452
26.8155 142.6564
27.0965 142.5396
26.9100 142.5689
27.0276 142.6259
26.9596 142.5559
27.0599 142.5249
26.8653 142.7546
26.8638 142.4521
26.8227 142.5865
26.8878 142.6799
27.0284 142.6680
26.8999 142.5560
26.9357 142.5878
27.1342 142.5866
26.9315 142.7220
26.9819 142.6087
27.0196 142.7163
27.0219 142.5407
27.0562 142.5113
26.9722 142.5353
26.7578 142.6378
26.8759 142.4670
26.9201 142.4773
26.9625 142.6625
26.9593 142.8016
26.9896 142.7406
26.8914 142.5968
26.9565 142.7357
26.9009 142.6672
27.0399 142.5401
26.8218 142.5501
26.9482 142.5958
26.8485 142.6815
26.9038 142.5500
26.9921 142.5086
26.8703 142.6099
27.0916 142.5782
26.7529 142.4834
26.7793 142.6969
26.8088 142.5819
26.9577 142.5295
26.8614 142.4407
27.0693 142.5464
26.9483 142.7155
26.8723 142.5599
26.9066 142.6360
27.0040 142.5945
26.9930 142.5761
26.9647 142.6259
26.9920 142.6924
26.9165 142.6502
27.0204 142.5491
27.2520 142.6613
27.1929 142.6852
27.4394 142.7382
27.1227 142.7726
27.1997 142.5873
27.3227 142.8364
27.2248 142.7822
27.3618 142.9226
27.1540 142.8587
27.4245 142.6785
27.1517 142.7925
27.1631 142.6695
27.2585 142.7532
27.3680 142.7948
27.1536 142.7327
27.2367 142.7795
27.1353 142.7643
27.2007 142.8837
27.2352 142.8385
27.1996 142.8468
27.1608 142.7849
27.2577 142.8692
27.2901 142.8559
27.3598 142.8067
27.2774 142.8781
27.2364 142.9036
27.2522 143.0442
27.3719 142.7839
27.1698 142.7879
27.2663 142.7889
27.2563 142.7706
27.2179 142.7293
27.2660 142.6628
27.1840 142.6978
27.2704 142.7837
26.7358 142.4730
26.6375 142.7126
26.8999 142.6658
26.9792 142.6364
26.9573 142.6189
26.9592 142.6118
26.9960 142.6877
26.9222 142.6647
26.9552 142.6195
26.8750 142.7054
27.1606 142.9577
27.2702 143.2266
27.0991 142.6302
26.5897 142.7484
27.2909 142.7495
26.6726 142.6614
27.3028 142.7202
27.2386 142.7394
27.2761 142.8204
27.2839 142.7652
27.2607 142.8220
26.9563 142.9711
26.9140 142.8826
26.9353 142.8895
26.8253 142.9425
27.3475 142.7710
27.2248 142.8519
27.1756 142.6988
27.2641 142.7135
27.3595 142.8544
27.2992 142.7404
27.3442 142.8000
27.1881 142.8197
27.4586 142.8705
27.2982 142.9099
27.2505 142.7894
27.1536 142.8428
27.2565 142.7698
27.2261 142.6982
27.2773 142.8383
27.2500 142.7387
27.4222 142.9962
27.2893 142.6930
27.3716 142.8200
27.3269 142.8418
27.4366 142.7715
27.4256 142.8367
27.3166 142.7890
27.2944 142.8432
27.0716 142.7129
27.3771 142.7493
27.3246 142.8982
27.2135 142.7543
27.1763 142.6837
27.4023 142.8184
27.2650 142.7974
27.1316 142.7046
27.2917 142.7953
27.3217 142.8397
27.3533 142.8412
27.2110 142.6985
27.4366 142.8000
27.3311 142.6305
27.2982 142.6631
27.3558 142.7390
27.2295 142.8206
27.2917 142.7873
27.2533 142.5770
27.2792 142.7923
27.3245 142.8733
27.2699 142.7977
27.2820 142.8164
27.3272 142.7605
27.3454 142.8458
27.2122 142.8376
27.1521 142.7040
27.2366 142.8030
27.3202 142.7993
27.2778 142.8705
27.3413 142.8343
27.3407 142.6842
27.0614 142.8119
27.2487 142.6780
27.3605 142.7329
27.4281 142.7701
27.2177 142.8493
27.1284 142.7424
27.1215 142.6449
27.0940 142.9503
27.0672 142.6177
27.1089 142.5837
27.0203 142.6735
26.9308 142.5497
26.9827 142.6577
26.9919 142.5717
27.0177 142.6441
27.0674 143.0114
27.0313 142.6473
27.0493 142.7558
27.0456 142.5858
27.1065 142.6815
27.0546 142.5372
27.0832 142.7953
27.0811 142.6197
27.0307 142.4815
26.9987 142.5506
27.0855 142.6374
27.1161 142.5260
27.0427 142.5381
26.9887 142.6572
26.9288 142.5447
27.0642 142.6300
27.0331 142.5871
27.0061 142.6594
26.9860 142.6624
27.0269 142.6337
27.0479 142.5976
26.9112 142.6369
27.2507 142.8528
27.2646 142.8068
27.3024 142.7953
27.1586 142.8190
27.3442 142.7113
27.3436 142.8202
27.1674 142.7711
27.3481 142.8216
27.3966 142.6987
27.3036 142.8734
27.2264 142.6720
27.3470 142.7144
27.3743 142.7988
27.3704 142.7203
27.4119 142.8026
27.3016 142.7390
27.3426 142.8758
27.3761 142.7690
27.2104 142.6953
27.2610 142.8378
27.3475 142.8219
27.2491 142.7194
27.2903 142.7665
27.2256 142.6164
27.3390 142.8885
27.3016 142.8897
27.2435 142.9674
27.2550 142.8686
27.1888 142.8724
27.1956 142.6170
27.2869 142.7710
27.1977 142.7989
27.3537 142.8253
27.3799 142.7783
27.4068 142.6811
27.2582 142.8391
27.2930 142.8350
27.1762 142.8443
27.4450 142.7707
27.3147 142.7481
27.2983 142.7454
27.3091 142.7525
26.9837 142.6915
26.9607 142.6039
26.9267 142.5581
26.9712 142.6547
26.9868 142.5773
27.0117 142.4721
26.9910 142.6740
27.1509 142.7286
27.2064 142.7211
27.1418 142.6866
27.0731 142.5775
27.0527 142.5930
27.0677 142.7573
27.0335 142.6196
27.0837 142.6362
27.0568 142.6045
26.9199 142.5714
27.0654 142.7087
27.0271 142.6918
27.0392 142.6133
27.1163 142.5894
27.1104 142.7361
26.9728 142.6679
27.1295 142.7597
27.0519 142.7169
26.9626 142.7123
26.9481 142.6382
26.9288 142.6509
27.0758 142.7286
27.1332 142.6420
27.0082 142.6222
27.0025 142.6547
27.0827 142.5499
27.0925 142.6174
27.0601 142.5555
26.9547 142.5590
26.9566 142.6339
27.0240 142.6814
27.0520 142.5939
27.0631 142.6219
27.1749 142.6402
27.0250 142.6680
27.1279 142.6522
26.9888 142.5911
26.8357 142.5259
27.0477 142.5826
26.9342 142.5864
27.1899 142.7344
26.9695 142.5234
27.0341 142.7343
27.0684 142.6333
27.0783 142.6240
26.9470 142.5465
27.0736 142.6774
26.9392 142.5969
26.9369 142.6112
27.0685 142.7230
26.9852 142.6452
27.1800 142.7725
26.9332 142.6446
26.9553 142.8135
27.1689 142.5344
27.0069 142.5689
27.0023 142.7549
26.9622 142.5491
27.2164 142.9606
27.0229 142.5821
27.0320 142.6268
27.0134 142.6140
