87.8869 91.8108
88.1270 91.8581
88.1032 91.8665
88.1417 91.9118
88.0626 91.7900
87.9753 91.7630
87.9859 91.8291
87.9252 91.8569
87.9771 91.7807
87.8738 91.8831
88.1074 91.9017
88.0419 91.9773
88.1209 91.8573
88.0101 91.8272
88.0985 91.8758
88.0040 91.9317
88.1087 91.8186
88.1775 91.8320
87.9703 91.9075
88.0809 91.8234
88.0224 91.9024
87.9105 91.9773
88.0304 91.9315
87.9901 91.9082
88.1035 91.8938
88.3438 91.8319
88.3822 91.8165
88.4954 91.7017
88.3127 91.7289
88.3123 91.8762
88.4509 91.7269
88.3992 91.7253
88.3473 91.7178
88.5361 91.7353
88.4708 91.8548
88.5377 91.8587
88.4371 91.8573
88.3651 91.7352
88.3738 91.8520
88.3232 91.9121
88.5236 91.6937
88.4450 91.5573
88.3594 91.5550
88.4055 91.6866
88.2709 91.5749
87.9667 91.3774
88.4021 91.6104
88.1384 91.4736
88.2160 91.4962
88.1527 91.5298
88.1113 91.5125
88.1777 91.5320
88.0741 91.5682
88.1444 91.6409
88.1424 91.4711
88.1644 91.7498
88.1640 91.6381
88.1897 91.5680
88.2095 91.4143
88.4974 91.5562
88.5146 91.5518
88.5598 91.7921
88.4852 91.8365
88.4522 91.7745
88.4656 91.8136
88.3418 91.7644
88.3941 91.7200
88.4978 91.6509
88.5637 91.8274
88.4516 91.8111
88.6205 91.7435
88.3534 91.7587
88.4301 91.6728
88.4997 91.8584
88.5271 91.7973
88.3226 91.7501
88.5061 91.9574
