25.6314 135.7906
25.6592 135.8890
25.6649 135.7217
25.6201 135.9011
25.6578 135.8986
25.6113 135.9393
25.6949 135.9163
25.6729 135.8439
25.6722 135.9176
25.6619 135.8940
25.6543 135.9205
25.6225 135.8810
25.6854 135.9010
25.7039 135.9487
25.6589 135.9455
25.6502 135.9546
25.7005 135.9910
25.7251 135.9330
25.6406 135.9265
25.6944 135.9864
25.6618 135.9260
25.6510 135.9460
25.6767 135.9624
25.7445 135.9035
25.6666 135.9765
25.6606 135.9455
25.6302 135.9710
25.6898 135.9371
25.6516 135.8867
25.8092 135.9995
25.6416 135.9974
25.9195 136.1941
26.0219 135.8556
25.9347 136.0212
25.9293 136.1527
25.8751 135.9771
25.7588 136.0594
25.5301 135.9021
25.6519 135.9022
25.6608 135.9483
25.6365 135.9580
25.6761 135.9727
25.6933 135.9828
25.6118 135.9937
25.6731 135.6472
25.6357 135.9133
25.5906 135.9622
25.5430 135.9274
25.6192 136.0288
25.4338 135.9105
25.5759 135.9017
25.5039 135.9577
25.5676 135.9280
25.5196 135.8548
25.5283 135.9051
25.5230 135.9277
25.5163 135.9161
25.5994 135.9539
25.5255 135.9029
25.5709 135.9121
25.4488 135.9311
25.5351 135.9035
25.5292 135.9566
25.5818 136.2936
25.5762 136.2912
25.4483 136.2047
25.6047 136.4257
25.7873 136.4677
25.6332 136.4362
25.5953 136.4590
25.7284 136.3904
25.7032 136.3525
25.7043 136.4600
25.4617 136.3091
25.5512 136.3571
25.6069 136.3680
25.4611 136.2943
25.5641 136.4186
25.6020 136.3344
25.5311 136.5149
25.3923 136.4437
25.6502 136.3344
25.6873 136.4221
25.6343 136.3185
25.5627 136.4320
25.6251 136.4282
25.6737 136.4276
25.3994 136.3401
25.6932 136.1943
25.7003 136.1353
25.8484 136.2176
25.8898 136.0004
25.8023 136.0502
25.7594 136.0674
25.7650 136.0269
25.8313 136.0880
25.8669 136.0993
25.8265 136.0337
25.5703 135.8484
25.4814 135.7024
25.5320 135.7751
25.5883 135.7925
25.5339 135.7497
25.5858 135.8133
25.5414 135.7929
25.4722 135.7464
25.5291 135.7753
25.9470 135.8656
25.5153 136.4263
25.5387 135.9957
25.9026 135.6943
25.5267 136.2274
25.9813 135.7586
25.4138 135.8057
25.5125 135.9719
25.4768 135.8183
25.5800 135.9264
25.5413 136.0463
25.5605 136.0031
25.4945 136.0741
25.5760 135.9603
25.5146 136.0126
25.3594 135.8382
25.8803 135.9226
25.9246 136.0705
26.0334 135.9919
25.8840 136.0386
25.7063 136.0876
26.0675 136.0286
26.0430 136.1589
25.9967 136.0416
25.9459 136.0694
26.0223 136.0143
25.6120 136.2021
25.7266 136.1581
26.0089 136.1697
25.7602 136.1761
25.9084 136.0655
25.8987 136.1440
25.8893 136.1696
25.8100 136.2096
25.8531 135.9432
25.9495 136.1357
26.0219 136.1324
25.9084 136.1119
25.8593 136.1142
25.9131 136.2026
25.9806 136.0097
25.9258 136.0819
25.8849 135.9716
25.8345 136.1047
26.0199 136.0233
25.8526 136.0185
25.8052 135.9831
25.8057 136.0207
25.8388 136.0779
25.8481 136.0436
25.7345 136.0200
25.9156 136.0710
25.8538 136.0856
25.9434 136.0755
25.8621 136.0469
25.9831 136.1317
25.9359 135.8774
25.8761 136.0198
25.9700 136.0899
25.8174 136.1073
25.7570 135.9920
25.9423 136.1348
25.7500 135.9896
25.9297 135.9470
25.8014 136.0103
25.8506 136.1219
25.9688 136.1905
25.9195 135.9394
25.8744 136.0277
25.8756 136.1039
25.8880 136.1024
25.7842 136.0789
25.9153 136.0487
25.9622 136.1442
26.0026 136.1440
25.8781 136.0408
25.8487 136.0406
25.7619 136.1073
26.0858 136.0678
25.9021 136.0456
25.9297 136.1788
26.0273 136.0254
25.8691 135.9494
25.8674 135.9240
25.9636 135.9866
25.6176 136.1900
25.6304 136.3080
25.6896 136.3911
25.6352 136.4482
25.6653 136.3164
25.7047 136.4084
25.6282 136.4211
25.6525 136.3837
25.7237 136.3178
25.6851 136.3312
25.6868 136.3648
25.6842 136.3978
25.5604 136.3656
25.6638 136.3372
25.7227 136.3301
25.5756 136.3773
25.7250 136.3227
25.7030 136.2041
25.6722 136.2165
25.7093 136.2386
25.6542 136.4022
25.7073 136.2651
25.7980 136.4760
25.6335 136.3218
25.6707 136.2499
25.6135 136.3831
25.6561 136.3197
25.7306 136.4274
25.8063 136.4479
25.6317 136.1485
25.5233 136.0974
25.7446 136.1901
25.8127 136.0473
25.9937 136.1209
25.8667 136.0357
25.8220 136.1173
25.8962 136.0794
25.9752 136.1845
25.9467 136.0611
25.9608 136.1106
25.9077 136.1322
25.9730 136.1037
25.7927 136.1248
25.9143 136.2325
25.9321 136.0281
26.0416 136.0336
25.8337 136.2353
25.8666 136.1565
25.9352 136.0746
26.0899 136.0849
25.7774 136.1619
25.7840 136.0242
25.9245 136.1584
25.9322 136.0229
26.0245 136.2003
25.8825 136.1178
25.8822 136.0302
25.9188 136.1460
25.9051 136.0627
25.9551 136.2004
25.9053 136.0222
25.9771 136.0650
25.9431 136.1977
25.9163 136.0982
25.9632 136.1455
25.9681 136.1052
25.8894 136.1817
26.0127 135.9842
25.9318 136.0903
25.8638 136.1677
25.9739 136.0854
25.9551 136.1486
25.7605 135.9828
25.8909 136.0764
25.8402 136.1398
25.7688 136.1489
25.8937 136.2797
25.8857 136.0811
25.9116 136.0161
25.9088 136.0683
25.9146 136.0525
25.8892 136.0899
25.8971 136.1571
25.8956 136.1089
25.9046 136.1219
25.3839 136.4600
25.6294 136.3820
25.6941 136.2741
25.7047 136.3698
25.7354 136.3359
25.6540 136.3135
25.7441 136.3224
25.7183 136.3310
25.6655 136.3173
25.6737 136.3969
25.6656 136.3443
25.6763 136.3400
25.6516 136.3188
25.6647 136.3262
25.6428 136.3533
25.6903 136.3605
25.7196 136.3062
25.6517 136.3643
25.6340 136.3146
25.6445 136.3498
25.6866 136.3900
25.7176 136.4247
25.7346 136.3175
25.6321 136.5232
25.6213 136.1658
25.5427 135.9767
25.5907 136.0227
25.7234 136.0492
25.6533 136.0196
25.4822 136.1150
25.5257 135.9974
25.5663 135.9752
25.6652 136.0732
25.5396 136.1031
25.5625 136.1275
25.6366 136.1208
25.5038 136.0230
25.5770 136.0838
25.5453 135.9619
25.6047 136.1233
25.7005 136.0751
25.5800 136.0043
25.6497 136.2146
25.8915 136.1594
25.6712 136.3954
25.4961 136.3820
25.7031 135.9011
25.6049 136.2336
25.4060 136.4939
25.7122 135.7388
25.8974 136.1024
25.8701 136.0836
25.8660 136.1472
25.7513 136.2032
26.0002 136.0376
25.9754 136.1983
25.6553 136.4289
25.7586 136.3638
25.6676 136.4136
25.7651 136.3602
25.3492 136.2956
25.7460 136.3067
25.7242 136.3032
25.7815 136.2105
25.7733 136.1290
25.7965 136.2686
25.6209 136.3451
25.7386 136.4280
25.7527 136.3594
25.8302 136.3981
25.8463 136.2299
25.7129 136.4215
25.6262 136.3208
25.8318 136.4543
25.9447 136.3647
25.7886 136.2958
25.6602 136.3647
25.7547 136.2606
25.7088 136.3946
25.6326 136.3365
25.7485 136.2597
25.6253 136.3576
25.7296 136.3065
