74.2769 73.5637
74.0460 73.5888
74.2489 73.8293
74.2716 73.6232
74.3463 73.7306
74.2601 73.7006
74.2955 73.6492
74.4454 73.5090
74.2116 73.8039
74.2868 73.2640
74.0544 73.3020
74.1446 73.3601
74.0768 73.4364
74.0130 73.4400
74.1106 73.4542
73.9412 73.4131
73.9405 73.3307
74.0438 73.4897
74.1557 73.3977
74.0605 73.3560
74.0788 73.3881
74.0556 73.4786
74.0823 73.3669
74.3178 73.3838
74.2781 73.3967
74.4346 73.3504
74.4184 73.2644
74.2365 73.3841
74.4690 73.4197
74.5135 73.5124
74.3221 73.2000
74.3191 73.2688
74.4314 73.2855
74.3181 73.4038
74.4204 73.3848
74.3695 73.3972
74.3807 73.2794
74.4069 73.3881
74.3831 73.2928
74.4293 73.4059
74.2895 73.2711
74.5519 73.3319
74.3500 73.2532
74.3363 73.2111
74.3122 73.2764
74.3283 73.3528
74.3232 73.2443
74.4393 73.3406
74.2218 73.3479
74.3958 73.2711
74.2923 73.2663
74.4114 73.2461
74.5022 73.2786
74.2471 73.3203
74.5319 73.3278
74.4115 73.3987
74.4546 73.5681
74.4225 73.3666
74.4917 73.2522
74.4010 73.4189
74.3085 73.3848
74.3426 73.4465
74.4559 73.2553
74.3580 73.3798
74.4016 73.2868
74.2662 73.4839
74.3345 73.3718
74.4693 73.3309
74.3830 73.3519
74.4638 73.2176
74.2081 73.3346
74.3695 73.3387
74.4744 73.3139
74.4370 73.4135
74.3409 73.2500
74.3191 73.3508
74.3508 73.3028
74.3390 73.3514
74.3584 73.3584
74.3315 73.3050
74.3095 73.3134
74.3247 73.3181
74.3283 73.3574
74.3450 73.2652
74.3314 73.2459
74.3651 73.2508
74.3850 73.1971
74.4648 73.2965
74.3684 73.2672
74.3644 73.2658
74.4358 73.2873
74.4393 73.2685
74.2817 73.1697
74.2807 73.2334
74.3860 73.2198
74.2431 73.2833
74.2317 73.1541
74.3695 73.4205
74.2296 73.2272
74.4900 73.3578
74.3925 73.3263
74.4658 73.2813
74.4379 73.2399
74.5603 73.1123
74.4092 73.3016
74.4168 73.1815
74.3878 73.2421
74.4783 73.2703
74.4608 73.2328
74.3899 73.3333
74.3627 73.3820
74.4364 73.4334
74.3055 73.3951
74.3541 73.2301
74.3344 73.3700
74.3116 73.3648
74.3969 73.2665
74.5417 73.3018
74.4611 73.2247
74.3728 73.3749
74.4990 73.2708
74.4334 73.0928
73.9122 73.5114
74.2159 73.2984
74.0002 73.4979
73.9672 73.4440
74.2366 73.3039
74.2900 73.4348
74.1777 73.3435
73.8503 73.1014
74.2944 73.6477
74.1787 73.7178
74.3509 73.5898
74.4210 73.6418
74.2839 73.6337
74.2538 73.7384
74.4356 73.5687
74.2384 73.6005
74.3510 73.6352
74.1778 73.7459
74.3533 73.5965
74.2775 73.6096
74.3408 73.6166
74.2773 73.6805
74.3138 73.6423
74.6147 73.4873
74.4696 73.8242
74.3391 73.5510
74.3663 73.6708
74.2346 73.6247
74.2600 73.6731
74.2392 73.6529
74.2554 73.6115
74.2579 73.6236
74.3106 73.6360
74.1739 73.6230
74.3888 73.6877
74.2372 73.7187
74.1308 73.6955
74.2941 73.6115
74.3184 73.6735
74.2700 73.5712
74.3110 73.7409
74.1769 73.7645
74.3841 73.5893
74.2226 73.6555
74.2566 73.6539
74.2486 73.7178
74.1490 73.6348
74.3750 73.5849
74.3253 73.6052
74.3855 73.6125
74.1816 73.5651
74.3125 73.5558
74.2690 73.6683
74.2192 73.6826
74.2092 73.6774
74.2930 73.7040
74.2435 73.6462
74.2163 73.7010
74.2222 73.6079
74.2930 73.5504
74.0718 73.5319
74.2687 73.3186
74.0911 73.2985
74.2458 73.5181
74.1938 73.5019
74.1580 73.4156
74.2356 73.4848
74.2973 73.5236
74.2945 73.6759
74.4101 73.6327
74.3725 73.6961
74.2309 73.7924
74.3466 73.5426
74.3176 73.5587
74.0737 73.6079
74.3895 73.5733
74.2487 73.5786
74.5176 73.7465
74.2017 73.5132
74.3233 73.5565
74.3234 73.6923
74.2350 73.6362
74.3607 73.7079
74.3000 73.5828
74.1980 73.7131
74.3169 73.7362
74.3888 73.7888
74.3157 73.6883
74.3845 73.7162
74.4353 73.4945
74.3432 73.5977
74.2407 73.5580
74.2955 73.6780
74.2672 73.7538
74.2946 73.5489
74.2911 73.6719
74.3417 73.6677
74.3391 73.4946
74.4523 73.6373
74.2322 73.6559
74.3757 73.6400
74.3019 73.5936
74.2685 73.6153
74.4188 73.6104
74.3795 73.5921
74.2724 73.7116
74.4000 73.6584
74.1076 73.4173
74.1687 73.6650
74.2870 73.7134
74.2067 73.7207
74.2532 73.6774
74.5243 73.7090
74.4226 73.6442
74.2059 73.5949
74.2588 73.6731
74.1990 73.5877
74.1902 73.6713
74.3271 73.6378
74.4288 73.7118
74.1922 73.6646
74.3679 73.7201
74.3958 73.7149
74.3670 73.6486
74.2422 73.6700
74.2684 73.6064
74.2514 73.6710
74.5011 73.2177
74.3695 73.2436
74.2879 73.3496
74.4027 73.2662
74.3566 73.2643
74.3909 73.3329
74.4877 73.2631
74.3768 73.3038
74.4989 73.1534
74.4886 73.3504
74.4225 73.3150
74.4652 73.3957
74.4713 73.2629
74.3722 73.2729
74.4397 73.2873
74.5260 73.3074
74.4662 73.2405
74.2971 73.2799
74.3228 73.2175
74.4589 73.3158
74.4127 73.3700
74.3910 73.2985
74.4968 73.3954
74.3906 73.3906
74.4558 73.4558
74.4718 73.2553
74.5033 73.2844
74.3736 73.2528
74.4544 73.3508
74.5195 73.3388
74.4460 73.2923
74.5014 73.2767
74.4658 73.3200
74.4090 73.2191
74.5195 73.3057
74.3977 73.2469
74.3872 73.3435
74.4595 73.3358
74.4476 73.3772
74.5467 73.4183
74.5001 73.2382
74.3660 73.4227
74.4668 73.2678
74.3833 73.3186
74.4857 73.3371
74.3235 73.0779
74.3992 73.6138
74.3039 73.6336
74.2161 73.6725
74.3961 73.6594
74.2925 73.7487
74.2210 73.3138
74.0584 73.5138
74.2320 73.3369
74.3952 73.6203
74.1565 73.7294
74.2821 73.7806
74.2619 73.6982
74.3115 73.6606
74.2677 73.5811
74.3572 73.6421
74.2895 73.7264
74.2026 73.6761
74.3202 73.7499
74.2787 73.6271
74.2791 73.5123
74.2500 73.6067
74.3344 73.6063
74.3174 73.5833
74.4264 73.6820
74.3457 73.6781
74.3220 73.6464
74.2877 73.6082
74.2382 73.6477
74.3873 73.8596
74.2594 73.6588
74.3492 73.6455
74.2468 73.6444
74.2840 73.7087
74.3024 73.6276
74.3132 73.6533
74.2923 73.5908
74.3453 73.5704
74.2743 73.5805
74.3921 73.2577
74.6485 73.3292
74.4073 73.3766
74.1167 73.5212
74.6245 73.6739
