9.6541 22.6766
9.7374 22.6570
10.0853 22.9477
9.6165 22.7031
9.9837 22.4277
9.8759 22.5838
9.9297 22.5195
9.8694 22.8408
9.6387 22.5040
9.4924 22.9399
9.7414 22.4995
9.9931 22.6476
9.8291 22.7107
9.6866 22.6965
9.8530 22.8998
9.7530 22.5016
9.7734 22.8667
9.9468 22.6054
9.9628 22.6251
9.7551 22.5760
9.9349 22.7883
9.7456 22.7137
9.6196 22.6742
10.0781 22.9420
10.0344 22.8217
9.8612 22.9183
9.5742 22.5550
9.8155 22.6791
9.3868 22.6928
9.3050 22.7077
9.5704 22.7227
9.6343 22.6840
9.3021 22.7127
9.5795 22.7353
9.4767 22.8420
9.2927 22.8990
9.2537 22.4743
9.5685 22.6325
9.7419 22.9905
9.3618 22.7369
9.3886 22.7306
9.6588 22.6892
9.2567 22.7484
9.3014 22.6873
9.4331 22.6842
9.3009 22.7929
9.4701 22.6216
9.9927 22.7283
9.8567 22.8258
9.6306 22.7499
9.7297 22.6613
9.9040 22.6208
9.9565 22.6435
9.7380 22.8413
9.7830 22.8934
9.6831 22.8475
9.5924 22.9056
9.9886 22.7359
9.9686 22.6876
9.6886 22.4879
9.6930 22.4859
9.4348 22.4832
9.8283 22.5760
9.9844 22.8644
9.9645 22.7309
9.8368 22.4749
9.8645 22.6578
9.8275 22.5054
9.7532 22.6686
9.7535 22.7245
9.8918 22.4741
9.7125 22.7022
9.8015 22.9285
9.6096 22.7446
9.8900 22.7700
9.6561 22.6097
9.7514 22.6576
9.7195 22.7132
9.7668 22.5761
9.6057 22.3018
9.8272 22.8826
9.6773 22.4770
9.8018 22.6602
9.7138 22.5880
9.8962 22.5696
9.6711 22.5372
9.5353 22.8187
9.9197 22.7655
9.6925 23.1249
9.7705 22.8231
9.4682 22.4772
9.4014 22.5678
9.6229 22.8121
9.3728 22.6331
9.3106 22.8007
9.4238 22.6351
9.6424 22.8060
9.3474 22.7661
9.2477 22.9054
9.6160 22.6306
9.5301 22.9183
9.4435 22.7454
9.4110 22.6220
9.5253 22.6303
9.3041 22.6664
9.4442 22.8227
9.5445 22.5056
9.5458 22.5153
9.7606 22.8835
9.4956 22.6462
9.3628 22.8410
9.4447 22.6671
9.4053 22.8716
9.6175 22.7913
9.4045 22.8477
9.3763 22.8044
9.3674 22.6704
9.1663 22.9086
9.4581 22.6318
9.5456 22.7282
9.4939 22.7512
9.5422 22.4462
9.4689 22.6326
9.4935 22.9630
9.4979 22.7084
9.3916 22.7471
9.5344 22.5501
9.3509 22.8149
9.2359 22.8270
9.4642 22.7426
9.4116 22.6651
9.5941 22.6619
9.5966 22.5342
9.3379 22.7342
9.5212 22.4845
9.3881 22.8293
9.6819 22.7235
9.6384 22.8368
9.4298 22.5364
9.3352 22.6252
9.6065 22.5849
9.5701 22.7690
9.2992 22.8001
9.5042 22.8560
9.4004 22.7735
9.3947 22.7084
9.7014 22.7742
9.3987 22.6322
9.4808 22.7351
9.4417 22.7265
9.4308 22.6399
9.5313 22.6832
9.4615 22.6795
9.3311 22.6864
9.4695 22.7245
9.4179 22.7300
9.6572 23.0548
9.7321 23.0103
9.7919 22.8562
9.7611 23.0770
9.5503 22.8681
9.6966 22.8255
9.7283 22.9242
9.6575 23.0582
9.6616 22.9846
9.7239 23.0221
9.6218 22.7365
9.5411 23.0891
9.6491 23.0883
9.6557 22.7838
9.7169 23.0681
9.6119 22.8262
9.6636 23.1639
9.6604 22.8090
9.3952 22.8023
9.3213 22.8047
9.5720 23.1506
9.5166 22.9759
9.6694 22.9585
9.5451 22.9814
9.5628 22.9656
9.6932 22.9727
9.7700 22.7481
9.5671 22.7369
9.5680 22.6214
9.7084 22.7579
9.6911 22.6282
9.7369 22.7166
9.6845 22.7476
9.6088 22.5074
9.6746 22.6232
10.0619 22.6343
9.9640 22.4724
9.8468 22.6693
9.7876 22.7121
10.0194 22.5716
9.8932 22.5452
9.7509 22.6279
9.7605 22.6440
9.8682 22.6746
9.9417 22.5934
9.6963 22.8329
9.8655 22.6225
9.8782 22.5187
9.7692 22.4469
9.9941 22.7558
9.7555 22.7908
9.7432 22.6825
9.8104 22.8581
9.8218 22.7140
9.9190 22.7499
9.8323 22.6390
9.8901 22.7634
9.9081 22.6948
9.7870 22.7984
9.8799 22.5179
9.6970 22.7285
9.8431 22.7995
9.7060 22.5639
9.9075 22.8735
9.6606 22.4739
9.6807 22.6557
9.8215 22.5043
9.8498 22.4188
10.1029 22.6433
9.7234 22.4747
9.8860 22.8167
9.9322 22.8264
9.9777 22.8999
9.9449 22.6417
9.8572 22.6789
9.5127 22.6152
9.9015 22.6062
9.6522 22.5514
9.9169 22.8225
9.7308 22.5054
9.9147 22.5377
9.6554 22.6795
9.7694 22.7230
9.8751 22.7022
9.8816 22.5031
9.8313 22.5358
9.8653 22.6686
9.8394 22.7513
9.7244 22.7047
9.7198 22.6559
9.7831 22.7070
9.9508 22.7314
9.8506 22.6496
9.7192 22.3911
9.8473 22.8016
9.5243 22.7031
9.7099 22.5492
9.7437 22.7859
9.7973 22.6020
9.6738 22.7663
9.8473 22.6665
9.7711 22.6632
9.6795 22.6724
9.7000 22.6668
9.8600 22.7532
9.7612 22.6772
9.7210 22.7432
9.7278 22.6732
9.7323 22.6989
9.7473 22.7236
9.6960 22.6093
9.7292 22.6748
9.7198 22.6924
9.7354 22.7459
9.7458 22.6400
9.8225 22.6026
9.7040 22.5778
9.7222 22.6220
9.6203 22.7859
9.6921 22.6481
9.7830 22.6643
9.7524 22.7353
9.7649 22.6703
9.8069 22.6073
9.7555 22.6703
9.7758 22.6217
9.7732 22.6368
9.7998 22.6406
9.5904 22.7509
9.4847 23.0773
9.5090 23.0242
9.4820 22.9944
9.3400 22.5732
9.3409 22.7527
9.7580 23.0086
9.7053 22.8609
9.5972 22.7954
9.6936 22.8604
9.7014 23.0168
9.6770 22.7939
9.9048 22.9162
9.6756 23.0120
9.8287 22.9325
9.6205 22.8400
9.6538 23.0723
9.6389 22.9815
9.6586 22.8973
9.4961 22.9377
9.6545 23.0739
9.4574 22.8604
9.7169 22.9734
9.7912 22.8766
9.7063 22.9234
9.5750 22.9603
9.5374 22.9869
9.7148 23.0035
9.7059 22.9621
9.7623 22.8845
9.7099 22.8924
9.5780 22.9455
9.6719 22.9624
9.6330 22.9462
9.6881 23.0441
9.7519 22.9199
9.7775 22.9354
9.5595 22.8559
9.7449 22.8074
9.6666 22.8372
9.5347 22.9709
9.6447 22.9807
9.5664 22.9914
9.4359 23.0083
9.4966 22.8149
9.5219 22.9459
9.6125 22.9203
9.6897 23.0160
9.6887 22.9469
9.6352 22.8747
9.6038 22.7438
9.6858 23.0445
9.6449 23.0609
9.6672 22.9310
9.7283 23.0771
9.6813 22.9918
9.7607 22.8868
9.6504 22.9180
9.6591 22.8876
9.5360 22.9242
9.6551 22.9941
9.8064 22.8395
9.6413 22.9893
9.8717 22.9514
9.6574 23.0074
9.7399 23.2246
9.6445 23.0956
9.6486 23.0095
9.7585 22.9685
9.5358 22.9378
9.6972 23.1587
9.6043 22.8984
9.5879 22.7979
9.7408 23.0502
9.5556 22.8734
9.6131 22.9984
9.4752 23.0048
9.5452 23.0161
9.6347 22.8536
9.6967 22.8556
9.6950 22.8879
9.7388 22.8889
9.6671 22.9135
9.6037 22.8623
9.6158 22.9067
9.6701 23.0081
9.7075 22.8348
9.6732 23.0887
9.7063 22.8109
9.7551 22.9967
9.6826 22.9179
9.6164 22.9976
9.6555 22.9913
9.6630 22.8364
9.7560 22.7610
9.6606 22.9066
9.5704 22.9212
9.4782 23.0809
9.6443 23.1638
9.3959 23.0099
9.6383 22.9330
9.7753 22.8588
9.8206 23.0609
9.6923 23.0009
9.5239 23.0630
9.7713 22.7162
9.6085 22.8192
9.7827 22.9120
9.6806 23.0430
9.6964 22.8478
9.8470 22.8966
9.6727 23.2013
9.7716 23.1044
9.8250 22.9627
9.6776 22.9322
9.8951 22.9416
9.6841 22.9639
9.6585 22.9472
9.6766 23.1172
9.6102 22.8256
9.5492 22.9964
9.7220 23.0286
9.6836 23.0204
9.6698 22.9562
9.7161 22.9520
9.6638 22.9850
9.6824 22.9869
9.7966 22.9374
9.5329 23.0016
9.6680 22.9035
9.6685 22.9877
9.8096 22.8987
9.6347 23.1646
9.7185 22.9488
9.6846 22.9257
9.7062 22.9624
9.6546 23.0226
9.6376 22.9783
9.5667 23.0482
9.7141 23.0416
9.6317 23.0857
9.6425 22.9031
9.6476 23.0491
9.6882 22.9388
9.7771 22.8291
9.7494 22.9119
9.7955 22.9794
9.5893 22.9454
9.8087 22.9601
9.6840 22.7184
9.5982 23.0084
9.8224 22.9245
9.7921 22.8935
9.8537 23.1638
9.7211 23.0017
9.6593 22.8733
9.6566 22.9633
9.7198 23.0220
9.6769 22.8605
9.7443 22.7809
9.6128 22.6992
9.5402 22.8261
9.4868 23.0060
9.8924 23.0478
9.7570 22.9093
9.7017 22.7680
9.5109 22.9045
9.7524 22.9368
9.5189 22.8888
9.7561 22.9771
9.4453 22.8791
9.6086 23.1355
9.7304 22.6478
9.7346 22.9300
9.5353 23.0086
9.6806 22.7610
9.6554 23.1175
9.4089 22.8520
9.7141 22.7023
9.8162 22.8830
9.5871 22.9126
9.5857 23.0530
9.7099 22.9731
10.0104 22.9484
9.8044 23.0356
9.4468 22.9582
9.6306 23.0597
9.6364 22.8444
9.8259 22.5733
9.7116 22.6745
9.4376 22.9107
9.7864 23.0117
9.6934 23.0465
9.5226 22.9689
9.6111 23.0043
9.8058 22.8073
9.6845 22.8740
9.6255 22.8032
9.8005 23.0973
9.4372 22.9018
9.7045 22.8104
9.5426 22.9469
9.8417 22.9004
9.8998 22.7732
9.8063 22.7714
9.5418 23.0139
9.7633 22.9557
9.8353 22.9080
9.5023 22.9395
9.6239 22.9048
9.5847 23.0285
9.6490 22.8877
9.4474 22.8606
9.5741 22.6489
9.5592 22.5837
9.5221 22.6679
9.5078 22.6189
9.5540 22.6882
9.4058 22.6709
9.5295 22.6609
9.4783 22.7190
9.4187 22.4698
9.5437 22.7041
9.2851 22.7011
9.4411 22.6731
9.4716 22.5197
9.5574 22.7879
9.5093 22.7819
9.5005 22.5901
9.5698 22.7157
9.4850 22.5424
9.5560 22.4982
9.2845 22.6473
9.3901 22.6346
9.4448 22.6592
9.6193 22.3953
9.4305 22.7391
9.3787 22.6327
9.4804 22.5724
9.6061 22.6446
9.4852 22.6627
9.5024 22.5665
9.3326 22.6794
9.3874 22.6760
9.5990 22.7758
9.4500 22.6344
9.5423 22.7181
9.5025 22.4120
9.6294 22.5385
9.4123 22.5235
9.5239 22.7342
9.5327 22.6704
9.4453 22.5290
9.4939 22.7096
9.4369 22.8276
9.5726 22.4841
9.7104 22.4912
9.4199 22.8852
9.5296 22.6379
9.4810 22.5613
9.3489 22.7655
9.7234 22.6730
9.5153 22.5151
9.3765 22.7883
9.5688 22.5302
9.4660 22.7413
9.4534 22.6639
9.4601 22.6735
9.4988 22.5574
9.4296 22.6726
9.2870 22.4585
9.5607 22.4416
9.5979 22.6517
9.5158 22.5650
9.5258 22.6279
9.4410 22.7700
9.6839 22.6577
9.6124 22.6097
9.6276 22.4841
9.4136 22.6123
9.5348 22.5322
9.6580 22.7109
9.5080 22.5553
9.5485 22.6229
9.3497 22.8123
9.4918 22.3999
9.3539 22.5873
9.6076 22.6705
9.6183 22.6087
9.5817 22.6238
9.5619 22.6236
9.4839 22.7864
9.2838 22.6640
9.4199 22.5995
9.4902 22.8592
9.4899 22.5793
9.5563 22.7288
9.4611 22.7513
9.5102 22.6409
9.4212 22.7874
9.4792 22.7115
9.6237 22.9102
9.4926 22.6944
9.4825 22.6162
9.5055 22.7177
9.4705 22.7027
9.3274 22.4956
9.4174 22.7072
9.4667 22.6365
9.5236 22.7004
9.5746 22.7466
9.5146 22.6741
9.3901 22.6945
9.3847 22.7494
9.6266 22.8882
9.3918 22.6427
9.5115 22.6713
9.5049 22.7260
9.5840 22.7368
9.3865 22.5890
9.3594 22.7027
9.7583 22.5489
9.4035 22.5771
9.6627 22.8467
9.6486 22.6324
9.4615 22.6679
9.2233 22.5789
9.5756 22.4932
9.5091 22.5203
9.4607 22.5647
9.3460 22.5541
9.3010 22.6489
9.6248 22.6746
9.4026 22.7255
9.4409 22.6342
9.7199 22.6955
9.6532 22.6468
9.5638 22.7415
9.3606 22.5582
9.4712 22.7408
9.5951 22.6834
9.5355 22.4952
9.6423 22.6851
9.4842 22.6175
9.3967 22.6292
9.4164 22.7017
9.4264 22.7155
9.5626 22.5914
9.5261 22.5734
9.4600 22.6477
9.3280 22.5436
9.5747 22.8457
9.4984 22.6073
9.7535 22.7429
9.2511 22.6438
9.6218 22.7767
9.5136 22.7320
9.5711 22.7695
9.2835 22.6104
9.5420 22.6781
9.4791 22.6136
9.3319 22.4963
9.3768 22.6853
9.3420 22.4581
9.3215 22.5545
9.6203 22.7005
9.4905 22.7828
9.4711 22.7372
9.4430 22.8268
9.5725 22.6791
9.4842 22.5744
9.5597 22.8179
9.5816 22.5931
9.3773 22.7193
9.4578 22.7372
9.4596 22.6762
9.7095 22.5999
9.3983 22.5075
9.1981 22.6101
9.5533 22.8879
9.3749 22.6983
9.3347 22.7850
9.6573 22.7865
9.3790 22.7872
9.6071 23.0514
9.5069 22.7587
9.6452 22.7530
9.4091 22.6823
9.5503 22.5662
9.5941 22.4067
9.6379 22.7085
9.5065 22.6251
9.5273 22.6674
9.3994 22.7594
9.4134 22.5744
9.5599 22.6171
9.4730 22.4585
9.4812 22.7031
9.3609 22.6170
9.5888 22.7193
9.3591 22.8814
9.5490 22.5511
9.5500 22.7258
9.5921 22.7060
9.5587 22.5207
9.4533 22.5507
9.3747 22.6556
9.5449 22.4786
9.6669 22.9900
9.5102 22.6279
9.4873 22.4890
9.4560 22.5028
9.4526 22.4372
9.5247 22.7980
9.3046 22.5273
9.6209 22.5740
9.4632 22.5826
9.4254 22.6002
9.5345 22.4527
9.6437 22.7363
9.4067 22.6090
9.4174 22.7436
9.5367 22.7592
9.5783 22.7012
9.5606 22.6720
9.7894 22.4708
9.3964 22.5151
9.5479 22.4157
9.4978 22.6076
9.8510 22.5541
9.4010 22.7404
9.5021 22.6389
9.3672 22.7045
9.5561 22.5460
9.4648 22.6538
9.4256 22.5184
9.5231 22.5593
9.4718 22.7328
9.4512 22.6249
9.5501 22.6662
9.6055 22.6029
9.4102 22.7711
9.5228 22.4965
9.5144 22.6743
9.8470 22.6503
9.5473 22.6408
9.7065 22.6957
9.5896 22.4475
9.4972 22.5339
9.5668 22.6900
9.7322 22.7751
9.5947 22.7659
9.5902 22.5364
9.5803 22.5307
9.6494 22.5141
9.4992 22.4524
9.5901 22.5259
9.3750 22.5039
9.6319 22.5737
9.7638 22.5166
9.5335 22.4416
9.5501 22.6972
9.5014 22.5962
9.5120 22.7634
9.5646 22.5310
9.6815 22.5154
9.5549 22.3378
9.7238 22.7254
9.3736 22.5218
9.6509 22.6910
9.4496 22.6746
9.4251 22.6840
9.6768 22.4002
10.0125 22.7776
9.6902 22.6189
9.5638 22.3766
9.4257 22.7816
9.7245 22.6032
9.9191 22.7804
9.4846 22.7817
9.3399 22.5516
9.3122 22.4373
9.5816 22.5662
9.6017 22.7151
9.3942 22.8540
9.2200 22.5221
9.6542 22.9549
9.4625 22.9814
9.6118 22.5541
9.5569 22.3728
9.7160 22.5729
9.5293 22.8164
9.3847 22.4156
9.3544 22.4711
9.5817 22.5495
9.4905 22.7197
9.7003 22.9816
9.6286 22.6761
9.7856 22.6499
9.4973 22.6220
9.7003 22.4658
9.4350 22.7164
9.6859 22.6180
9.7910 22.8809
9.7879 23.0677
9.3850 22.8560
9.7848 22.6830
9.6460 22.6858
10.0748 22.6576
9.8076 22.4835
9.8431 22.4922
9.7444 22.6576
9.7279 22.5653
9.8057 22.3555
10.0038 22.6963
9.7986 22.3428
9.6364 22.3925
9.3422 22.6037
9.4923 22.6297
9.3753 22.7302
9.4244 22.6814
9.6270 22.5940
9.5098 22.8016
9.5531 22.5026
9.6268 22.6905
9.1697 22.6320
9.1448 22.6994
9.5288 22.6070
9.7497 22.5210
9.5181 22.6632
9.6404 22.5755
9.5626 22.5610
9.5546 22.6111
9.5106 22.8069
9.7216 22.5354
9.8714 22.4732
9.8578 22.4654
