103.1362 155.2958
103.1265 155.2976
103.2837 155.3191
103.2458 155.4051
103.2731 155.3577
103.3731 155.2448
103.2153 155.1546
103.2605 155.1480
103.4852 155.0239
103.2931 155.2797
103.3783 155.4543
103.2485 155.2576
103.2781 155.4054
103.3735 155.2631
103.1654 155.4559
103.2302 155.4159
103.4263 155.4812
103.3673 155.3829
103.1304 155.1186
103.1836 155.3716
103.1987 155.3455
103.4520 155.2485
103.2856 155.2581
103.0287 155.6028
103.3717 155.5231
103.2048 155.3124
103.2117 155.0396
103.2311 155.6693
103.2843 155.2422
103.5314 155.3748
103.6175 155.3217
103.4615 155.4567
103.4094 154.9931
103.1606 155.3816
103.3603 155.7275
103.2783 155.5115
103.4287 155.4403
103.1613 155.5654
103.3333 155.4394
103.2731 155.3701
103.2509 155.5573
103.4405 155.6059
103.1481 155.5027
103.2989 155.4830
103.4087 155.5443
103.3240 155.5130
103.3449 155.5059
103.3012 155.4666
103.3522 155.4317
103.3096 155.4733
103.3458 155.4616
103.3207 155.4481
103.3042 155.4293
103.2202 155.2474
103.1393 155.5205
103.3396 155.3275
103.3577 155.1830
103.3449 155.0301
103.4405 155.2349
103.3282 155.2712
103.1681 155.1265
103.2509 155.1083
103.2504 155.1514
103.4604 155.1538
103.3158 155.1655
103.2864 155.1351
103.3261 155.2331
103.1855 155.0888
103.3109 155.1885
103.3216 155.0374
103.2874 155.0524
103.3257 155.2256
103.2746 155.2528
103.3136 155.2983
103.2889 155.1808
103.3248 155.1486
103.1886 155.1807
103.2904 155.1545
103.4360 155.2914
103.3933 155.1320
103.3569 155.2096
103.3337 155.1328
103.3632 155.2646
103.4630 155.1391
103.2258 155.1886
103.3161 155.1374
103.4199 155.2302
103.3970 155.2512
103.3628 155.1858
103.3136 155.4607
103.3612 155.4787
103.3293 155.6111
103.4423 155.5289
103.3309 155.4300
103.2554 155.4498
103.4502 155.3215
103.3397 155.4157
103.2468 155.4975
103.4060 155.5157
103.3194 155.4292
103.3321 155.4585
103.1467 155.6236
103.5100 155.6172
103.2125 155.3542
103.2973 155.4850
103.4085 155.4194
103.3915 155.4917
103.4849 155.5604
103.3460 155.5055
103.3350 155.4965
103.4227 155.4350
103.3664 155.5415
103.3118 155.4771
103.4448 155.5434
103.5151 155.5007
103.4113 155.6187
103.5498 155.3909
103.2549 155.3692
103.4638 155.4048
103.3976 155.4075
103.2231 155.6537
103.6540 155.3037
103.7107 155.3590
103.6059 155.3090
103.5291 155.3847
103.6910 155.3547
103.5042 155.8035
103.3870 155.4791
103.4110 155.4653
103.3407 155.5966
103.3701 155.5271
103.2923 155.5309
103.2658 155.4626
103.3139 155.6304
103.2482 155.5047
103.2971 155.5318
103.2046 155.4516
103.4958 155.4426
103.2724 155.5277
103.3671 155.4861
103.2826 155.4952
103.2670 155.5577
103.2746 155.4433
103.2822 155.5928
103.2856 155.4708
103.5863 155.5432
103.3776 155.4634
103.3915 155.5175
103.2061 155.3911
103.2080 155.6442
103.3407 155.5788
103.2694 155.5376
103.2622 155.4304
103.2993 155.5273
103.3506 155.5023
103.4708 155.5074
103.6080 155.3244
103.7263 155.3513
103.7193 155.3235
103.6010 155.2786
103.3294 155.2151
103.3718 155.1172
103.3933 155.1588
103.4665 155.0875
103.4177 155.2351
103.3010 155.0981
103.3321 155.1324
103.3065 155.1971
103.3899 155.1159
103.4056 155.1967
103.3378 155.0537
103.3189 155.2104
103.4115 155.1103
103.2055 155.2449
103.4339 155.0583
103.2410 155.2426
103.3093 155.0949
103.2342 155.1240
103.1801 155.1712
103.2600 155.2001
103.4047 155.4238
103.3659 155.4595
103.2836 155.4296
103.3551 155.5721
103.1296 155.5043
103.4114 155.3676
103.3267 155.5846
103.3672 155.5404
103.4362 155.5129
103.3731 155.4488
103.4329 155.5324
103.3753 155.5595
103.3045 155.5719
103.2890 155.4260
103.4338 155.4426
103.3865 155.4271
103.3538 155.4099
103.1626 155.4887
103.3407 155.4394
103.2445 155.4544
103.3055 155.2777
103.2982 155.4477
103.2316 155.6090
103.2737 155.3788
103.3094 155.3993
103.2377 155.6095
103.3306 155.5371
103.4300 155.5198
103.3094 155.4351
103.3175 155.4442
103.2167 155.5458
103.4423 155.4579
103.3345 155.5920
103.3977 155.4094
103.3693 155.4813
103.3337 155.5980
103.3560 155.5949
103.4099 155.4444
103.3122 155.6389
103.3690 155.5623
103.2993 155.5750
103.3089 155.6471
103.4606 155.4918
103.3612 155.3722
103.4244 155.4734
103.4140 155.3695
103.5640 155.4528
103.3379 155.5206
103.3676 155.5237
103.3607 155.5149
103.3844 155.4464
103.3509 155.5471
103.3730 155.4115
103.3333 155.5332
103.4160 155.4680
103.2612 155.4268
103.5327 155.6040
103.6671 155.4099
103.5657 155.3395
103.6417 155.3591
103.8094 155.3787
103.6739 155.5192
103.5846 155.5342
103.6512 155.1943
103.5895 155.2072
103.6931 155.2825
103.7353 155.3659
103.6563 155.3297
103.6015 155.4043
103.6367 155.3528
103.6590 155.3376
103.6725 155.1610
103.6354 155.3341
103.6548 155.2987
103.5576 155.3700
103.6741 155.3358
103.6006 155.2190
103.7338 155.3079
103.6374 155.2431
103.7006 155.2963
103.6924 155.3618
103.5426 155.2986
103.5267 155.4081
103.5950 155.3065
103.7298 155.4398
103.5524 155.2461
103.6463 155.3441
103.5459 155.4442
103.7827 155.4577
103.7052 155.3817
103.7206 155.3423
103.7049 155.3818
103.7074 155.3080
103.3312 155.1636
103.3616 155.1201
103.3802 155.3279
