41.9177 31.5062
41.9640 31.3040
42.0358 31.1443
41.7833 31.3442
41.9216 31.4972
42.0275 31.5235
41.8825 31.3238
41.8194 31.4954
42.0119 31.4996
41.7913 31.4602
41.7454 31.4874
42.0063 31.4188
41.9750 31.5269
41.9175 31.4426
41.8322 31.3154
41.8184 31.1796
41.9163 31.6297
42.2313 31.6304
41.8090 31.2448
42.2633 31.7328
42.1916 31.0812
41.7042 31.6166
41.8214 31.2716
42.3833 31.1765
42.0575 31.8807
41.9936 31.3715
42.0817 31.2508
41.6582 31.6747
41.7053 31.3211
42.1923 31.9323
42.0244 31.4154
41.8432 31.3744
42.1665 31.5819
42.0430 31.5222
41.7278 31.3820
42.2253 31.1771
41.7058 31.3975
42.1782 31.4143
41.8060 31.5683
41.9602 31.3984
41.7829 31.6421
42.4758 31.5456
41.8533 31.4404
41.8675 31.6781
42.0235 31.5239
42.1507 31.4313
42.0532 31.1824
42.0483 31.3898
41.9065 31.4854
41.7132 31.3513
41.6963 31.4118
42.0076 31.6337
42.3642 31.3520
42.4894 31.3545
42.2618 31.3156
42.1326 31.3381
42.0760 31.3696
42.2358 31.3531
42.1927 31.5309
42.3676 31.4114
42.3948 31.3999
42.2819 31.3075
42.1811 31.4032
42.3459 31.3095
42.3376 31.3755
42.1477 31.3064
42.2198 31.2191
42.4022 31.3634
42.2444 31.3307
42.0930 31.4163
42.1687 31.3013
42.2602 31.3429
42.5974 31.4416
42.2268 31.3189
42.2675 31.1657
42.3719 31.4506
42.3199 31.2091
42.3122 31.3588
42.0052 31.3103
42.4762 31.3983
42.2902 31.3892
42.2970 31.3833
42.4609 31.4679
42.2744 31.5474
42.3066 31.4291
42.3342 31.2983
42.2215 31.2826
42.3527 31.2586
42.2426 31.4170
42.2163 31.5164
42.3004 31.3776
42.2406 31.2480
42.3306 31.4149
42.4831 31.5503
42.1858 31.4243
42.1181 31.4225
42.2406 31.3816
42.3241 31.5231
42.3085 31.5094
42.3518 31.3355
42.2624 31.3505
42.2044 31.2843
42.1461 31.3496
42.2678 31.2857
42.3409 31.3631
42.3324 31.3158
42.3927 31.3420
42.4868 31.5723
42.0846 31.2633
42.3680 31.4269
42.3380 31.2668
42.0857 31.2153
42.2522 31.3359
42.2892 31.2813
42.2938 31.3746
42.2448 31.1710
42.2562 31.5078
42.2408 31.3300
42.2426 31.3906
42.3191 31.4006
42.2922 31.3997
42.2278 31.3473
42.2796 31.4099
42.2120 31.4209
42.1878 31.3734
42.2833 31.3952
42.2926 31.4441
42.2874 31.4520
42.2627 31.3724
42.2234 31.3688
42.2864 31.4235
42.2410 31.3935
42.2590 31.3802
42.2279 31.3732
42.2744 31.3919
42.2795 31.4158
42.2573 31.4284
42.2657 31.4333
42.2667 31.4313
42.2116 31.4246
42.3313 31.4784
41.9328 31.3134
41.9873 31.4163
42.1793 31.4693
42.4698 31.4017
42.4031 31.4382
42.3734 31.2121
42.2021 31.3331
42.1345 31.3678
42.4330 31.3959
42.2233 31.3528
42.4049 31.6571
41.8821 31.5077
41.8696 31.3387
41.9683 31.4557
41.9510 31.4440
42.0167 31.4085
41.9478 31.4600
41.9094 31.4171
41.9573 31.4193
41.9558 31.4656
41.9971 31.4283
42.0374 31.4470
41.9374 31.4038
41.8175 31.3592
41.9300 31.3404
41.8844 31.4492
42.0098 31.4429
41.8364 31.4202
42.1078 31.5951
42.3609 31.4239
42.2670 31.3658
42.2947 31.5240
42.2865 31.3517
42.1177 31.2903
42.4180 31.2252
42.2162 31.4213
42.4064 31.5059
42.3580 31.2959
42.1915 31.2240
42.3528 31.3693
42.2782 31.7542
42.1939 31.4532
42.3432 31.6018
42.2401 31.5204
42.4170 31.4426
42.2591 31.5939
42.2412 31.7635
42.1839 31.9204
42.3785 31.6690
42.3255 31.7203
42.2491 31.6024
42.3017 31.4865
42.0410 31.6173
42.3363 31.7736
42.1792 31.6807
42.0276 31.5745
42.0459 31.4976
42.0702 31.6263
42.1272 31.5999
42.2915 31.5746
42.2227 31.4558
42.2225 31.5631
42.1891 31.7987
42.2385 31.5750
42.0487 31.5414
42.2942 31.6998
42.1930 31.7214
42.2135 31.7342
42.3031 31.6506
42.2582 31.8271
42.0471 31.7110
42.2278 31.6941
42.2480 31.7098
42.1378 31.5688
42.1019 31.6404
42.2377 31.6336
42.3033 31.6463
42.2454 31.6794
42.2255 31.6853
42.2287 31.5241
42.2341 31.5498
42.1419 31.7952
42.2167 31.6709
