66.2337 170.8132
66.3759 170.9835
66.1804 170.7482
66.3226 170.9510
66.5142 171.0739
66.6100 171.4294
66.5194 171.1954
66.2609 171.4158
66.4768 171.1015
66.5556 171.2623
66.4705 171.3320
66.4099 171.2207
66.7147 171.3143
66.5213 171.1825
66.4265 171.2294
66.6552 171.3122
66.5247 171.2963
66.5249 171.0062
66.5151 171.2847
66.5682 171.1892
66.5591 171.2010
66.4681 171.2832
66.6309 171.3172
66.5532 171.2608
66.4409 171.0233
66.5099 171.2973
66.5515 171.3298
66.3977 171.1894
66.5654 171.3100
66.5361 171.2856
66.6829 171.2992
66.6212 171.2569
66.4576 171.2776
66.4207 171.1907
66.4991 171.2532
66.4276 171.4235
66.4024 171.3205
66.4055 171.1867
66.5207 171.1871
66.3336 171.2879
66.4077 171.3108
66.5204 171.2553
66.4301 171.4286
66.5319 171.3060
66.2924 171.3477
66.2174 171.2541
66.5358 171.3816
66.2098 171.2030
66.4648 171.1505
66.5819 171.2368
66.6043 171.3032
66.3133 171.3007
66.5926 171.3868
66.5466 171.2050
66.4648 171.5114
66.4368 171.0516
66.4659 171.1850
66.3215 171.3357
66.2825 171.3092
66.5648 171.2253
66.6972 171.3308
66.4949 171.3044
66.6232 171.4172
66.4379 171.2280
66.4237 171.3040
66.4902 171.4532
66.4764 171.2166
66.3745 171.1415
66.3466 171.1474
66.4541 171.1942
66.4121 171.2953
66.3771 171.3216
66.5586 171.2959
66.5498 171.2429
66.4740 171.1961
66.3424 171.1653
66.4204 171.1477
66.6994 171.2130
66.4516 171.1811
66.6722 171.1633
66.4953 171.1179
66.6259 171.3096
66.5396 171.2351
66.5160 171.1891
66.5776 171.2001
66.5200 171.3789
66.5241 171.2743
66.3245 171.1864
66.4975 171.1275
66.4819 171.0840
66.4565 171.2691
66.4730 171.3003
66.5368 171.2708
66.6005 171.3011
66.4322 171.3113
66.6027 171.1806
66.7029 171.2288
66.5085 171.1450
66.3479 171.2090
66.3880 171.3654
66.5615 171.2888
66.6653 171.4671
66.4248 171.0726
66.3960 171.2959
66.4208 171.2193
66.5069 171.2413
66.4514 171.3015
66.4682 171.2912
66.4062 171.1003
66.6921 171.1840
66.4923 171.2602
66.4588 171.2715
66.4480 171.1510
66.6166 171.1562
66.4777 171.2151
66.3497 171.1971
66.4242 171.2341
66.3742 171.2169
66.6018 171.1879
66.5100 171.2344
66.5420 171.3272
66.3836 170.7708
66.1863 170.9428
66.3232 170.8347
66.3641 170.9525
66.4027 170.7986
66.4968 170.9140
66.3499 170.9179
66.4357 170.9001
66.2843 170.8726
66.2837 170.8992
66.4791 170.9132
66.3505 170.8696
66.2087 170.8390
66.2101 170.8873
66.2749 170.9592
66.4901 170.9242
66.5408 170.9723
66.4508 170.7368
66.4718 170.8424
66.4491 170.7583
66.4525 170.9333
66.3339 170.7825
66.1214 170.8117
66.2725 171.0028
66.4433 170.9727
66.2528 170.9947
66.2715 170.9467
66.3891 170.8293
66.4995 170.8503
66.3806 170.9014
66.5413 170.8955
66.3134 170.8049
66.4655 170.9649
66.4240 171.0739
66.3220 170.8971
66.3548 171.0072
66.4253 170.9028
66.4325 170.9331
66.6510 170.7997
66.3855 170.9164
66.2842 170.9361
66.2931 171.0224
66.2698 170.9112
66.3512 170.9329
66.2825 170.9915
66.4071 170.8848
66.4932 170.9826
66.3926 170.8248
66.4874 170.8129
66.3537 170.8170
66.4260 170.8470
66.3286 170.8656
66.4162 170.9366
66.3297 171.0160
66.4850 171.0901
66.1641 170.9290
66.4043 170.8663
66.3401 170.8401
66.4828 170.9594
66.5048 171.0106
66.4030 170.8038
66.2501 171.0024
66.0407 171.1232
66.3718 170.8881
66.2955 170.8321
66.2048 170.9316
66.3119 170.9370
66.4363 170.8429
66.4007 171.0098
66.2608 170.9672
66.4182 170.8363
66.4873 171.0220
66.3958 170.9148
66.3211 170.9375
66.3952 170.8944
66.3405 170.9066
66.3959 170.9279
66.4701 170.8228
66.3918 170.9225
66.2968 170.9318
66.3898 170.9411
66.1640 170.8222
66.5555 170.9964
66.5692 170.8512
66.2494 171.0703
66.4012 170.7877
66.3248 170.8716
66.3683 170.9028
66.2990 170.9292
66.4005 170.8822
66.4160 170.8803
66.3097 171.0239
66.3348 170.8901
66.4471 171.0270
66.3401 170.8913
66.2524 170.8420
66.5089 171.0153
66.3362 170.9159
66.3226 170.8558
66.4235 170.8534
66.4053 170.8798
66.3266 170.9545
66.3653 171.0160
66.2763 170.8258
66.3083 170.8735
66.3460 170.7841
66.3980 170.8467
66.3932 170.8560
66.1990 171.2261
66.2383 171.1213
66.5685 171.4243
66.4742 171.1296
66.4624 171.2276
66.6339 171.4951
66.1557 171.2140
66.6059 171.1438
66.7666 170.9162
66.8146 171.1917
66.5405 171.3809
66.4470 171.3108
66.4525 171.1492
66.4370 171.2932
66.5275 171.3475
66.2760 171.0626
66.6207 171.2103
66.4720 171.0855
66.1098 171.1460
66.0765 171.2355
66.2239 171.1219
66.2441 171.2195
66.3394 171.1932
66.1659 171.0877
66.3263 171.1408
66.1898 171.2146
66.2605 171.0816
66.0766 171.1142
66.1417 171.1446
66.2281 171.0731
66.2071 171.3138
66.1609 171.1630
66.1630 171.0953
66.0508 171.3008
66.2822 171.1789
66.2343 171.2087
66.2895 171.0112
66.1183 171.1895
66.3807 171.3533
66.1331 171.0872
66.0856 171.1685
66.0504 171.2386
66.0937 171.1880
66.1760 171.1909
66.3116 171.2552
66.1680 171.0201
66.3286 171.1465
66.2096 171.1535
66.1629 171.1475
66.1827 171.1293
66.2035 171.1339
66.3240 171.3044
66.0988 171.1152
66.1839 171.1497
66.1714 171.1548
66.1931 171.1847
66.0811 171.1862
66.1727 170.8370
66.3588 170.9719
66.4219 170.8605
66.5598 170.9067
66.6428 171.0058
66.5001 170.9068
66.3374 170.9686
66.6054 170.9906
66.4533 170.9543
66.4542 170.8463
66.3563 170.9278
66.3212 170.8677
66.3392 170.7148
66.4439 170.8883
66.3624 170.9178
66.4361 171.0508
66.3119 171.1500
66.4349 170.8663
66.0927 171.2323
66.2974 171.2103
66.0844 171.1595
66.1220 171.1605
66.1186 171.2818
66.1466 171.2400
66.1824 171.1048
66.1907 171.0989
66.1879 171.1552
66.1611 171.1145
66.1634 171.1565
66.7271 171.3536
66.2882 171.2442
66.1304 171.0722
66.0694 171.1338
66.3409 171.1175
66.1878 171.1724
66.2581 171.0987
66.1515 171.0303
66.3475 171.1385
66.1185 171.1060
66.1807 171.3611
66.0939 171.1367
66.0962 171.1948
66.2279 171.1884
66.3153 171.1746
66.0526 171.1277
66.1153 171.3165
66.2814 171.1031
66.0776 171.1562
66.2435 171.1766
66.0877 171.2968
66.1325 171.1791
66.0937 171.1231
66.1570 171.1724
66.3273 171.2031
66.2453 171.2672
66.2334 171.0598
66.2020 171.2064
66.2661 171.1500
66.1979 171.1744
66.2539 171.1154
66.3890 171.3179
66.3185 171.2373
66.1448 171.2240
66.1330 171.3022
66.1694 171.1780
66.2391 171.1623
66.2182 171.1358
66.1690 171.2654
66.2426 171.2946
66.2343 171.2095
66.2225 171.2667
66.1243 171.2170
66.2198 171.0822
66.2506 171.1900
66.2328 171.2531
66.2348 171.2381
66.0839 171.2123
66.1922 171.2089
66.1711 171.1505
66.1724 171.3164
66.2002 171.2101
66.1362 171.1864
66.2902 171.0518
66.4026 171.1243
66.1875 171.3002
66.1669 171.0537
66.1265 171.1754
66.1507 171.2611
66.3377 171.2502
66.2938 171.1648
66.2731 171.2221
66.3323 171.2268
66.1672 171.1519
66.3169 171.2438
66.1778 170.9652
66.1384 171.0292
66.1340 171.0879
66.3032 171.0544
66.2650 171.0931
66.1524 171.4421
66.2683 171.1624
66.2662 171.3785
66.5545 170.9468
66.4241 171.0663
66.4157 170.9171
66.3178 170.9038
66.2474 170.8601
66.1263 171.1730
66.2092 171.1583
66.2207 171.1177
66.2023 171.1681
66.2393 171.2030
66.2353 171.1361
66.1013 171.1674
66.2359 171.1534
66.1642 171.1368
66.2263 171.1578
66.1389 171.1740
66.2384 171.0999
66.1618 171.1064
66.2560 171.1153
66.2486 171.1885
66.2339 171.1936
66.2279 171.1880
66.2011 171.1669
66.1859 171.2098
66.2001 171.1833
66.2057 171.2247
66.1766 171.2452
66.1869 171.1768
66.1437 171.0774
66.1159 171.1524
66.1915 171.1962
66.2153 171.1499
66.2122 171.1743
66.2028 171.2187
66.2066 171.1963
66.2201 171.1403
66.1141 171.1556
66.2156 171.1738
66.2643 171.2264
66.1783 171.1211
66.2418 171.2334
66.2746 171.1314
66.2862 171.1743
66.2265 171.1611
66.0370 171.0937
66.2589 171.1540
66.3173 171.1487
66.2194 171.2142
66.2310 171.1569
66.2575 171.2403
66.2746 171.2311
66.2392 171.1763
66.1614 171.1081
66.1775 171.1589
66.2634 171.1351
66.1820 171.1354
66.1984 171.2364
66.1268 171.1181
66.4793 171.0665
66.4837 170.9698
66.3115 170.8256
66.4135 170.9668
66.4360 170.8954
66.3673 170.9306
66.3307 170.9018
66.4180 170.9727
66.4571 170.8654
66.3993 170.9353
66.5847 170.9637
66.4126 171.0661
66.4142 170.8714
66.4787 171.0070
66.3773 170.8637
66.4290 170.9552
66.3981 170.8806
66.4070 170.9392
66.1453 171.3226
66.3199 171.3087
66.3389 170.9991
66.4804 170.9869
66.4006 171.0426
66.3933 171.1404
66.4676 171.0144
66.3885 171.0139
66.5055 170.9381
66.3698 170.9958
66.4952 171.1542
66.3615 170.7985
