98.2643 115.0396
98.1774 115.2769
98.1303 115.1833
98.2922 115.2105
98.2960 115.2116
98.2835 115.2328
98.1368 115.1864
98.1133 115.2338
98.1853 115.2538
98.2183 115.1736
98.0673 115.2441
98.2342 115.0781
98.2340 115.3102
98.0456 115.1790
98.3166 115.1058
98.1448 115.2691
98.2608 115.1893
98.1422 115.2311
98.0392 115.3210
98.2371 115.1472
98.0427 115.1838
98.1596 115.3295
98.2260 115.0941
98.0675 115.1253
98.0866 115.2046
98.1144 115.2186
98.3377 115.2393
98.2924 115.2347
98.2821 115.1843
98.1130 115.3174
98.1616 115.2754
97.8475 115.1728
98.1772 115.2337
98.2056 115.0630
98.2231 115.3011
98.2188 115.1745
98.1950 115.2331
98.2125 115.1694
98.1670 115.1731
98.1807 115.1878
98.1437 115.1343
98.1881 115.2252
98.2019 115.1795
98.2042 115.1525
98.1007 114.9639
98.0427 114.8224
98.1499 114.9590
98.0283 114.9290
98.1594 114.9493
97.8620 115.1092
98.3055 114.9240
98.1007 114.7046
98.0089 114.8204
97.7074 115.0052
98.0690 114.9236
98.2300 115.0065
97.8588 115.0041
97.8892 115.0127
98.0230 114.8232
98.1463 114.9100
98.0193 114.8351
97.9495 114.8820
97.7006 115.0292
98.1909 114.9783
98.1857 114.8763
98.0502 114.7975
98.0609 115.0744
98.1444 114.9938
98.1518 114.9060
97.8273 114.9860
98.0061 114.9337
97.9626 114.9333
98.1131 114.8757
98.0280 114.9182
97.7385 115.0735
97.8835 114.9340
97.9923 114.8096
98.3234 115.0549
98.2231 115.2337
98.1972 115.2865
98.2136 115.2138
98.2317 115.2274
98.1467 115.2859
98.2563 115.2310
98.2439 115.1722
98.2431 115.2527
98.0864 115.2238
98.1516 115.1554
98.1859 115.2651
98.1834 115.1469
98.0470 115.1778
98.2324 115.1170
97.8682 115.1409
98.2497 114.9590
98.5129 114.8683
98.1255 115.0711
98.3303 114.9362
98.2219 115.3957
98.1760 114.8801
98.0397 114.9352
98.0772 115.0579
98.1444 115.0241
98.1786 114.9927
98.1515 114.9529
97.9826 114.8995
97.9787 115.0259
98.1050 114.8365
98.1342 114.8518
97.9811 115.2423
98.3117 115.2448
98.3123 115.0380
98.2526 115.1511
98.0751 115.1707
98.2123 115.2012
98.3051 115.0817
98.3520 115.0598
98.2206 115.1145
98.0423 115.1945
98.1139 115.2517
98.1868 115.1538
98.2120 115.2649
98.2450 115.2275
98.2740 115.2378
98.2874 115.1303
98.2473 115.1432
98.2627 115.1394
98.1084 115.1382
98.1127 114.9077
98.0966 114.8022
98.1649 114.9343
98.2040 114.8449
98.1273 114.9513
98.2112 114.8791
98.1325 114.9335
98.1290 114.9144
98.2026 114.9655
98.1174 114.9146
98.1589 114.8468
98.1480 114.8391
98.2356 114.8899
98.1936 114.8435
98.3708 114.8431
98.1569 114.8117
98.2020 114.9080
98.1139 114.8635
98.1128 114.8569
98.0623 114.9136
98.1640 114.9005
98.1319 114.9540
98.1731 114.8859
98.1559 114.9124
98.2197 114.8945
98.0956 114.7590
98.1754 114.8840
98.1436 114.8923
98.1466 114.8698
98.2026 114.8954
98.1759 114.8973
98.2095 114.9036
98.1388 114.8505
97.8902 115.1414
98.0207 115.1652
97.9037 115.2245
97.9733 115.1155
97.8280 115.1979
97.8970 115.2216
97.9784 115.1214
97.9012 115.0896
98.1044 115.1515
98.2717 115.1166
98.0254 115.2151
98.3057 115.2545
97.8988 115.1813
97.9418 115.1772
97.9913 115.0341
97.9155 115.0618
97.8200 115.1192
97.9487 115.2822
97.9529 115.1398
97.8310 115.0822
97.9242 115.0835
97.9199 115.1137
97.8684 115.0856
97.8977 115.0914
97.9109 115.2271
97.8829 115.0810
97.8871 115.0277
97.9774 115.1650
97.8589 115.2288
97.9110 115.0137
97.8247 115.1105
97.8037 115.2231
97.9469 115.1222
97.9029 115.1578
97.8191 115.1864
98.0557 115.0440
97.9089 115.1043
98.0270 115.1706
97.9344 115.2387
97.8534 115.1894
97.8921 115.1466
97.8564 115.1918
97.9755 115.2259
97.8907 115.1235
97.9761 115.1793
97.8910 115.0898
97.9585 115.2482
97.8974 115.0835
97.8444 115.0934
97.8194 115.0536
97.8850 115.1507
97.8036 115.1453
98.0242 115.2050
97.9168 115.0413
97.8691 114.9954
98.0277 115.2060
98.5076 115.3055
98.1302 115.3058
98.3807 115.2649
98.2319 115.3397
98.1836 115.3347
97.8105 115.0273
98.1761 115.2672
98.1243 115.4603
98.2252 115.2210
98.1738 115.1517
98.3052 115.2489
97.8112 115.1742
97.9528 115.0324
97.8421 114.9843
97.8944 115.1478
97.8986 115.1586
98.0024 115.1173
97.7276 115.0705
97.9348 115.0891
97.7804 115.1165
97.8675 115.0221
97.8962 115.0318
97.8811 115.0521
97.7698 114.9728
97.8394 115.2199
97.9805 115.0686
97.8583 115.0641
97.8495 115.2262
97.9246 115.0518
97.9515 115.1957
97.8589 115.2064
97.8743 115.1824
97.8081 115.0398
97.8764 115.1470
97.8268 115.2162
97.9575 115.1235
98.0284 115.0384
97.7931 115.1669
97.9076 115.0626
97.8767 115.1802
97.8494 115.0021
97.9337 115.1058
97.7455 115.2157
98.0163 115.1752
97.7962 115.0493
97.9387 115.0590
97.8761 115.2200
97.9124 115.0916
97.8672 115.0286
97.9243 115.2589
97.8929 115.2865
97.8146 115.1874
97.8491 115.0623
97.9215 115.1211
97.8312 115.1357
97.7757 115.0826
97.8471 115.0709
97.8845 115.0798
98.0808 115.0509
97.8932 115.1771
97.8980 115.1032
97.9433 115.0856
97.8624 115.1035
97.9655 115.1435
97.9636 114.9976
97.7997 115.0513
97.9940 115.1307
97.8244 115.2287
98.0517 115.2159
98.1562 114.8952
98.0328 114.7687
98.2112 115.0278
98.1084 115.0140
98.0494 114.9837
98.0893 114.9079
98.0324 114.9160
98.0678 114.9209
98.1422 114.9305
97.9966 114.9467
98.1416 114.9381
98.1367 114.9406
98.1326 114.8776
98.0963 114.8772
98.2869 115.2259
98.2156 115.2678
98.3660 115.2293
98.2653 115.1303
98.1959 115.2799
98.2228 115.1190
98.2538 115.1579
98.1948 115.2877
98.2581 115.1523
98.2694 115.1826
98.1759 115.2151
98.2296 115.1364
98.1358 115.1407
98.2974 115.1970
98.1681 115.1901
98.3032 115.1952
98.3945 115.1462
98.2792 115.2220
98.1933 115.1197
98.1595 115.2790
98.2497 115.1734
98.1779 115.2256
98.2664 115.1776
98.2769 115.1148
98.1625 115.1572
98.1499 115.2292
98.2633 115.1887
98.1733 115.1071
98.0229 115.1253
98.3747 115.1734
98.2222 115.0357
98.2745 115.2029
98.1153 115.2602
98.1969 115.0642
97.7416 115.2111
98.0365 115.1724
97.8864 115.1576
97.8684 115.1745
98.0272 115.0759
97.9770 115.1104
98.0152 115.1215
97.8549 115.1943
97.8953 115.1511
97.9770 115.1624
97.8834 115.2249
97.9221 115.0529
97.9493 115.1665
97.8564 115.1751
98.0390 114.9985
97.9337 115.2619
97.9879 115.1604
97.8729 115.1166
97.8959 115.1930
97.9537 115.0863
97.9864 115.0476
97.8628 115.0825
97.8991 115.1511
97.9088 115.1181
97.9126 115.1346
97.9264 115.1776
97.9840 115.1339
97.9374 115.1120
97.9505 115.1673
97.9509 115.1497
97.9512 115.1221
97.9401 115.1374
97.9400 115.1430
97.9415 115.1370
97.9201 115.1595
97.9556 115.1595
97.9643 115.1280
97.8749 115.1507
97.8881 115.1639
97.9552 115.2079
97.9454 115.1916
97.9376 115.1598
97.9159 115.1021
97.9327 115.1245
97.8433 115.1143
97.8850 115.1576
97.8527 115.1590
97.9131 115.1181
97.8722 115.1570
97.9492 115.2141
97.9459 115.1491
97.9421 115.1505
97.8580 115.1172
97.9243 115.1639
97.9121 115.2105
97.8967 115.1921
97.9028 115.1579
97.9381 115.1549
97.9339 115.2022
98.0068 115.1664
97.9763 115.1669
97.9618 115.1830
97.9278 115.0648
97.9624 115.1133
97.9330 115.1582
97.8262 115.1673
97.7734 115.2043
98.0446 115.1994
97.8436 115.1699
97.9688 115.1448
97.8437 115.1159
98.2140 115.3020
98.0983 115.0248
98.1852 114.7673
98.1360 114.8490
98.1736 114.8845
98.1816 114.9486
98.1526 114.9652
98.2001 114.9075
98.1852 114.8998
98.1789 114.8900
98.1964 114.9325
98.1974 114.9798
98.1639 114.9071
98.1638 114.9536
98.1843 114.9019
98.1824 114.9373
98.2266 114.8609
98.1922 114.8789
98.2256 114.9611
98.1974 114.8558
98.1993 114.9133
98.2192 114.8977
98.1794 114.8654
98.2226 114.9043
98.1826 114.9129
98.1985 114.8705
98.1798 114.9083
98.1940 114.9038
98.1671 114.8707
98.1713 114.9060
98.1865 114.9009
98.2414 114.9451
98.2343 114.8695
98.2179 114.8770
98.1097 114.9603
98.1203 114.8904
98.2091 114.8707
98.2308 114.8563
98.2329 114.9019
