143.8483 122.4068
143.9072 122.3886
144.0130 122.7297
143.5603 122.5940
144.0941 122.4305
144.0513 122.2074
143.5342 122.3789
143.5863 122.4517
143.6495 122.2498
143.6064 122.7349
143.4444 122.8112
143.8104 122.5465
143.6707 122.8233
143.4592 122.6619
143.4381 122.5082
143.5487 122.7577
143.4558 122.5765
143.6934 122.7305
143.3703 122.7738
143.4523 122.7379
143.6765 122.6601
143.4513 122.7602
143.6881 122.7059
143.6261 122.6233
143.8094 122.6038
143.5728 122.6497
143.5592 122.5843
143.3751 122.6837
143.5624 122.8731
143.5361 122.7686
143.5392 122.6705
143.3725 122.6689
143.7079 122.6252
143.6422 122.7668
143.7545 122.6742
143.7494 122.6504
143.6923 122.4874
143.6782 122.7492
143.4919 122.7292
143.7540 122.6343
143.5245 122.7910
143.6193 122.5611
143.6655 122.6851
143.5056 122.5149
143.6327 122.6528
143.5012 122.7876
143.6259 122.5279
143.3918 122.6940
143.5370 122.7365
143.7453 122.7870
143.5646 122.6778
143.7212 122.7653
143.7243 122.7511
143.3317 122.6550
143.6978 122.4030
143.5393 122.8097
144.2437 122.4015
144.0043 122.5106
143.8172 122.4282
144.0169 122.5219
143.8896 122.4832
143.8574 122.4811
143.9084 122.5215
143.9606 122.5620
143.8748 122.5314
144.0961 122.8316
144.0145 122.5178
143.8434 122.3946
143.8011 122.5893
144.1575 122.5334
144.0879 122.5116
143.9722 122.5049
143.9520 122.3999
143.8921 122.5028
143.7776 122.4362
143.8053 122.4561
143.8934 122.3708
144.0372 122.6416
144.0589 122.5904
143.9143 122.6280
144.1574 122.6259
143.9945 122.6507
143.9836 122.5130
143.8780 122.5677
144.0966 122.7643
143.9939 122.6318
143.8725 122.4813
143.8470 122.4338
143.9619 122.5596
143.9073 122.5358
143.9755 122.5760
143.7754 122.4722
143.8313 122.5343
143.7964 122.5348
143.9316 122.6995
144.0921 122.7084
143.9494 122.5797
143.8725 122.5062
144.0105 122.4590
143.8494 122.4858
143.9500 122.6194
143.9576 122.4628
143.7781 122.5085
144.1136 122.4225
144.0023 122.6308
144.0148 122.5843
143.9003 122.5564
144.0257 122.5295
143.9406 122.5928
143.7481 122.4374
143.7206 122.5163
143.8248 122.6084
143.7836 122.4217
143.9413 122.4507
143.8082 122.3634
144.0541 122.4055
143.8889 122.4769
143.9725 122.4462
143.8852 122.4919
143.8939 122.8228
143.9518 122.4318
143.8800 122.3863
143.9082 122.4787
143.9044 122.6331
143.7470 122.5600
143.7183 122.3537
143.6749 122.2591
143.5355 122.4385
143.5719 122.3974
143.4829 122.2697
143.7153 122.4176
143.6258 122.2846
143.6656 122.3656
143.6712 122.4266
143.7745 122.3176
143.6917 122.3048
143.6641 122.3256
143.5798 122.3111
143.6742 122.8682
143.5110 122.8109
143.6683 122.7297
143.5431 122.8112
143.6992 122.9063
143.6617 122.7412
143.5705 122.7075
143.4944 122.7535
144.1748 122.4594
143.9243 122.6895
144.0510 122.6393
143.8735 122.6123
143.7810 122.5387
143.9559 122.7972
143.9604 122.3650
143.7818 122.4845
143.8766 122.3580
143.9131 122.5144
143.7397 122.3993
143.8482 122.4782
143.9799 122.3149
143.8916 122.6081
143.9537 122.4550
143.9951 122.6131
143.7549 122.4587
144.2092 122.5866
144.0674 122.4056
144.0003 122.5650
143.8878 122.5278
143.9421 122.5846
143.7978 122.5844
144.0308 122.4726
143.7782 122.6779
143.9070 122.4303
143.8997 122.4965
143.8938 122.5201
143.6011 122.8539
143.9206 122.7650
143.9699 122.5891
144.0426 122.5311
144.0492 122.5007
143.8675 122.5913
144.0381 122.4832
143.9053 122.5346
143.9095 122.6358
143.9349 122.6072
144.0473 122.6444
143.9448 122.5642
143.8933 122.5432
143.7810 122.7381
143.9630 122.6402
143.9277 122.5791
143.8713 122.3889
144.0999 122.7180
144.1594 122.6849
143.9777 122.5804
144.2137 122.5958
143.8830 122.5506
144.2257 122.4991
143.6873 122.6684
144.1857 122.5817
144.0916 122.5375
143.8681 122.4458
143.9879 122.6069
143.7799 122.5267
144.0195 122.5686
143.9889 122.6255
143.9877 122.5690
143.8665 122.5407
143.9507 122.5715
143.8985 122.4799
143.6899 122.3336
144.0999 122.6775
143.6661 122.5921
143.9434 122.6363
144.1590 122.5297
143.7690 122.5270
143.7871 122.5843
144.0123 122.5078
144.0039 122.5432
144.1238 122.4724
143.9735 122.9090
143.9779 122.7646
143.7852 122.3643
143.7013 122.3786
143.7795 122.2203
143.9115 122.4115
143.7721 122.5094
143.7368 122.3433
143.7440 122.4692
143.7738 122.3796
143.7458 122.4670
143.6057 122.3277
143.7602 122.3151
143.7567 122.2874
143.6576 122.3148
143.6968 122.2556
143.7835 122.2334
143.7223 122.2411
143.7505 122.2991
143.7329 122.1607
143.6652 122.4282
143.7251 122.3251
143.7154 122.2767
144.0627 122.4409
143.6620 122.3987
143.6676 122.2669
143.7665 122.3459
143.9132 122.3679
143.7440 122.4589
143.6946 122.2225
143.8169 122.3861
143.7314 122.4508
143.7291 122.1724
143.8917 122.3597
143.5360 122.5253
143.6910 122.4142
143.5926 122.2676
143.6693 122.4492
143.6766 122.4438
143.5497 122.2850
143.8513 122.3028
143.7189 122.3779
143.5909 122.3872
143.8887 122.3779
143.9040 122.3203
143.8652 122.2891
143.6902 122.3816
143.7749 122.2380
143.6543 122.3174
143.9005 122.3136
144.0076 122.3316
143.7351 122.4112
143.6009 122.3169
143.7065 122.2309
143.6949 122.2321
143.9070 122.3154
143.7627 122.4408
143.7845 122.3505
143.6611 122.3178
143.7233 122.2225
143.6413 122.4894
144.0025 122.3527
143.7341 122.1660
143.7783 122.3729
143.6771 122.2950
143.7606 122.2149
143.6291 122.4384
143.7301 122.2740
143.9956 122.6365
144.1451 122.5200
143.9674 122.4841
143.6911 122.2798
143.6934 122.3722
143.6776 122.3206
143.5882 122.3801
143.6310 122.4320
143.6169 122.4085
143.6298 122.3938
143.5992 122.4399
143.8410 122.6751
144.1673 122.4605
143.5119 122.4242
143.9652 122.1371
144.1239 122.3583
143.7814 122.4380
143.5156 122.5782
143.5135 122.4506
143.6529 122.4122
143.5882 122.3440
143.6916 122.6897
143.8382 122.5992
143.9603 122.6172
143.9220 122.4334
143.8328 122.4394
143.9634 122.6561
143.9050 122.5994
143.9792 122.4964
143.8859 122.5852
143.9072 122.4969
143.8318 122.4454
143.9011 122.4188
143.9289 122.5461
143.8353 122.5269
143.9495 122.5228
143.9344 122.4933
143.6151 122.7664
143.7028 122.7732
143.8245 122.7952
143.7662 122.7102
143.8701 122.6857
143.6987 122.7888
143.6186 122.6848
143.7221 122.6998
143.8139 122.8409
143.9979 122.7490
143.6702 122.7225
143.8491 122.6377
143.8819 122.8190
143.7065 122.7619
143.7386 122.6882
143.5346 122.7153
143.7096 122.7895
143.7770 122.7658
143.6383 122.8278
143.5122 122.6294
143.8092 122.8646
143.6364 122.8476
143.5798 122.8290
143.8032 122.7908
143.8141 122.6998
143.8130 122.6634
144.0008 122.7392
143.6545 122.7377
143.7757 122.7514
143.6967 122.7325
144.0856 122.7472
143.7329 122.5849
143.6743 122.6659
143.6947 122.7847
143.8708 122.7435
143.6934 122.7279
143.8114 122.5709
143.9712 122.9234
143.4975 122.7175
143.6606 122.6788
143.7123 122.6989
143.4443 122.6804
143.6443 122.7159
143.7328 122.6342
143.6245 122.6446
143.7186 122.7433
143.6006 122.6527
143.6174 122.6901
143.6922 122.7137
143.7356 122.7156
143.6683 122.4980
143.5327 122.7778
143.7275 122.8261
143.6968 122.8067
143.6310 122.8005
143.7049 122.8488
143.5933 122.7563
143.6981 122.6522
143.7473 122.7686
143.6621 122.7335
143.6436 122.4084
143.4121 122.8291
143.4882 122.6281
143.7209 122.6682
143.5963 122.5850
143.5292 122.8686
143.8680 122.6075
143.6926 122.5902
143.7762 122.3709
143.6075 122.9224
143.4999 122.5453
143.8309 122.8280
143.8344 122.6723
143.7106 122.7761
143.4654 122.7674
143.5013 122.8102
143.5751 122.8969
143.9444 122.8649
143.7135 122.8422
143.7137 122.8428
143.6061 122.4016
143.7652 122.7943
143.7391 122.7445
143.8031 122.4761
143.7272 122.5825
143.4111 122.7286
143.7992 122.7195
143.8368 122.5747
143.7606 122.4827
143.7466 122.5579
143.9702 122.4226
143.9895 122.5031
144.0535 122.3436
144.0112 122.4738
144.1422 122.4163
143.9839 122.3054
143.8101 122.6525
143.9697 122.6257
143.8748 122.5486
143.9567 122.6047
143.8491 122.6059
143.8661 122.6201
144.1096 122.5808
143.9210 122.5788
144.0728 122.3779
144.0051 122.5971
144.0126 122.4426
143.9901 122.5249
144.0051 122.4914
143.8936 122.5413
144.1503 122.6683
143.9125 122.5145
143.9980 122.5958
143.9424 122.5709
143.8728 122.4812
143.9983 122.4161
143.9551 122.5589
143.9334 122.6715
143.7345 122.5103
143.9579 122.3582
144.1095 122.5155
144.0124 122.6569
143.9093 122.3719
143.9801 122.5875
143.8987 122.4843
144.0045 122.4787
144.0725 122.5928
143.9005 122.4656
143.9550 122.5125
143.7962 122.5378
143.9774 122.3519
144.0024 122.3991
144.0172 122.3684
143.8213 122.7391
143.8436 122.8008
143.7473 122.6806
143.6281 122.6989
143.7320 122.7541
143.6411 122.7105
143.6379 122.6538
143.8449 122.7258
143.7287 122.6467
143.6781 122.7494
143.6384 122.6899
143.6133 122.6545
143.6865 122.6712
143.7410 122.7577
143.5978 122.6398
143.6850 122.7186
143.6792 122.8272
143.6397 122.7021
143.7712 122.7869
143.5275 122.6889
143.6588 122.6353
143.6529 122.6859
143.6752 122.5853
143.5819 122.7680
143.5082 122.7315
143.7956 122.7665
143.6929 122.6249
143.7988 122.6982
143.8002 122.5738
143.6255 122.4860
143.6708 122.6112
143.6304 122.7595
143.6565 122.7442
143.6828 122.7162
143.5942 122.8022
143.6955 122.5891
143.7966 122.7321
143.5847 122.6279
143.7124 122.8811
143.7335 122.6507
143.7014 122.5944
143.6413 122.7732
143.5803 122.7909
143.7495 122.6268
143.5883 122.7218
143.5573 122.7675
143.6968 122.7869
143.7570 122.6501
143.6110 122.6799
143.7059 122.5874
143.5419 122.7317
143.8196 122.4984
143.7639 122.2712
143.6791 122.2883
143.6583 122.4660
143.7609 122.3723
143.7670 122.4353
143.7332 122.3178
143.7363 122.3551
143.6996 122.3915
143.5967 122.3342
143.7962 122.2515
143.7697 122.4614
143.7185 122.3577
143.7295 122.3941
143.7373 122.4604
143.7572 122.4015
143.6582 122.2629
143.6990 122.4598
143.6803 122.4386
143.6392 122.3329
143.6198 122.3723
143.6919 122.4933
143.7036 122.3867
143.6349 122.3529
143.6712 122.3380
143.6656 122.4442
143.6611 122.3456
143.6519 122.2991
143.6347 122.4892
143.7124 122.3397
143.7437 122.4109
143.7710 122.4474
143.7247 122.4321
143.5798 122.4320
143.8434 122.4009
143.7268 122.4092
143.7064 122.3948
143.6819 122.3908
143.8179 122.5858
143.6648 122.4336
143.6954 122.4327
143.6794 122.3272
143.8156 122.4638
143.7628 122.3893
143.8981 122.3668
143.6983 122.4676
143.6317 122.3701
143.7000 122.4297
143.6669 122.4364
143.7991 122.4377
143.6458 122.3371
143.6042 122.3028
143.7242 122.4205
143.7284 122.4321
143.7839 122.3571
143.7062 122.4382
143.7059 122.4759
143.7736 122.3585
143.6183 122.4345
143.6402 122.4524
143.7181 122.5651
143.7745 122.4390
143.6880 122.4399
143.7292 122.4445
143.8549 122.4817
143.9921 122.5007
143.9687 122.5185
144.1445 122.5165
144.0356 122.5535
144.0565 122.5406
144.1105 122.5872
144.0083 122.4926
144.0511 122.4972
144.0733 122.5351
143.7591 122.6998
143.6132 122.5888
143.6073 122.7522
143.7586 122.7034
143.7856 122.5593
143.7274 122.4196
143.7983 122.4430
143.7589 122.5181
143.6837 122.4578
