25.6144 197.7663
25.7183 197.3219
26.0007 197.5623
25.9727 197.6683
25.9314 197.6482
25.9595 197.4657
26.0083 197.4055
26.1865 197.3535
26.0823 197.5681
26.2978 197.6204
26.2778 197.5236
26.1001 197.4916
26.1252 197.2975
25.9837 197.5649
25.8381 197.4650
26.1963 197.4962
26.2304 197.6617
25.9035 197.4112
26.1039 197.6272
26.1785 197.4108
26.2717 197.3970
25.9305 197.4339
25.9683 197.3978
25.9588 197.5455
26.0847 197.5422
26.0646 197.5904
26.0331 197.2831
26.1239 197.5454
26.0468 197.6753
26.2102 197.4598
26.0827 197.4255
26.1052 197.4787
25.8990 197.5959
26.1604 197.2837
26.1543 197.4569
25.9533 197.5015
25.9788 197.4821
26.0496 197.5437
26.0679 197.5217
25.9077 197.6573
25.9968 197.3967
26.3344 197.4434
26.1123 197.5247
25.9279 197.4418
26.1701 197.4293
25.8430 197.5814
26.1534 197.5105
26.2224 197.5222
26.0533 197.4696
26.3038 197.3041
26.2116 197.4328
25.8691 197.3588
26.1508 197.4366
25.9958 197.3842
25.8618 197.8039
25.6145 197.6647
25.8518 197.7592
25.7728 197.6300
25.5099 197.5513
25.6666 197.6769
25.8185 197.6033
25.8187 197.6478
25.7825 197.6738
25.5662 197.5009
25.7024 197.6481
25.9444 197.5933
25.6524 197.5600
25.6768 197.7138
25.6680 197.7372
25.7822 197.7859
25.5862 197.8212
25.5990 197.7122
25.7077 197.6330
25.4850 197.7088
25.5143 197.5993
25.4982 197.5363
25.7324 197.5550
25.6588 197.6779
25.8179 197.5622
25.8428 197.4774
25.8512 197.6920
25.6265 197.8202
25.7433 197.6543
26.0081 197.4861
26.3812 197.7087
26.0874 197.5862
25.9878 197.6371
26.0193 197.5318
26.3249 197.3975
25.8763 197.4157
26.0148 197.4385
26.1828 197.3794
26.0699 197.4928
25.9934 197.3961
25.9371 197.4129
26.1434 197.3893
25.9407 197.3360
25.8987 197.5872
26.2324 197.5643
26.0063 197.3739
26.0373 197.4829
26.0007 197.4045
26.0668 197.4644
26.0728 197.4561
26.1544 197.3962
25.8985 197.4409
25.8876 197.4958
25.6114 197.5703
26.2701 197.2995
26.0850 197.9290
26.4175 197.4216
25.9676 197.2122
25.9239 197.5564
26.0494 197.8254
25.9016 197.2710
25.9775 197.6363
26.1348 197.4008
26.0389 197.7236
26.0737 197.7964
26.1151 197.2573
25.7265 197.4373
26.0851 197.6416
25.8038 197.3335
25.9106 197.1410
26.3137 197.5939
26.2027 197.5511
25.9021 197.3138
25.9489 197.6494
26.1521 198.0106
26.1243 197.7591
25.5400 197.3105
26.0631 197.3193
26.1987 197.3898
26.1518 197.6405
25.6732 197.4538
25.7522 197.6283
25.8620 197.6778
25.7580 197.4822
25.7222 197.5595
25.7043 197.5301
25.7803 197.6076
25.7209 197.5802
25.7569 197.6304
25.7754 197.5973
25.7677 197.5009
25.7349 197.5704
25.7693 197.6670
25.6381 197.5455
25.6885 197.6003
25.6968 197.5803
25.7383 197.5983
25.7957 197.6211
25.8177 197.5990
25.8046 197.5805
25.7778 197.5923
25.7890 197.6378
25.7717 197.7431
25.8944 197.4890
25.7995 197.6709
25.8365 197.2267
25.9444 197.2921
25.8362 197.2916
25.7171 197.2137
25.9422 197.4303
25.9848 197.3257
25.8760 197.2484
25.8932 197.2359
25.9373 197.3634
26.0212 197.3110
25.8751 197.1971
25.8750 197.3033
25.8124 197.2201
25.7498 197.3612
25.7924 197.4755
25.8217 197.3940
25.8837 197.2846
25.9180 197.2301
25.7138 197.1871
25.9039 197.2713
25.8645 197.2832
25.7590 197.2064
25.7411 197.2693
25.9135 197.3662
25.7840 197.2842
25.9737 197.1782
25.7147 197.1499
25.7746 197.3700
26.0181 197.2662
25.9431 197.1608
25.8775 197.2913
25.9396 197.2584
25.8549 197.2405
25.8682 197.2798
25.6722 197.2148
25.8235 197.2676
25.9420 197.5101
25.8427 197.2802
25.8421 197.1999
25.9596 197.2826
25.8492 197.1828
26.0055 197.3644
25.8790 197.2132
25.8262 197.0946
25.8896 197.3800
26.1574 197.3016
25.9294 197.3084
25.8542 197.3037
25.9143 197.2734
25.7961 197.2113
25.7534 197.2706
25.8960 197.3475
25.7969 197.2687
25.7669 197.2393
25.9319 197.2030
25.8958 197.2601
25.8003 197.3449
25.7704 197.4649
25.9452 197.4175
25.8521 197.3380
25.9047 197.1872
26.0419 197.2118
25.7559 197.4295
25.9986 197.3328
25.9034 197.2451
25.9865 197.2519
26.0200 197.3135
25.9479 197.2743
26.0075 197.3208
25.9526 197.3024
25.8512 197.2526
25.6402 197.6100
25.7177 197.7259
25.8870 197.7132
25.7212 197.6595
25.8405 197.6651
25.7254 197.6381
25.8743 197.6262
25.6693 197.6951
25.8695 197.6008
25.6052 197.5357
25.6969 197.6444
25.5220 197.6262
25.7969 197.5482
25.8197 197.5873
25.7772 197.6701
25.9660 197.5906
26.1049 197.5184
26.1563 197.5144
26.1168 197.4789
26.0728 197.5536
26.1023 197.4827
26.1171 197.5896
26.0506 197.5156
26.0257 197.4864
26.0770 197.5506
26.0492 197.5101
26.0346 197.4556
26.0213 197.4673
26.0973 197.4950
26.1540 197.5591
26.0664 197.5168
26.1581 197.5553
26.0387 197.4809
26.1882 197.6091
25.9980 197.5680
26.1917 197.5362
26.1605 197.4187
25.9592 197.5249
25.9859 197.5686
26.1159 197.6321
26.1253 197.4356
26.2462 197.5295
26.1377 197.4741
26.1589 197.4786
26.0648 197.4221
26.2033 197.4347
26.2594 197.6087
25.9734 197.6219
25.9992 197.5155
26.0758 197.5328
25.9556 197.5813
25.9241 197.6404
25.9702 197.5957
26.0799 197.5901
26.3017 197.5928
26.1998 197.4175
26.2696 197.5877
26.1574 197.5674
25.9820 197.6123
26.1409 197.4854
26.0760 197.4921
26.2107 197.4605
26.2550 197.5684
26.1184 197.5712
26.3562 197.5454
26.2003 197.5007
26.1871 197.4503
26.2908 197.6920
26.0888 197.6113
26.2187 197.5170
26.0687 197.4877
26.2130 197.6001
26.1918 197.5679
26.0933 197.6682
26.1349 197.5298
25.9712 197.5688
25.8589 197.7015
25.6478 197.6595
26.0781 197.3865
26.1317 197.4369
26.2276 197.3023
26.2690 197.6644
25.9618 197.2632
26.1811 197.3314
26.0947 197.2301
26.2850 197.7544
