33.1940 82.9128
33.1869 82.7458
33.2631 82.8086
33.0766 82.9609
32.9455 82.8316
33.0512 82.9529
33.2287 82.9329
33.0630 82.8932
33.2928 82.8108
33.1693 82.7690
32.9476 83.0677
33.1863 82.7646
33.1262 82.7376
33.1276 82.8680
33.1585 82.8787
32.9412 82.9361
33.1310 82.9917
33.1483 82.8634
33.0102 82.9026
33.0479 83.1304
33.2780 82.7958
33.0871 82.9428
33.2428 82.8463
33.2333 82.8914
33.3161 82.8067
33.1201 82.9408
33.3703 82.9926
33.1830 82.9576
33.1607 82.8182
33.0111 82.8935
33.0588 82.8861
33.0278 82.8696
33.0025 82.8275
32.9983 82.9091
33.1259 82.9266
33.0236 82.8584
32.9711 83.0156
32.9819 82.9187
33.2661 83.0886
33.0110 82.9524
33.0222 82.8379
33.0706 82.8653
33.2220 82.9448
33.0609 82.7979
33.2398 82.8989
33.2653 82.8546
33.1119 82.8912
33.0827 82.9004
33.2226 82.8480
33.1297 82.8505
33.2189 83.0437
32.8476 82.8723
32.9812 83.0965
33.2700 83.1232
32.9051 82.8109
33.0173 82.8083
32.9531 82.8655
33.1593 82.9571
33.1584 82.8224
33.2961 83.0384
33.0890 83.0069
33.2563 82.7394
32.8787 82.8946
33.0610 83.1073
32.9739 82.9355
33.0388 82.7951
33.2080 82.8703
33.0008 83.0632
33.1360 82.7659
33.1098 82.9192
33.0881 82.9445
32.9565 82.9971
33.2705 82.7680
33.1605 82.8784
32.9981 82.6922
33.1167 82.8609
33.0859 82.9173
33.1226 82.8597
33.1204 82.8695
33.1440 82.9785
33.0493 82.9936
33.3119 82.9371
33.0132 82.9328
33.1882 82.8690
33.1868 82.8548
32.9691 82.9486
32.9965 83.0254
33.0871 82.9064
33.0983 82.9666
33.1195 82.9878
33.0918 83.0056
33.2662 82.8765
33.1749 82.8774
33.0904 82.9443
33.0498 82.9271
33.0870 82.9406
33.1279 82.9306
33.0510 82.9814
33.1538 82.8868
33.1368 82.9099
33.0953 82.9920
33.1341 82.9086
33.0989 82.9615
33.0802 82.9451
33.0733 82.9372
33.3687 83.3965
33.3682 83.4101
33.2002 83.3417
33.3497 83.4094
32.7392 83.1948
32.7061 82.8953
32.7085 82.9356
32.7678 82.9818
32.8268 83.0827
32.8114 83.0346
32.8702 82.9381
32.7829 82.9182
32.9292 82.7825
32.8167 82.9639
32.8785 82.8719
32.8211 83.0215
32.7839 82.9727
32.7172 83.0430
32.8654 83.0732
32.7753 83.1289
32.8277 82.9087
32.7030 82.7190
32.9956 82.9072
32.7469 83.0694
32.8994 82.7439
32.8201 83.0516
32.7548 83.2496
33.1475 82.9458
33.0344 82.9375
32.9603 82.9822
33.2167 82.9365
32.6460 82.9821
32.7487 82.7008
33.1511 82.8717
33.1221 82.8437
33.0874 83.2898
33.1405 82.9574
32.8333 82.9371
32.7559 82.8050
32.7986 83.0887
32.8273 82.8532
32.8431 83.0373
32.8289 82.9150
32.8273 82.9319
32.7823 83.0132
32.7490 82.9410
33.1365 82.9705
33.1540 82.9089
33.2319 82.8671
33.1192 82.8761
33.1225 82.7602
33.0222 82.6801
33.1580 82.8175
33.2115 82.9825
33.0947 82.8466
33.1831 82.8598
33.0314 82.8872
33.2533 82.8960
33.2322 82.9825
33.1866 82.9284
32.9783 82.8785
33.0427 82.8828
33.2739 83.0005
33.1260 82.8600
33.0302 82.7813
33.0779 82.7513
33.0833 82.8431
33.1346 82.8478
33.2937 82.8471
33.1404 83.0981
33.2201 82.7795
33.1146 83.0172
33.0396 82.8615
33.1038 82.9102
32.7584 82.8222
32.7632 82.9617
33.3354 82.9975
33.1075 82.8369
33.1108 82.7688
33.0824 83.0761
33.1344 83.2738
33.0579 83.1198
33.1072 83.2736
33.0429 83.2670
33.1292 83.3568
32.8433 83.2333
32.9942 83.1308
33.0714 83.1141
33.0097 83.1900
33.1471 83.1745
32.8281 83.3160
33.0991 83.1583
33.0755 83.1634
33.1381 83.2929
33.1657 83.2668
33.0120 83.1601
33.1655 83.0623
33.0369 83.1959
32.9787 83.2140
33.0640 83.2463
32.9656 83.1273
32.8909 83.1417
33.0625 83.0813
33.0612 83.2632
33.0203 83.2360
33.0018 83.1937
32.8961 83.2716
33.0493 83.0845
33.2803 83.2071
32.9377 83.3245
33.0263 83.1248
33.0341 83.1877
33.0520 83.2126
33.0685 83.2209
33.0483 83.2068
32.8326 82.9227
33.0989 82.7918
33.1874 82.8586
32.8907 82.7288
33.4424 82.7694
33.1358 83.0183
33.2265 83.1140
32.9888 83.0505
32.9463 83.0325
32.7844 82.9163
32.9256 82.8576
32.8252 82.9343
33.0060 82.9140
33.0938 82.8150
33.2283 82.8292
33.1263 82.8118
33.1552 82.8893
32.8595 83.0647
32.7948 82.9407
32.9017 82.8713
32.8132 82.9361
32.8124 82.9570
32.7549 82.9521
32.7538 82.9766
32.6481 83.1659
32.9938 83.1979
32.9442 83.2451
32.9953 83.3389
33.0868 83.1679
33.3882 83.1385
33.0510 83.0443
33.0822 83.0996
32.9987 83.1551
33.2475 83.1286
33.1193 83.1872
33.0145 83.1522
33.0834 83.1102
33.0525 83.2020
32.9879 82.9771
33.1619 83.0642
33.1205 83.1905
33.2141 83.3043
33.0914 83.1457
32.9590 83.1570
33.1804 83.0982
33.2164 83.2450
33.2027 83.0666
33.0950 83.1395
33.0856 83.1654
33.0754 83.2310
33.2642 82.9978
