156.0101 138.1214
155.7338 138.3747
155.7093 138.5192
155.7361 138.4418
155.7735 138.4811
155.7461 138.5025
155.7422 138.5427
155.7522 138.4127
155.7882 138.5211
155.7579 138.4362
155.7560 138.4532
156.0479 138.3414
156.1929 138.1397
156.2127 138.1500
156.3432 138.1428
156.2319 138.1045
156.2919 138.4177
155.7426 138.4114
155.7562 138.5175
155.9140 138.3811
155.5965 138.2361
155.5481 138.5760
155.9964 138.3739
155.7224 138.4588
156.0215 138.4713
155.7153 138.3645
155.7789 138.2783
155.8882 138.5761
155.9345 138.5147
155.7743 138.4873
155.8386 138.3689
155.8009 138.4679
155.8115 138.4189
155.8279 138.4326
155.8470 138.4530
155.9999 138.3575
156.0751 138.1427
156.0833 138.3943
155.8255 138.4474
155.7400 138.3754
155.6922 138.3878
155.8132 138.4233
155.8567 138.4283
155.8282 138.4363
155.8253 138.5291
155.8078 138.4255
155.7691 138.3899
155.8226 138.4731
155.8163 138.4221
155.8187 138.4814
155.7440 138.5139
155.8890 138.4547
155.6817 138.4266
155.8466 138.4836
155.7772 138.4847
155.6735 138.5096
156.2188 138.6184
156.1893 138.5214
156.1547 138.4519
156.0778 138.5836
156.3013 138.5515
155.9800 138.4521
156.3309 138.5928
156.0132 138.5737
156.1972 138.6209
156.2483 138.5061
156.2269 138.6704
156.3035 138.4759
156.0214 138.6318
156.3418 138.4940
156.0906 138.6838
156.3018 138.6370
156.2774 138.7090
156.1750 138.5428
155.9467 138.6877
156.1035 138.5145
156.2590 138.5256
156.2585 138.7231
156.3178 138.3976
156.1624 138.5594
156.0803 138.7047
156.1324 138.4050
156.2909 138.5461
156.0030 138.8051
156.2458 138.6389
156.1407 138.5237
156.0508 138.5499
156.1618 138.5556
156.1933 138.5123
156.2240 138.7087
156.1418 138.5439
156.0046 138.5865
156.2742 138.5679
155.9275 138.6141
156.0436 138.5884
156.0520 138.6196
156.1239 138.5585
155.8824 138.6504
155.8421 138.4539
156.0940 138.6457
156.2366 138.5412
156.1364 138.4902
156.1815 138.6817
156.2072 138.6891
156.1093 138.3214
156.1369 138.5027
156.3021 138.4579
156.0586 138.4003
156.3718 138.6653
156.1729 138.7369
155.9070 138.4391
156.4280 138.5696
156.3884 138.7979
156.2324 138.5478
156.1868 138.5625
156.1479 138.5801
156.2549 138.6688
155.9793 138.6039
156.2338 138.4867
156.0020 138.7053
156.1229 138.4941
156.2206 138.5563
156.2561 138.5966
156.2396 138.3857
155.9432 138.6618
156.1927 138.7960
156.1837 138.7830
156.1355 138.6745
156.0405 138.6755
156.1517 138.6815
156.3492 138.4605
156.4208 138.3754
156.1084 138.8165
156.4061 138.5185
156.1648 138.5406
156.1140 138.5456
155.9906 138.5478
156.1483 138.4441
155.9112 138.6497
156.2335 138.4799
155.9963 138.5444
156.1162 138.6331
156.2405 138.7478
156.1903 138.6563
156.0865 138.5717
155.9930 138.7084
156.1362 138.4243
156.1516 138.6223
156.2099 138.7223
156.3036 138.4259
156.1140 138.6999
155.9229 138.5810
156.1276 138.7026
156.3177 138.6593
156.0759 138.5121
156.2161 138.6164
155.9477 138.4693
156.3065 138.4705
156.0346 138.5642
156.0124 138.6375
156.2285 138.5996
156.1955 138.6385
155.9201 138.6106
156.2555 138.3286
156.1583 138.4904
156.2597 138.4788
156.1356 138.5174
156.0968 138.4192
156.1049 138.6915
156.0862 138.5996
155.9417 138.4054
156.0878 138.5286
156.0556 138.5301
156.1376 138.6679
155.9919 138.7202
156.1634 138.4852
156.1665 138.5921
156.1226 138.4440
156.2636 138.6021
156.3797 138.5471
156.1366 138.6344
156.1125 138.5009
156.0144 138.7106
156.3848 138.6723
156.3110 138.3936
156.1806 138.4476
156.1272 138.5296
155.9124 138.7791
156.1018 138.5174
156.1048 138.5674
156.3793 138.4435
155.9625 138.5376
156.3547 138.6439
156.1557 138.6437
156.1168 138.5044
156.2036 138.7097
156.3806 138.5962
156.1096 138.5101
156.2693 138.6432
156.1320 138.5047
156.2638 138.5599
156.2600 138.7755
156.0475 138.5869
155.9896 138.6442
155.9762 138.4963
156.1149 138.3776
156.0915 138.6182
156.0905 138.4452
156.1593 138.6379
156.1362 138.6347
156.0175 138.7188
156.1606 138.5540
156.2088 138.4086
156.2305 138.6672
156.2236 138.4794
156.1528 138.3979
156.3373 138.5889
156.2616 138.5400
156.2142 138.5910
156.3816 138.4872
156.2116 138.5887
156.2485 138.6140
156.1727 138.5956
156.3349 138.5231
156.2313 138.4496
156.1598 138.6312
156.2776 138.5419
156.2911 138.5486
156.3411 138.7224
156.1599 138.4813
156.0536 138.4045
156.1383 138.6203
156.1692 138.6786
156.0967 138.5814
156.2192 138.5843
156.1125 138.5757
156.1810 138.4652
156.0961 138.5809
156.0649 138.5664
156.1477 138.5951
156.0565 138.3537
156.2863 138.6226
156.1215 138.5415
156.0451 138.6190
156.0208 138.5265
156.0618 138.7488
155.8737 138.5473
156.1876 138.5199
156.2054 138.4616
156.0946 138.6296
156.2430 138.3616
156.3504 138.7556
156.0587 138.3492
156.1666 138.4652
156.1065 138.3720
156.0847 138.6559
156.2987 138.6129
156.2345 138.6691
156.2411 138.6718
156.0764 138.3860
156.0245 138.3820
156.0684 138.4263
156.1931 138.3965
156.2156 138.4178
156.2329 138.5856
156.1600 138.5310
156.3885 138.4668
155.8739 138.6528
156.2854 138.4172
156.3472 138.4183
156.1827 138.6646
156.2151 138.6371
156.3869 138.5570
156.4223 138.3433
156.1956 138.6713
156.1420 138.5957
156.1387 138.5550
156.0672 138.6552
156.4428 138.6222
156.1351 138.5748
156.2552 138.4051
156.1998 138.5573
156.2513 138.6037
156.1183 138.6509
156.2858 138.5327
156.3894 138.7588
156.1857 138.6040
156.3455 138.4579
156.0648 138.5983
156.2613 138.4615
156.3002 138.4504
156.1657 138.3301
156.2582 138.7230
155.6882 138.7814
156.1027 138.6994
156.1542 138.6576
156.1989 138.5348
156.3143 138.6865
156.1803 138.6771
156.1587 138.4666
156.1436 138.4073
156.2283 138.6462
156.0598 138.5791
156.3894 138.4254
156.3123 138.5346
156.1339 138.5417
156.0731 138.4806
156.0002 138.6580
156.0599 138.4861
156.1936 138.6549
156.2145 138.5829
156.0894 138.4197
156.2930 138.4405
156.0724 138.5493
156.0654 138.5321
156.2633 138.4771
156.1630 138.5953
156.2095 138.5592
156.0267 138.6069
156.2625 138.4814
156.1358 138.4923
155.8790 138.6261
156.1462 138.5336
156.1600 138.5373
156.1961 138.5222
156.1604 138.5299
156.1529 138.5603
156.1718 138.5858
156.1051 138.5427
156.1594 138.5645
156.1271 138.5775
155.6927 138.4752
155.6003 138.4156
155.7432 138.5254
155.5491 138.4876
155.7237 138.5912
156.0652 138.4270
156.1340 138.6172
156.1077 138.6154
156.2229 138.7030
155.6250 138.3630
155.8732 138.6354
155.9881 138.3173
155.8734 138.4135
155.7659 138.5510
155.7702 138.6347
155.7831 138.0963
156.0745 138.1429
156.1983 138.2861
156.1093 138.2681
156.2284 138.4374
156.1985 138.2659
156.1857 138.0594
156.0620 138.2833
156.1515 138.3364
156.1884 138.2922
156.1446 138.2438
156.0061 138.2193
156.1966 138.1483
156.2619 138.3486
156.0757 138.3382
156.1115 138.2257
156.0809 138.2163
156.1624 138.2739
156.1088 138.2852
156.0378 138.3041
156.0913 138.2168
156.1353 138.2980
156.0419 138.2782
156.1348 138.2361
156.0725 138.4568
156.2036 138.3324
156.0752 138.4077
156.2132 138.4228
156.3719 138.2925
156.1412 138.3788
156.0361 138.1774
156.3041 138.2544
156.1584 138.3642
156.0407 138.3159
156.2547 138.2687
156.1874 138.1715
156.1758 138.1697
156.0879 138.4001
156.1814 138.2935
156.2955 138.2815
156.1531 138.2905
156.1074 138.2669
156.1530 138.2474
156.2655 138.3004
156.1109 138.2241
156.1426 138.3818
156.2810 138.1804
156.1536 138.2890
156.2648 138.3499
156.1096 138.4670
156.1220 138.2561
156.3672 138.2439
156.2804 138.2717
156.2720 138.3401
156.0811 138.2991
156.1976 138.2247
156.1668 138.2549
156.0772 138.1911
156.2623 138.2504
156.1666 138.2207
156.0553 138.2346
156.1482 138.2590
156.0921 138.3151
156.1911 138.2659
155.8886 138.2518
156.1294 138.2799
156.0206 138.0691
155.6595 138.2606
155.8786 138.3201
156.1609 138.2540
156.2255 138.2156
156.2051 138.2900
156.1732 138.4132
155.7103 138.1193
156.1404 138.0226
155.9659 138.2350
156.0752 138.4427
156.0817 138.5494
156.1705 138.4926
156.3030 138.4872
156.1873 138.5568
156.2290 138.5173
156.2628 138.5938
156.1441 138.4814
156.1910 138.5676
156.1672 138.5572
156.1495 138.4593
155.9786 138.2821
155.9523 138.4427
155.9981 138.3173
155.8178 138.3804
155.9140 138.4857
155.8997 138.4006
156.2776 138.6811
156.2477 138.6841
156.0520 138.6699
156.1080 138.7938
156.2552 138.6389
156.1669 138.5900
156.0433 138.5610
156.3980 138.6440
156.3197 138.4995
156.1132 138.7512
156.1378 138.7085
156.3767 138.5338
156.2027 138.6763
156.3320 138.7190
156.0697 138.7870
156.1842 138.7678
