96.8522 162.3610
97.0996 162.5105
96.9712 162.4630
96.8959 162.4594
96.9392 162.5307
96.8656 162.5051
96.8609 162.5325
96.9088 162.6890
96.9745 162.2737
96.5246 162.4051
96.9914 162.2052
96.8007 162.1981
96.8581 162.2404
96.9538 161.9202
96.8764 162.1002
96.8334 162.1416
96.8847 162.3089
96.9184 162.1302
96.7112 162.2662
96.9969 162.2454
97.0005 162.1352
96.8663 162.2143
97.0166 162.1579
96.7974 162.0968
96.8896 162.0620
96.8775 162.1783
96.9643 162.1505
96.9467 162.1224
96.8496 162.1353
97.0118 162.0660
97.0400 162.0200
97.0707 162.1710
96.6721 161.9543
96.9769 162.0973
96.8973 161.8966
96.9642 162.1475
96.8626 161.9524
96.9107 162.1066
97.0790 162.1139
96.6213 162.0734
96.9527 162.1656
96.8471 162.0550
96.7943 162.0863
96.7769 162.1292
96.9371 162.2807
96.8028 162.1931
96.8746 162.1551
96.9148 162.0182
96.8020 162.2420
96.8903 162.2948
96.8225 161.9600
96.8463 162.2493
96.7090 162.1926
96.6591 162.3281
97.0864 162.1342
96.9049 162.2079
96.9908 162.0257
96.7357 162.1192
96.7020 162.2177
96.8833 162.0965
97.0884 162.1436
97.0676 162.2223
97.0305 162.0577
97.0645 162.1743
96.8287 162.1907
96.8470 161.8623
97.0388 162.1758
96.8207 162.0534
97.0426 162.0161
96.7550 162.3810
96.9517 162.2100
96.7273 161.9716
96.9587 162.0667
96.8096 162.1967
96.8943 162.0878
96.8656 162.1763
97.1019 162.0712
96.8919 162.1326
96.8866 162.0959
97.0522 162.0882
96.8218 162.2450
96.9581 162.2009
96.8514 162.0529
96.8037 162.1804
97.0668 162.1501
96.8117 162.0513
96.8958 162.1587
96.8728 162.0435
96.9865 162.3420
96.9240 162.3847
97.0151 162.5453
96.9334 162.5046
96.9739 162.4976
96.9425 162.4786
97.1082 162.4922
96.7268 162.2397
96.4907 162.3060
96.6272 162.3166
96.4344 162.3502
96.6776 162.3210
96.5964 162.1268
96.7402 162.1995
96.4383 162.2862
96.4516 162.2581
96.3719 162.2793
96.9167 162.2453
96.9281 162.0386
96.8767 162.2189
97.0044 162.2584
97.1289 162.2946
96.9702 162.1931
96.8632 162.1428
96.9379 161.9648
96.9957 162.2312
96.4608 162.0779
96.8451 161.8847
96.9547 162.2702
96.8309 162.2729
96.9683 162.0897
96.8845 161.8508
96.8947 162.0513
97.0572 161.9596
96.9362 162.1943
97.0094 162.2511
96.8348 162.2084
96.9353 162.0163
96.9111 162.1291
96.9587 162.2257
97.0120 162.1453
96.8251 162.2568
96.8298 162.0969
96.6426 162.3625
97.0012 162.0637
96.9934 162.2755
96.6761 162.0938
96.8700 162.0301
96.7599 161.9823
97.0455 162.1549
97.0198 162.2625
97.0006 161.8878
96.7663 162.2472
97.0836 161.9455
96.8740 162.0817
96.9153 162.0831
96.8783 162.3998
96.7936 162.0301
97.0307 162.1790
96.8005 162.1712
96.9277 162.2160
96.8223 162.1993
96.8985 162.0319
96.9539 162.2620
96.7960 162.0184
96.7717 162.0119
96.4182 162.0745
96.4286 162.1558
96.4703 162.1672
96.5816 162.1773
96.3749 162.2084
96.6906 162.1962
96.3913 162.1238
96.3741 162.1134
96.9991 162.0881
97.0342 162.2384
96.4582 162.2723
96.4584 162.2831
96.4782 162.3325
96.3963 162.2612
96.3567 162.2481
96.4482 162.4007
96.6283 162.2381
96.5064 162.4033
96.4412 162.3501
96.4377 162.2836
96.5397 162.2370
96.5616 162.2711
96.4339 162.1978
96.5456 162.1988
96.4463 162.2649
96.4394 162.3596
96.5123 162.2185
96.6710 162.2573
96.5577 162.3274
96.4828 162.3353
96.4259 162.2708
96.5057 162.3637
96.9307 162.5732
97.0189 162.4852
97.0356 162.4932
96.8079 162.4649
96.9823 162.5248
96.9724 162.3689
97.0773 162.4308
97.0925 162.4873
97.0602 162.5939
97.0752 162.4076
97.0289 162.5248
96.8520 162.6346
97.0899 162.6197
97.0094 162.4391
97.1037 162.5734
96.9856 162.4486
97.1267 162.5631
97.0392 162.4407
97.0649 162.4570
97.0296 162.5636
96.9514 162.5271
97.0631 162.4130
96.8169 162.3353
96.9354 162.1468
96.9193 162.2011
96.9019 162.2375
96.9217 161.9606
96.4881 162.0502
96.6694 162.0747
96.4486 162.0296
96.4118 162.1864
96.3568 162.1701
96.3580 162.1666
96.5155 162.0841
96.3785 162.0891
96.6199 162.1100
96.4099 162.1521
96.5261 161.9268
96.3984 162.0559
96.5658 162.0729
96.3684 162.1798
96.4294 162.2270
96.5615 162.1982
96.3695 162.1812
96.4426 162.1634
96.4334 162.1750
96.4368 162.1554
96.4438 162.0885
96.3449 162.1465
96.3679 162.0756
96.4297 161.9948
96.3986 162.2733
96.5010 162.1175
96.8828 162.1540
96.9330 162.1472
96.9880 162.1622
97.0145 162.1232
97.0053 162.1892
97.0006 162.1424
96.9783 162.1712
97.0139 162.1725
97.0077 162.1270
96.9605 162.1692
96.9483 162.2110
96.9584 162.1168
96.9795 162.1632
97.0086 162.1688
96.9448 162.2161
96.9198 162.1324
97.0534 162.1638
96.8087 162.2207
97.0139 162.0675
97.1742 162.2264
96.9258 162.0789
96.9250 162.1550
97.0207 162.2518
96.9741 162.2003
96.9666 162.2379
96.8121 162.1687
97.0058 162.1426
97.0640 162.1608
97.1045 162.1462
97.0149 162.2824
97.0426 162.0598
96.8703 162.1989
96.9854 162.2159
96.9226 162.1293
96.9250 162.1146
96.9169 162.0979
96.8182 162.3397
97.0332 162.1192
96.9832 162.2133
97.0098 162.1622
96.9870 162.2396
96.8202 162.0185
97.1260 162.0674
97.0577 161.9665
96.8432 162.0214
96.7351 162.2051
96.8225 162.1217
97.0166 162.2076
96.9257 162.2071
96.9586 162.1268
97.0296 162.1520
96.9259 162.0398
96.9705 162.2913
96.9747 162.0746
96.9241 162.0202
97.0749 162.1543
96.9081 162.1236
97.0418 162.1544
96.8849 162.1151
96.9214 162.2313
96.8488 162.0373
96.9145 162.2809
97.0387 162.1517
96.8969 162.1312
97.0496 162.1101
96.8643 162.2159
96.7537 162.0652
97.1483 162.0244
96.8570 162.1425
96.8383 162.1845
96.7777 162.1637
96.6320 162.2668
96.7630 162.3874
96.6158 162.3939
96.7434 162.3293
96.8049 162.4117
96.6689 162.2730
96.6971 162.2332
96.5251 162.4550
96.8753 162.3943
96.9094 162.4225
96.8041 162.2767
96.7607 162.4077
96.5243 162.3538
96.6525 162.5454
96.9251 162.3725
96.7210 162.1965
96.4609 162.3359
96.6544 162.3782
96.6460 162.3677
96.5862 162.3375
96.7475 162.3215
96.7541 162.2852
96.5473 162.5587
96.7663 162.4176
96.8424 162.4449
96.6964 162.3344
96.6954 162.2940
96.6955 162.0411
96.6479 162.3871
96.4958 162.4432
96.6360 162.3076
96.3818 162.3932
97.0755 162.5394
96.9923 162.5388
96.9854 162.5228
97.0053 162.4638
97.0202 162.6601
96.8757 162.3855
96.5854 162.3634
96.7092 162.3941
96.6376 162.1702
96.5574 162.3130
96.4957 162.2886
96.4383 162.2647
96.4316 162.3064
96.5315 162.2190
96.4924 162.4624
96.5853 162.4245
96.4077 162.3494
96.5887 162.2004
96.5922 162.3945
96.4630 162.3209
96.4937 162.3495
96.4814 162.2514
96.9834 162.0561
97.1326 162.1770
97.0173 162.0442
97.0212 162.0656
96.8961 162.1337
97.0208 162.2146
96.9420 162.0837
96.9547 162.3465
97.1127 162.1391
96.9176 162.1261
97.0540 162.2091
97.0925 162.2917
97.0757 162.1730
96.9067 162.0826
97.0094 162.3099
97.0356 162.1605
97.0613 162.2968
97.0343 162.1563
97.1303 162.2328
96.9975 162.0633
97.0620 162.1073
97.0210 162.2603
97.0582 162.1013
97.1501 162.0634
97.0227 161.9837
96.9676 162.0633
96.9928 162.1593
97.1021 162.1058
96.9160 162.0785
96.9442 162.1316
97.1093 162.0312
96.7474 162.2044
96.8047 162.4075
96.8789 162.2523
96.7053 162.3314
96.8819 162.4068
96.8647 162.4158
96.7487 162.3753
96.7963 162.3853
96.7939 162.2715
96.7654 162.3023
96.6659 162.2236
96.8086 162.1799
96.7660 162.2780
96.7546 162.3990
96.4792 162.3932
96.6059 162.2300
96.6847 162.3479
96.8385 162.3704
96.7309 162.2649
96.5740 162.2833
96.8620 162.3825
96.7602 162.4610
96.6504 162.3072
96.7895 162.3425
96.7095 162.1202
96.8241 162.3434
96.7536 162.4992
96.6134 162.3849
96.6077 162.3269
96.5651 162.2491
96.3561 162.2835
96.5292 162.3836
96.6314 162.4012
96.6658 162.3789
96.4598 162.2540
96.4131 162.4117
96.6300 162.4004
96.4684 162.3429
96.5288 162.2928
96.4632 162.2951
96.5161 162.3293
96.6294 162.3636
96.7256 162.4018
96.4447 162.2712
96.6356 162.2909
96.4833 162.2640
96.5359 162.3120
96.5436 162.1739
96.4618 162.2147
96.4980 162.2567
96.4737 162.2880
96.5275 162.3496
96.5722 162.2049
96.5586 162.3932
96.4624 162.3440
96.5200 162.3569
96.5225 162.3423
96.5025 162.4123
96.4135 162.3398
96.4928 162.3068
96.5135 162.3449
96.5125 162.3601
96.7605 162.2912
96.5080 162.3008
96.4794 162.2370
96.5733 162.3201
96.4417 162.4793
96.5495 162.2396
96.5134 162.3367
96.7254 162.2333
96.7418 162.4350
96.3829 162.5011
96.4044 162.5150
96.7388 161.9862
97.0264 162.7205
97.0337 162.6077
97.0358 162.5243
97.0706 162.4480
96.9294 162.5839
97.0850 162.5673
97.0641 162.3904
97.0755 162.5183
97.0225 162.6735
97.1048 162.6525
97.0746 162.4728
97.0513 162.6095
97.0693 162.4227
96.9961 162.5762
97.1854 162.4532
97.0568 162.4106
96.8712 162.4632
97.0538 162.4253
97.0224 162.5723
96.8358 162.3100
96.7557 162.3915
97.0354 162.5286
97.1073 162.5966
97.1577 162.4987
97.0797 162.5446
97.0900 162.6821
96.6370 162.2829
