8.3879 170.7068
8.3424 170.5726
8.5372 170.4051
8.2506 170.8421
8.3366 170.3708
8.2445 170.6941
8.3169 170.6809
8.3007 170.5237
8.6835 170.4972
8.2774 170.4592
8.1778 170.3945
8.2479 170.3850
8.1779 170.3667
8.2865 170.1998
8.3438 170.2154
8.1861 170.3784
8.3289 170.3360
8.4295 170.6528
8.3650 170.3174
8.0878 170.4122
8.0122 170.3210
8.0159 170.2447
8.2755 170.2888
8.3724 170.2942
8.2955 170.4443
8.1525 170.4754
8.1908 170.4118
8.1146 170.3403
8.1324 170.5916
7.9839 170.3616
8.1361 170.3950
8.2348 170.4331
8.2044 170.5700
8.1729 170.3236
8.3158 170.5660
8.3172 170.4406
8.1079 170.5806
8.2670 170.6374
8.2146 170.3493
8.1066 170.4869
8.1193 170.3916
8.2998 170.3506
7.9169 170.5408
8.3719 170.4603
8.2805 170.7188
8.2156 170.3222
8.0658 170.4279
8.2872 170.7901
8.2500 170.6653
8.4528 170.1848
8.4005 170.4269
8.3126 170.4747
8.1571 170.3941
8.2211 170.3246
8.2159 170.5926
8.0051 170.3271
8.3623 170.5555
8.3068 170.2190
8.2154 170.4326
8.0762 170.3347
8.2930 170.5196
8.1178 170.6096
8.0229 170.3532
8.3116 170.6080
8.2778 170.4025
8.2004 170.4297
8.4153 170.5316
8.2839 170.5113
8.1396 170.2908
8.3657 170.4115
8.2791 170.6835
8.3307 170.5386
8.2309 170.1716
8.0298 170.4056
8.3179 170.4742
8.3640 170.1970
8.1863 170.4705
7.8883 170.8452
8.0906 170.6695
7.9417 170.5156
7.8161 170.4496
8.1846 170.5584
8.4652 170.7952
8.1461 170.5861
8.3444 170.5079
8.4214 170.5931
8.3250 170.5431
8.3703 170.3371
8.0235 170.4645
7.9703 170.5140
8.1872 170.5346
7.8819 170.5854
8.3667 170.4681
7.9567 170.7013
7.9960 170.4651
8.0906 170.5559
8.1298 170.6653
8.0823 170.7001
7.8734 170.4359
7.9717 170.5580
8.2744 170.5768
8.0851 170.6696
8.0914 170.8260
8.1808 170.6562
8.0649 170.6518
8.0426 170.7248
7.9632 170.4845
8.0178 170.6025
7.9429 170.6212
8.1678 170.7877
7.9928 170.4667
8.1568 170.6318
8.1957 170.5979
8.0819 170.5449
8.1372 170.5817
8.0009 170.7391
8.1905 170.5543
8.2076 170.7086
8.0842 170.5213
7.9497 170.6777
8.0033 170.8490
8.1218 170.6504
8.0398 170.5600
7.8520 170.8343
8.2460 170.7652
7.9850 170.6827
8.0347 170.5686
8.2165 170.6110
8.0579 170.4974
8.1472 170.8372
8.1209 170.7891
8.1287 170.6686
8.3474 170.4892
8.0867 170.6427
8.1912 170.6967
8.0292 170.6148
7.9331 170.5364
8.1025 170.5746
8.1055 170.6655
8.0475 170.7601
8.1129 170.6697
8.0264 170.5591
8.1300 170.5522
8.2250 170.8298
8.1896 170.6800
8.2504 170.5801
8.1066 170.6684
8.1059 170.5846
8.0489 170.4944
8.1608 170.6084
8.0919 170.5758
8.1648 170.5921
7.9864 170.6942
8.0596 170.6363
8.0454 170.5438
7.8637 170.7733
8.0596 170.6729
8.1317 170.6939
8.1491 170.4469
8.1403 170.5375
8.3296 170.4261
8.3550 170.4161
8.3902 170.1462
8.0810 170.1579
8.2604 170.0943
8.0750 170.2667
8.3265 170.4146
8.0871 170.4164
8.2940 170.3058
8.4015 170.4931
8.3083 170.4353
8.3533 170.4200
8.3950 170.4967
8.2799 170.3398
8.4416 170.4029
8.1656 170.3433
8.2889 170.4351
8.3537 170.5689
8.1361 170.4034
8.2837 170.3577
8.3332 170.5737
8.3771 170.5014
8.2440 170.4709
8.4845 170.3026
8.2171 170.3526
8.3154 170.5367
8.3367 170.2791
8.1519 170.2669
8.3365 170.2476
8.2615 170.3705
8.2360 170.4826
8.0628 170.7413
8.2236 170.2942
8.3842 170.2826
8.3763 170.3981
8.1159 170.4940
8.2965 170.5297
8.3286 170.2182
8.2175 170.3267
8.2511 170.4473
8.2866 170.4294
8.2349 170.3812
8.2815 170.3123
8.2104 170.5626
8.2210 170.3790
8.4183 170.4375
8.2717 170.3893
8.1135 170.4904
8.4102 170.9041
8.3705 170.6208
8.4211 170.6729
8.5047 170.6306
8.4705 170.6600
8.4764 170.6982
8.4396 170.7072
8.4304 170.6660
8.4952 170.5945
8.2602 170.7226
8.5124 170.7809
8.2915 170.6590
8.3310 170.7363
8.0010 170.6798
8.1717 170.6642
8.0228 170.6352
8.0766 170.6251
8.3411 170.7293
8.1371 170.6582
8.0648 170.5385
7.9857 170.5571
8.3689 170.6082
7.9210 170.6759
8.0477 170.5230
8.0418 170.4346
8.0910 170.6205
8.0757 170.7455
8.2414 170.7688
8.0997 170.6692
8.0339 170.6505
8.1354 170.7150
8.0684 170.7113
8.1597 170.5884
8.2823 170.6344
8.1800 170.6113
8.1792 170.7259
8.0453 170.5571
8.0805 170.6482
7.9556 170.6371
8.3798 170.6999
8.1494 170.6545
8.1438 170.6139
8.1096 170.5921
8.1153 170.6248
8.1034 170.6233
8.0520 170.5602
8.0955 170.6268
8.6225 170.8154
8.5409 170.8962
8.3864 170.8786
8.4548 170.6988
8.4910 170.6126
8.6875 170.6626
8.5311 170.6650
8.4569 170.9445
8.5605 170.5403
8.6486 170.7860
8.6814 170.7231
8.3873 170.7405
8.5540 170.6867
8.3840 170.6465
8.4350 170.7575
8.3842 170.6650
8.5579 170.7419
8.5093 170.7785
8.5795 170.6054
8.4607 170.4251
8.4761 170.5878
8.6581 170.7594
8.3343 170.8156
8.5707 170.7800
8.6157 170.7771
8.5957 170.8352
8.4655 170.6591
8.4927 170.8906
8.2399 170.7862
8.6271 170.6381
8.5477 170.7003
8.4606 170.7157
8.6698 170.6139
8.6906 170.6349
8.5506 170.6458
8.5362 170.7103
8.4311 170.6305
8.4727 170.8939
8.3379 170.7351
8.5285 170.6972
8.2986 170.7178
8.5232 170.8148
8.6106 170.6703
8.6080 170.8137
8.4945 170.6783
8.6997 170.6751
8.4073 170.6846
8.6040 170.7928
8.4011 170.6589
8.3447 170.6441
8.5017 170.7664
8.3482 170.8065
8.4534 170.6252
8.6355 170.7267
8.5177 170.8662
8.4930 170.5970
8.5564 170.7130
8.5827 170.5454
8.5001 170.6030
8.3786 170.6569
8.4822 170.6426
8.5144 170.7229
8.4396 170.6645
8.4116 170.6844
8.5051 170.6955
8.5739 170.6489
8.3683 170.5714
8.5276 170.6248
8.5385 170.6212
8.4079 170.8071
8.5233 170.6799
8.5405 170.6841
8.4428 170.6685
8.4410 170.8120
8.3335 170.7711
8.5842 170.5032
8.5155 170.6646
8.5648 170.7126
8.5404 170.8280
8.6193 170.6062
8.4309 170.7301
8.4089 170.5741
8.5724 170.7314
8.6252 170.6316
8.4114 170.7054
8.3629 170.8419
8.6095 170.7281
8.5757 170.6422
8.5229 170.6431
8.4474 170.7230
8.6826 170.6759
8.1334 170.7406
8.2436 170.6268
8.1479 170.6665
8.2806 170.5058
8.2292 170.5271
8.1769 170.5399
8.3230 170.5289
8.4110 170.3781
8.3545 170.4516
8.6473 170.3995
8.1262 170.6781
8.2019 170.7149
8.0788 170.6357
8.2393 170.6563
8.1554 170.6279
8.1487 170.4846
8.0119 170.6096
8.1574 170.9202
8.0628 170.6982
8.1112 170.4285
8.0716 170.6670
