93.6268 52.1029
93.3315 52.2983
93.8415 52.2687
93.4926 52.0653
93.6867 52.2301
93.5319 52.0557
93.6166 52.0706
93.3453 52.1975
93.4107 52.2430
93.4110 52.1913
93.4822 52.2068
93.3368 52.1425
93.3895 52.2067
93.5076 52.4335
93.3594 52.3527
93.2962 52.3966
93.3358 52.3726
93.5406 52.2968
93.3894 52.1876
93.4197 52.3451
93.3444 52.2563
93.5665 52.2705
93.4336 52.2074
93.3995 52.3307
93.5656 52.4472
93.4658 52.5052
93.3966 52.1786
93.3539 52.3328
93.3817 52.1988
93.2130 52.3220
93.6168 52.2505
93.3534 52.1864
93.4860 52.3193
93.6630 52.4463
93.4752 52.3194
93.2611 52.5445
93.4110 52.3070
93.5447 52.2645
93.4568 52.3925
93.3685 52.1647
93.4488 52.3328
93.4301 52.3205
93.4056 52.2911
93.5041 52.3748
93.0291 52.5910
93.4609 52.4353
93.1433 52.5601
93.1705 52.6217
93.0961 52.6764
93.0592 52.4638
93.1250 52.6618
93.1655 52.7268
93.0537 52.6705
93.1920 52.5350
93.2228 52.6353
93.1268 52.7747
93.2048 52.6325
93.2210 52.5858
93.1547 52.6458
93.5620 52.7148
93.5297 52.7625
93.5571 52.8654
93.5581 52.7191
93.3810 52.7172
93.6856 52.6086
93.4440 52.7344
93.5063 52.6547
93.5022 52.6409
93.3889 52.7680
93.4844 52.8000
93.5163 52.6590
93.3629 52.5981
93.7383 52.7962
93.6967 52.7069
93.7223 52.4844
93.4332 52.6190
93.6419 52.8933
93.5259 52.5648
93.3453 52.7357
93.4414 52.5443
93.2917 52.5453
93.7680 52.7047
93.2709 52.5539
93.3052 52.6168
93.6113 52.5738
93.6058 52.7987
93.6391 52.8225
93.6247 52.7310
93.3342 52.5123
93.7613 52.7121
93.3868 52.8655
93.5170 52.5762
93.6148 52.6954
93.3882 52.8909
93.4649 52.7127
93.6653 52.5810
93.3841 52.7280
93.4956 52.6476
93.5616 52.5030
93.5445 52.6263
93.4681 52.8972
93.5633 52.5788
93.3331 52.6870
93.5306 52.6996
93.4114 52.8210
93.4604 52.8579
93.4055 52.6501
93.6046 52.6329
93.7108 52.8267
93.5820 52.7099
93.4840 52.5739
93.6297 52.6959
93.5921 52.6780
93.5806 52.8510
93.5162 52.9033
93.6046 52.6223
93.6350 52.6521
93.6024 52.8603
93.7610 52.7575
93.3055 52.6881
93.4059 52.8811
93.4708 52.6363
93.4643 52.5433
93.8069 52.7298
93.4795 52.5852
93.5581 52.7560
93.7559 52.6589
93.6864 52.6511
93.5798 52.5997
93.6830 52.5936
93.4555 52.7264
93.4861 52.5588
93.4845 52.7970
93.2927 52.6540
93.4632 52.7435
93.6098 52.7046
93.6620 52.5634
93.5040 52.6482
93.4953 52.6134
93.5619 52.8621
93.7401 52.5735
93.4058 52.5743
93.5492 52.7963
93.6754 52.7156
93.4616 52.7086
93.6047 52.6595
93.6719 52.6778
93.4700 52.3189
93.2174 52.5847
93.1030 52.7364
93.1842 52.5899
93.3218 52.7005
93.2254 52.6243
93.2026 52.6032
93.7178 52.3483
93.7177 52.4158
93.6476 52.5663
93.5093 52.4037
93.5289 52.2350
93.3696 52.2713
93.4046 52.3940
93.3730 52.3435
93.3861 52.4205
93.4047 52.3479
93.4554 52.2673
93.4493 52.3927
93.3992 52.3266
93.4345 52.4436
93.3975 52.3519
93.3624 52.3703
93.3067 52.5664
93.3140 52.5272
93.5590 52.3680
93.4912 52.2216
93.3902 52.3494
93.4092 52.2770
93.5539 52.4440
93.3782 52.3164
93.3187 52.3845
93.6105 52.2362
93.5078 52.4068
93.4683 52.4281
93.4001 52.4186
93.4761 52.3393
93.5252 52.4057
93.4049 52.3185
93.4535 52.3594
93.6359 52.5549
93.5328 52.1153
93.5506 52.1221
93.4751 52.2087
93.4275 52.1040
93.6641 52.5783
93.5903 52.6136
93.5717 52.6441
93.5283 52.6342
93.5152 52.5800
93.5454 52.4587
93.6649 52.5889
93.6864 52.4453
93.4932 52.5609
93.6566 52.6010
93.4694 52.5562
93.6528 52.3195
93.3621 52.4824
93.6164 52.1205
93.3272 52.1751
93.8064 52.5383
93.7457 52.3537
93.5397 52.0903
93.3525 52.0322
93.7359 52.4039
93.6184 52.0987
93.5356 52.3353
93.5139 52.1576
93.5911 52.1766
93.4825 52.2151
93.4929 52.3077
93.5233 52.3709
93.5794 52.3216
93.4971 52.3401
93.5339 52.2812
93.3440 52.4480
93.4316 52.4155
93.4952 52.4562
93.4915 52.3537
93.5313 52.3743
93.5037 52.3418
93.4813 52.3969
93.5922 52.4324
93.3445 52.3799
93.4918 52.4432
93.6070 52.3647
93.3870 52.3528
93.3645 52.1816
93.4610 52.3516
93.5329 52.3362
93.5433 52.3952
93.5211 52.4470
93.5346 52.4413
93.4802 52.3733
93.5676 52.2047
93.4640 52.2639
93.4433 52.3334
93.5297 52.3740
93.5151 52.6481
93.6750 52.4686
93.5295 52.5588
93.4818 52.4023
93.6207 52.3918
93.4845 52.4442
93.5629 52.4412
93.5637 52.5300
93.3477 52.4717
93.5606 52.4617
93.5595 52.4409
93.5354 52.3215
93.5628 52.5471
93.5495 52.1390
93.4809 52.5213
93.5925 52.6936
93.6427 52.7320
93.5281 52.5029
93.6872 52.6605
93.6780 52.5455
93.5470 52.6404
93.6171 52.4518
93.4701 52.5513
93.3401 52.3029
93.7567 52.4093
93.7716 52.3762
93.5509 52.2978
93.7055 52.3565
93.7821 52.5167
93.1311 52.4080
93.3186 52.5313
93.3414 52.3756
93.1390 52.6358
93.2222 52.4758
93.0638 52.4972
93.0921 52.5955
93.2725 52.4519
93.2032 52.5211
93.1399 52.5693
93.2066 52.6078
93.2542 52.6805
93.2205 52.6777
93.3911 52.4304
93.2266 52.5506
93.2744 52.7135
93.2440 52.5737
93.2690 52.4511
93.1831 52.5119
93.2187 52.4602
93.2140 52.6829
93.2956 52.4575
93.3622 52.4234
93.2677 52.6701
93.3559 52.5086
93.2985 52.5753
93.1968 52.6605
93.2048 52.5010
93.2850 52.4943
93.2647 52.4665
93.4336 52.6506
93.1263 52.5647
93.2671 52.5248
93.2729 52.6356
93.3152 52.5813
93.2870 52.6985
93.3235 52.5348
93.2999 52.6004
93.2782 52.4333
93.5492 52.4479
93.2053 52.4138
93.3098 52.4900
93.2286 52.5718
93.3083 52.4797
93.3483 52.5201
93.2247 52.4811
93.3608 52.6535
93.3804 52.3418
93.3973 52.4872
93.2218 52.4913
93.2926 52.4281
93.4132 52.4584
93.2690 52.5745
93.3146 52.5498
93.2901 52.5361
93.2618 52.5426
93.2493 52.5414
93.3147 52.6007
93.2876 52.5643
93.3087 52.5029
93.3241 52.5051
93.3176 52.5291
93.3233 52.5846
93.3099 52.5225
93.2743 52.5420
93.3129 52.5957
93.2773 52.5268
93.3241 52.5672
93.2562 52.5635
93.3706 52.5950
93.2641 52.5788
93.2013 52.5356
93.2581 52.5444
93.2610 52.5759
93.2129 52.5578
93.3300 52.5637
93.2703 52.5399
93.2801 52.6042
93.4913 52.5664
93.6013 52.3834
93.6586 52.4035
93.4732 52.4184
93.3796 52.2521
93.4153 52.3177
93.5164 52.2263
93.5803 52.3605
93.3928 52.2406
93.5734 52.4015
93.5154 52.4273
93.3951 52.4438
93.5922 52.3344
93.5342 52.3723
93.6358 52.3926
93.4447 52.2494
93.3769 52.3098
93.5140 52.2915
93.4243 52.3961
93.3807 52.4621
93.4604 52.3987
93.5332 52.4667
93.3421 52.4181
93.4600 52.2871
93.4569 52.4168
93.4986 52.5125
93.4737 52.3137
93.5557 52.3078
93.2856 52.4456
93.5952 52.3733
93.4567 52.3692
93.4525 52.4638
93.4425 52.1721
93.4809 52.2695
93.6082 52.4261
93.3970 52.3824
93.3855 52.4113
93.3837 52.3079
93.7037 52.5095
93.4059 52.3499
93.4214 52.6722
93.4196 52.3230
93.4781 52.3673
93.3675 52.3747
93.5011 52.3769
93.3214 52.5218
93.4748 52.3949
93.4228 52.1685
93.5823 52.5904
93.4664 52.4106
93.3474 52.3703
93.3945 52.2179
93.5383 52.3211
93.4494 52.3707
93.5142 52.3834
93.4706 52.4052
93.4321 52.3562
93.4962 52.3358
93.1432 52.5283
93.3051 52.5130
93.2413 52.4846
93.1752 52.4333
93.2308 52.4755
93.3294 52.4872
93.2091 52.5039
93.2927 52.5244
93.3479 52.4256
93.3632 52.4613
93.2302 52.6215
93.3602 52.4508
93.2351 52.5438
93.1898 52.4592
93.2338 52.5515
93.3267 52.5464
93.2302 52.4548
93.2182 52.4865
93.2231 52.5790
93.2944 52.5371
93.2031 52.5655
93.2806 52.5294
93.2433 52.5684
93.2249 52.5053
93.2073 52.5747
93.2120 52.5610
93.2248 52.5688
93.3099 52.5840
93.2487 52.5667
93.2632 52.6005
93.2608 52.5564
93.2197 52.5895
93.2454 52.4912
93.2621 52.5595
93.2754 52.5628
93.2452 52.5448
93.2998 52.5702
93.2695 52.5541
93.2348 52.5467
93.2128 52.5954
93.2065 52.5547
93.2663 52.5423
93.2593 52.4921
93.3069 52.5312
93.2320 52.5773
93.2573 52.6238
93.2713 52.4996
93.2166 52.5290
93.2888 52.5866
93.2408 52.5550
93.2315 52.5294
93.2973 52.5544
93.2729 52.4805
93.2348 52.5772
93.1872 52.6109
93.2217 52.6214
93.2366 52.5726
93.2700 52.5422
93.2421 52.5391
93.2643 52.5716
93.2582 52.6498
93.2240 52.5272
93.1872 52.5713
93.2729 52.5845
93.2556 52.4813
93.2906 52.5782
93.2650 52.5619
93.2509 52.5668
93.2450 52.5589
93.2504 52.5910
93.2718 52.5624
93.2566 52.5210
93.2384 52.5544
93.2282 52.5798
93.2657 52.5344
93.2552 52.5507
93.3270 52.5670
93.2574 52.5258
93.2805 52.5626
93.2423 52.5041
93.2461 52.5340
93.2284 52.5323
93.2139 52.5377
93.2800 52.4952
93.1680 52.5600
93.2389 52.5451
93.2738 52.5758
93.2443 52.5661
93.2373 52.5759
93.2103 52.6214
93.2316 52.4626
93.3101 52.4887
93.2428 52.5313
93.2742 52.5834
93.2472 52.4821
93.2987 52.5405
93.2095 52.4799
93.2788 52.6075
93.2682 52.5821
93.2457 52.5902
93.2070 52.5626
93.3075 52.6394
93.2579 52.6272
93.2348 52.6457
93.2722 52.6220
93.2553 52.5037
93.2667 52.5897
93.3008 52.5806
93.2785 52.5623
93.2659 52.5656
93.2564 52.5585
93.2899 52.6060
93.2650 52.5551
93.3031 52.7169
93.4673 52.4424
93.7184 52.5208
93.5927 52.6303
93.5877 52.5860
93.6762 52.5471
93.6993 52.4679
93.6373 52.6515
93.6834 52.4543
93.6466 52.3466
93.6181 52.5932
93.5685 52.2112
93.6629 52.3450
93.4148 52.3233
93.4301 52.2136
93.5311 52.4544
93.6234 52.2808
93.5846 52.3287
93.5920 52.4421
93.4128 52.3499
93.7277 52.2901
93.4290 52.2691
93.5998 52.3072
93.4855 52.4369
93.5429 52.4407
93.5413 52.3225
93.3284 52.3938
93.5204 52.4048
93.5355 52.5685
93.4480 52.3668
93.4431 52.3748
93.5485 52.3533
93.5432 52.2733
93.4810 52.2569
93.5085 52.3429
93.4020 52.3556
93.5467 52.2529
93.3567 52.2806
93.5173 52.2254
93.4713 52.2898
93.5415 52.4990
93.5350 52.3418
93.4785 52.2694
93.4653 52.2473
93.5076 52.3508
93.4295 52.3930
93.5256 52.1050
93.5396 52.1755
93.4334 52.2516
93.6217 52.2016
93.5742 52.3231
93.5777 52.2883
93.2020 52.1838
93.6025 52.2653
93.5299 52.2964
93.5974 52.2142
93.4143 52.2811
93.5356 52.3263
93.6005 52.2660
93.3833 52.2941
93.5065 52.3996
93.6095 52.4247
93.6519 52.3196
93.6936 52.4880
93.5648 52.3648
93.4502 52.3641
93.5284 52.1349
93.5636 52.3168
93.4282 52.3582
93.5592 52.4094
93.6106 52.3798
93.4808 52.4371
93.5255 52.3971
93.4005 52.2175
93.6307 52.3886
93.5432 52.3258
93.4575 52.3322
93.5437 52.3378
93.4278 52.2774
93.5459 52.4368
93.5539 52.2457
93.5345 52.4272
93.4857 52.3333
93.5731 52.3587
93.4775 52.2942
93.4564 52.2996
93.4423 52.3111
93.4681 52.1944
93.5758 52.3288
93.4426 52.3465
93.4447 52.3579
93.7466 52.3882
93.6073 52.3159
93.5061 52.3412
93.5509 52.3833
93.5173 52.3146
93.7579 52.3996
93.3846 52.5817
93.4071 52.2319
93.5504 52.4184
93.6160 52.6247
93.6075 52.5477
93.5396 52.3245
93.3122 52.4384
93.4100 52.4315
93.5930 52.3854
93.4882 52.5745
93.2756 52.1336
93.7340 52.4019
93.5658 52.3342
93.5188 52.4780
93.5177 52.3704
93.4700 52.2681
93.4853 52.2749
93.5279 52.3816
93.6700 52.2862
93.4535 52.2340
93.5602 52.4897
93.5288 52.2794
93.5722 52.3566
93.5257 52.2821
93.5145 52.4927
93.5922 52.1928
93.5643 52.5662
93.5783 52.3171
93.5239 52.3562
93.5785 52.2805
93.6213 52.3551
93.5993 52.3005
93.5380 52.3767
93.5895 52.2815
93.5896 52.3322
93.6147 52.2670
