64.2646 53.0301
64.2097 52.7921
64.6372 53.1181
64.6267 53.0399
64.3741 53.0260
64.8327 53.1116
64.8044 53.0899
64.6487 52.9319
64.7167 53.0473
64.7273 53.0062
64.6817 53.0130
64.4722 53.3132
64.2845 53.1427
64.5267 53.1587
64.6726 53.2485
64.5580 53.0562
64.6182 52.9939
64.5849 53.0362
64.6927 53.0560
64.5512 53.1805
64.5271 53.2092
64.6562 53.1115
64.7269 53.0875
64.5496 53.0227
64.5090 53.1472
64.5369 52.9895
64.3597 52.8761
64.8135 53.0997
64.6074 53.2087
64.7135 53.1191
64.6572 53.1796
64.6784 53.0339
64.4354 53.2035
64.5177 53.0947
64.5511 53.1201
64.5679 53.0873
64.5753 53.1068
64.3995 53.3227
64.5087 53.4534
64.4187 53.4991
64.3472 53.3211
64.3722 53.3707
64.4477 53.5438
64.3521 53.3760
64.4990 53.4442
64.4811 53.4032
64.3052 53.4229
64.3671 53.5191
64.3964 53.4453
64.3422 53.3379
64.3151 53.3385
64.2590 53.4113
64.3189 53.2823
64.3891 53.3472
64.4196 53.3734
64.3283 53.2752
64.4974 53.3904
64.2711 53.4459
64.2447 53.4693
64.4235 53.5702
64.4514 53.4969
64.4200 53.2362
64.3088 53.4146
64.4630 53.3692
64.3455 53.3695
64.1176 53.3756
64.2397 53.4322
64.5026 53.1986
64.2507 53.4568
64.4500 53.4176
64.0752 53.3023
64.2457 53.4878
64.1997 53.3513
64.1647 53.5537
64.1840 53.1345
64.4117 53.5815
64.1644 53.2771
64.5273 53.3678
64.2519 53.3621
64.4390 53.3528
64.5907 53.4367
64.4353 53.3965
64.4463 53.4393
64.3227 53.0698
64.2696 53.2309
64.2555 53.0052
64.0890 53.0878
64.2023 53.0821
64.1368 53.2099
64.3526 53.0162
64.2392 52.8197
64.2687 52.9836
64.3727 53.1014
64.2910 52.9774
64.3345 53.0861
64.2776 52.9893
64.2434 53.0499
64.3013 53.0906
64.2043 52.9930
64.3306 52.9961
64.4470 53.1843
64.3140 53.1139
64.1884 52.9934
64.1404 52.9737
64.2365 53.1887
64.1849 53.1374
64.3301 52.9753
64.2365 53.0384
64.2677 53.1839
64.1634 53.2043
64.2871 52.9957
64.3946 52.9422
64.5668 53.0717
64.4732 53.0620
64.1050 53.1640
64.0704 52.9926
64.3510 52.9385
64.3359 53.1055
64.4208 52.9550
64.1914 53.0532
64.4253 53.0641
64.1490 53.1305
64.0674 53.2071
64.2968 53.1033
64.2498 53.0175
64.2604 53.1137
64.4080 53.0836
64.2071 53.1458
64.2054 53.1328
64.3503 53.1082
64.1669 53.0130
64.3808 53.0287
64.3777 53.0001
64.2551 53.2104
64.3270 52.9499
64.3666 53.0525
64.2703 53.0473
64.3995 52.9675
64.3786 53.0122
64.1552 53.0756
64.2757 53.0453
64.3283 52.9906
64.2407 53.0289
64.2296 53.0345
64.2137 53.1624
64.3485 53.1385
64.3634 53.0364
64.2470 52.9513
64.0897 52.9974
64.2945 53.1084
64.3597 53.2357
64.0561 53.1638
64.1866 53.0123
64.3816 53.0966
64.2871 52.9928
64.2087 53.1457
64.4195 53.1812
64.3688 53.2849
64.3269 53.2955
64.3285 53.2365
64.5019 53.3418
64.5158 53.3247
64.2670 53.5627
64.4252 53.4634
64.4566 53.3712
64.5200 53.3375
64.4288 53.5008
64.4224 53.3618
64.3629 53.3413
64.5687 53.3525
64.3348 53.2872
64.5350 53.3859
64.5582 53.3573
64.4868 53.3722
64.3267 53.4483
64.3591 53.4784
64.4056 53.4004
64.4262 53.4041
64.2543 53.4352
64.3594 53.3423
64.3858 53.4305
64.3549 53.3324
64.3932 53.3290
64.3669 53.3585
64.5010 53.4252
64.4485 53.2868
64.4747 53.4040
64.3582 53.3073
64.3093 53.3217
64.4088 53.3594
64.3837 53.4130
64.3897 53.5033
64.2904 53.2810
64.2977 53.3153
64.3587 53.4460
64.2594 53.2812
64.3233 53.2855
64.4611 53.3648
64.2568 53.4302
64.4856 53.3044
64.4522 53.4314
64.3138 53.3765
64.5062 53.4413
64.2977 53.4020
64.3935 53.3375
64.3343 53.3916
64.3196 53.2729
64.4678 53.6612
64.4521 53.3928
64.4397 53.4703
64.4681 53.3804
64.3890 53.3280
64.4167 53.3237
64.3445 53.3035
64.4182 53.2716
64.4521 53.4855
64.3569 53.4520
64.2949 53.4469
64.3947 53.3113
64.3273 53.4534
64.4050 53.3309
64.3492 53.3156
64.3126 53.2434
64.3709 53.4685
64.2456 53.3490
64.3379 53.3246
64.3391 53.4202
64.5199 53.5006
64.5020 53.3783
64.4494 53.2294
64.3715 53.2962
64.3878 53.2756
64.4813 53.4067
64.4805 53.2061
64.5426 53.3181
64.3463 53.5479
64.3333 53.4061
64.4227 53.3610
64.4074 53.3429
64.5884 53.3896
64.1426 52.9872
64.3291 53.4008
64.4453 53.6429
64.4650 53.3482
64.3797 53.4753
64.3648 53.3825
64.4133 53.2909
64.2830 53.2574
64.4508 53.3435
64.3388 53.3098
64.4025 53.3894
64.4977 53.4159
64.4821 53.4041
64.4098 53.2691
64.2138 53.3672
64.4619 53.4422
64.3837 53.4134
64.4284 53.4110
64.4136 53.3953
64.4366 53.4537
64.4051 53.3393
64.3504 53.4671
64.3932 53.3384
64.3829 53.2980
64.3608 53.4002
64.2759 53.3540
64.5078 53.4233
64.4351 53.4072
64.3802 53.4007
64.3717 53.4537
64.4033 53.4075
64.3739 53.3759
64.3685 53.3834
64.4041 53.4333
64.2885 53.4004
64.3675 53.4243
64.4261 53.4498
64.3709 53.4426
64.7011 53.1842
64.5249 53.1123
64.6099 52.9581
64.4196 52.9551
64.6285 53.0313
64.6957 53.1277
64.5922 53.0320
64.6726 52.9861
64.5122 53.1145
64.6210 53.2378
64.5217 52.9941
64.5982 53.1130
64.5788 53.0534
64.5585 53.0609
64.5495 53.1390
64.5929 53.0884
64.5272 53.0255
64.5915 53.0993
64.7187 53.0489
64.6833 52.9898
64.5262 52.9717
64.7054 53.1598
64.6803 53.1526
64.6199 53.1066
64.7031 53.1117
64.4400 53.1048
64.5463 53.0696
64.6505 53.0932
64.5085 53.1607
64.6150 53.0378
64.6102 53.0125
64.5777 53.0690
64.5448 53.0488
64.5764 53.1196
64.6254 53.0151
64.5914 53.0583
64.6257 53.0617
64.7220 52.8747
64.5975 53.0576
64.5943 52.9975
64.6008 53.1108
64.5754 53.0613
64.6020 53.2362
64.3376 52.8862
64.2690 52.9931
64.3147 53.0222
64.3805 53.0355
64.3211 53.0402
64.3758 53.0426
64.3215 53.0103
64.2961 52.9289
64.2877 53.0267
64.2937 52.9837
64.3970 52.8847
64.3339 53.1134
64.8554 52.9790
64.5539 53.1436
64.8228 53.1558
