141.1903 163.1958
141.2099 163.1785
141.1944 163.1693
141.0916 163.2373
141.7139 163.9473
141.6249 163.9581
141.6317 163.6989
141.7000 163.8341
141.1421 163.6253
141.4822 163.6502
141.5577 163.6564
141.3402 163.7332
141.3408 163.4740
141.2482 163.7155
141.5247 163.4579
141.6047 163.3587
141.6399 163.9184
141.5327 163.8129
141.6472 163.9106
141.4384 163.3757
141.2407 163.5335
141.6186 163.7474
141.4784 163.6239
141.2395 163.6053
141.5671 163.5001
141.5053 163.5977
141.2538 163.6461
141.2612 163.9625
141.3052 163.7885
141.0879 163.8271
141.0720 163.8956
141.1735 163.8441
140.9735 163.7538
140.9325 163.7603
141.0952 163.6947
141.1381 163.8691
141.1493 163.7954
141.1687 163.9509
141.0570 163.8485
141.2735 163.8506
141.1353 163.9021
141.0750 163.3636
140.9681 163.3415
141.3156 163.4044
141.3660 163.4138
141.4516 163.6057
141.2486 163.4419
141.3135 163.3823
141.1926 163.2918
141.2816 163.3970
141.2274 163.4995
141.0699 163.4918
140.9717 163.6259
141.3418 163.5453
141.1290 163.4593
141.2863 163.4090
141.4439 163.2503
141.2527 163.3786
141.3713 163.3461
141.1649 163.5913
141.1995 163.7403
141.2118 163.6881
140.9150 163.6121
141.1226 163.3255
141.1449 163.5336
141.2371 163.6334
141.1938 163.5448
141.1728 163.3630
141.0043 163.4252
141.2242 163.5742
141.2269 163.5004
141.5376 163.2680
141.5125 163.8537
141.2179 163.5516
141.3786 163.4361
141.5744 163.5623
141.7048 163.6546
141.6430 163.5341
141.4758 163.6646
141.4391 163.7322
141.5598 163.5795
141.6730 163.4660
141.6384 163.5045
141.4057 163.4571
141.3604 163.6480
141.4642 163.5042
141.5350 163.4849
141.6261 163.5685
141.4434 163.4816
141.6275 163.6339
141.5675 163.5706
141.5069 163.6483
141.5089 163.5679
141.5101 163.5492
141.5963 163.7033
141.5216 163.5752
141.5926 163.6084
141.5008 163.6233
141.4953 163.5491
141.5380 163.5134
141.5526 163.5798
141.5487 163.5660
141.5167 163.5588
141.5473 163.5913
141.5076 163.5920
141.5658 163.5128
141.5526 163.5290
141.4578 163.5885
141.5234 163.5819
141.5028 163.5365
141.5556 163.5376
141.6088 163.6041
141.2427 163.5949
141.2521 163.1924
141.4305 163.8047
141.5247 163.6720
141.2436 163.6620
141.5243 163.6233
141.4704 163.7337
141.6684 163.6084
141.5813 163.6340
141.5040 163.6382
141.5886 163.4933
141.5787 163.3653
141.4864 163.4795
141.6665 163.5569
141.5367 163.3351
141.5741 163.6844
141.6339 163.7519
141.3357 163.8070
141.4642 163.4389
141.7231 163.7769
141.4882 163.6026
141.4617 163.6273
141.6703 163.7325
141.4954 163.5077
141.4763 163.5418
141.4379 163.7092
141.6864 163.5720
141.3390 163.4785
141.4987 163.5625
141.3806 163.7660
141.5496 163.6658
141.5635 163.5601
141.7148 163.7257
141.4202 163.6438
141.5173 163.6687
141.5590 163.5372
141.3722 163.5309
141.4277 163.5219
141.7443 163.5652
141.5107 163.6512
141.6167 163.5204
141.4147 163.7394
141.6338 163.5588
141.6399 163.5077
141.7431 163.5278
141.5813 163.4553
141.2705 163.5887
141.4770 163.5865
141.4420 163.6416
141.4613 163.7287
141.5104 163.5584
141.6373 163.4704
141.7154 163.5731
141.5507 163.4858
141.5122 163.7451
141.5529 163.6129
141.6104 163.5592
141.5708 163.7347
141.3498 163.7391
141.4519 163.5532
141.7521 163.6042
141.5258 163.6494
141.6623 163.4226
141.4085 163.6376
141.5146 163.5800
141.4766 163.7128
141.5546 163.4585
141.4919 163.5709
141.5241 163.5855
141.8081 163.6341
141.5308 163.7377
141.4546 163.6013
141.5676 163.6086
141.4560 163.7196
141.6106 163.5171
141.4927 163.6700
141.6438 163.4935
141.5244 163.4765
141.6496 163.6155
141.6625 163.5974
141.5668 163.4740
141.5742 163.5015
141.2375 163.6813
141.6702 163.6394
141.6437 163.6626
141.4979 163.5426
141.5305 163.7317
141.4531 163.4982
141.4620 163.4833
141.5562 163.8086
141.7903 163.5826
141.5059 163.6293
141.5777 163.5429
141.6572 163.6545
141.4559 163.6189
141.6898 163.6568
141.6427 163.6285
141.4821 163.6280
141.6524 163.6351
141.3678 163.4546
141.5343 163.4645
141.6360 163.6573
141.4816 163.4800
141.4080 163.6613
141.5068 163.4757
141.4363 163.5786
141.5679 163.4232
141.5611 163.6027
141.6223 163.4360
141.4628 163.6567
141.4449 163.7039
141.6198 163.3520
141.4310 163.8299
141.4155 163.5110
141.6604 163.5249
141.4577 163.5060
141.5828 163.3774
141.3806 163.4208
141.3562 163.6290
141.5097 163.5802
141.6017 163.7450
141.4246 163.3732
141.4183 163.6202
141.5188 163.5201
141.5820 163.5928
141.3187 163.5826
141.5638 163.6343
141.6996 163.5023
141.6227 163.6854
141.6244 163.5014
141.7764 163.4782
141.3535 163.7372
141.4904 163.6880
141.4979 163.5834
141.7782 163.5249
141.5873 163.8886
141.4000 163.4667
141.4724 163.5016
141.7406 163.5961
141.5648 163.8419
141.6702 163.5049
141.5132 163.4923
141.6333 163.7296
141.7538 163.5571
141.4249 163.6649
141.6756 163.7235
141.5388 163.3813
141.6119 163.4875
141.4779 163.7128
141.6105 163.4648
141.6765 163.5612
141.5415 163.4217
141.4612 163.5931
141.5293 163.7278
141.3422 163.6566
141.4547 163.6883
141.1792 163.6944
141.5756 163.5320
141.5513 163.7240
141.7966 163.6405
141.5707 163.5883
141.5045 163.6217
141.5321 163.6076
141.4713 163.6013
141.6273 163.6635
141.6533 163.5813
141.5571 163.5633
141.6343 163.5950
141.6829 163.5956
141.4753 163.4243
141.3440 163.6994
141.4594 163.6647
141.7495 163.5165
141.3663 163.5068
141.4788 163.6582
141.5676 163.6195
141.4178 163.7223
141.6863 163.6646
141.5641 163.4787
141.5744 163.7497
141.7336 163.3897
141.4247 163.5370
141.5687 163.6527
141.7032 163.6021
141.6800 163.7000
141.6148 163.5114
141.4291 163.5165
141.4722 163.5048
141.4035 163.5381
141.5749 163.6144
141.4354 163.5831
141.4150 163.5870
141.6623 163.8024
141.3842 163.4886
141.5060 163.5436
141.5302 163.4774
141.6934 163.6074
141.5476 163.7915
141.6898 163.4794
141.5786 163.6740
141.5889 163.6390
141.7553 163.4008
141.5727 163.5801
141.7030 163.5662
141.5032 163.6214
141.4694 163.5200
141.4010 163.7919
141.4670 163.5219
141.6438 163.5121
141.5539 163.7031
141.4044 163.4911
141.5853 163.5474
141.5087 163.5305
141.5226 163.5581
141.5919 163.6906
141.5866 163.7856
141.4610 163.6218
141.0504 163.4762
141.2432 163.3702
141.4800 163.4659
141.3409 163.3938
141.2772 163.5058
141.2584 163.4448
141.1967 163.2532
141.4635 163.5122
141.1960 163.3436
141.1931 163.5119
141.4094 163.3014
141.3890 163.3754
141.2641 163.4950
141.4299 163.5717
141.3907 163.3516
141.3482 163.3887
141.4757 163.6535
141.2581 163.5250
141.1838 163.3779
141.3385 163.6297
141.3327 163.4360
141.1165 163.4417
141.1174 163.5367
141.1193 163.7089
141.1724 163.5315
141.3023 163.3451
141.4690 163.3439
141.0636 163.4957
141.0976 163.3331
141.2169 163.5588
141.2166 163.4100
141.6707 163.8297
141.3233 163.8826
141.3666 163.7909
141.4733 163.9768
141.3952 163.8559
141.2667 163.8579
141.2689 163.7260
141.1839 163.8009
141.3131 163.8399
141.2648 163.8432
141.3025 163.8020
141.3350 163.8414
141.2601 163.8393
141.3700 163.8287
141.2300 163.8750
141.2895 163.7460
141.3653 163.8448
141.3673 163.8068
141.3356 163.8647
141.3798 163.7555
141.2456 163.7832
141.2961 163.6463
141.1955 163.7577
141.3415 163.8220
141.3201 163.7903
141.3244 163.7245
141.3910 163.9039
141.3673 163.7051
141.2276 163.7651
141.4544 163.7419
141.3202 163.8391
141.3010 163.8063
141.2478 163.7769
141.3640 163.7450
141.2404 163.7443
141.2391 163.7879
141.3670 163.8013
141.3173 163.7679
141.1982 163.7933
141.3833 163.8041
141.3548 163.8650
141.3063 163.7793
141.4077 163.8431
141.2714 163.6102
141.2236 163.8064
141.3373 163.8775
141.1576 163.7486
141.2929 163.8101
141.4513 163.7129
141.3206 163.8379
141.4039 163.7497
141.2619 163.8413
141.2064 163.9252
141.3181 163.9127
141.3896 163.8241
141.3646 163.8151
141.1966 163.8183
141.3293 163.7289
141.2566 163.7981
141.3240 163.4015
141.2532 163.6517
141.3661 163.5053
141.1954 163.5676
141.3895 163.6293
141.3186 163.4994
141.4727 163.6848
141.3112 163.6864
141.2256 163.4540
141.2434 163.4209
141.0789 163.6096
141.2785 163.5112
141.5130 163.5093
141.4379 163.6027
141.3226 163.6621
141.1844 163.3620
141.3162 163.5639
141.3987 163.5714
141.2737 163.3682
141.4476 163.3957
141.3778 163.3811
141.2382 163.6242
141.3089 163.5770
141.4199 163.3387
141.4269 163.6551
141.0151 163.4990
141.1380 163.4515
141.2386 163.5453
141.2346 163.4669
141.3274 163.5069
141.2631 163.5623
141.3153 163.5170
141.3157 163.5198
141.3182 163.4986
141.2536 163.4645
141.4750 163.7581
141.3859 163.7416
141.2956 163.8006
141.3563 163.7596
141.2146 163.6955
141.3072 163.8257
141.3784 163.8159
141.3965 163.7870
141.4227 163.8184
141.3979 163.7960
141.2661 163.8642
141.4285 163.7610
141.4633 163.7385
141.3683 163.7826
141.2454 163.7145
141.2853 163.3134
