36.4745 49.2065
36.3527 49.0954
36.3002 49.1357
36.3334 49.3151
36.2754 49.0035
36.3182 49.1824
36.1762 49.1404
36.2480 49.0640
36.1932 49.1827
36.2911 49.1378
36.3017 49.2835
36.1851 49.1281
36.1348 49.2023
36.4625 49.0817
36.1663 49.1007
36.2725 49.2419
36.3505 49.1527
36.0979 49.1023
36.3438 49.2157
36.0706 49.1260
36.3594 49.1500
36.2380 49.2324
36.1665 49.1108
36.0690 49.0909
36.2642 49.0833
36.1123 49.1937
36.1466 49.1845
36.3291 49.2343
36.2601 49.2428
36.1652 49.2057
36.2797 49.2562
36.1525 48.9841
36.2038 49.2720
36.2146 48.9731
36.2727 49.2088
36.1382 49.2082
36.2092 49.1005
36.1960 49.1896
36.2340 49.3016
36.2113 49.0977
36.2797 49.1888
36.0810 48.9962
36.3439 49.0831
36.5763 49.2767
36.6082 49.1443
36.8382 49.2304
36.8256 49.1316
36.1819 48.8092
36.4491 49.2240
36.2736 49.2158
36.3918 49.0443
36.3921 48.8000
36.4622 48.7376
36.6845 49.1196
36.6012 49.2222
36.5625 49.0974
36.7649 49.1217
36.6522 48.9684
36.7016 49.0820
36.5488 49.1647
36.0971 48.9230
36.6407 49.3120
36.6764 49.1294
36.6549 49.1267
36.5790 49.0570
36.6173 49.1006
36.5715 49.1970
36.6675 49.3359
36.4101 49.2292
36.7349 49.1918
36.5940 49.0442
36.7096 49.0527
36.6768 49.2933
36.0791 49.1057
36.2938 49.1126
36.4166 49.1685
36.2658 49.1951
36.3406 49.1059
36.3005 49.2906
36.3856 49.1020
36.2649 49.1029
36.2955 49.3543
36.2613 49.1144
36.3006 49.0509
36.3505 49.0863
36.5006 49.0764
36.3684 49.0599
36.4125 49.0717
36.4039 49.0038
36.2288 49.2093
36.2765 49.1061
36.2369 49.1257
36.2069 49.1719
36.3360 49.1514
36.2818 49.1854
36.3614 48.9751
36.4998 49.3133
36.4280 49.0249
36.4165 49.1181
36.3212 49.2161
36.2682 48.9747
36.3683 49.0841
36.2189 49.2086
36.3298 49.0605
36.2620 49.1508
36.3471 49.0232
36.2871 49.2019
36.3429 49.1926
36.3080 49.1047
36.3766 49.1231
36.8495 49.1142
36.7503 49.0489
36.6446 48.9585
36.7347 48.9847
36.7180 49.0302
36.3592 49.2053
36.3820 49.0661
36.4149 49.0198
36.3083 49.2608
36.4806 49.0908
36.4103 49.0393
36.3077 49.1388
36.3549 49.2124
36.2040 49.1116
36.2349 49.2191
36.2619 49.1997
36.2609 49.3546
36.5784 49.1153
36.6464 49.0279
36.6010 48.9905
36.7565 49.0980
36.6822 49.0256
36.7722 49.1164
36.7047 49.0681
36.6667 49.0571
36.8510 48.9111
36.7061 49.1619
36.6221 48.9924
36.8190 48.9794
36.6630 49.0580
36.7140 49.0485
36.7216 49.0339
36.7109 49.1034
36.5893 48.9083
36.7647 48.9851
36.6599 49.1321
36.5651 49.0165
36.7945 49.2744
36.7784 48.9933
36.7628 49.1529
36.7324 49.0711
36.7501 48.7007
36.6781 48.4900
36.7285 48.4981
36.6397 48.5310
36.5684 49.1037
36.6629 49.1717
36.8029 49.0162
36.6803 49.0382
36.6602 49.0390
36.7074 49.0076
36.8393 49.1511
36.7069 49.1416
36.7322 49.0652
36.9012 49.0954
36.6328 49.2164
36.5886 49.2235
36.5839 49.1760
36.8732 48.9996
36.6870 49.0545
36.7454 49.0039
36.6676 48.9996
36.6513 49.1408
36.7582 49.2693
36.6945 48.9846
36.6230 49.1123
36.7110 48.9973
36.6340 48.9910
36.7914 48.9241
36.5902 49.1759
36.6750 49.0175
36.6720 49.0839
36.6934 49.0755
36.6336 49.0792
36.7955 49.0445
36.6927 49.0736
36.6989 49.0392
36.6755 49.1009
36.6452 49.0987
36.6894 49.0387
36.6595 49.0993
36.7023 49.0804
36.6109 48.9896
36.7308 49.0553
36.7296 49.0961
36.7102 49.0766
36.7851 48.8894
36.3554 48.8722
36.6166 48.7751
36.6156 48.8411
36.4001 48.7924
36.5092 48.7099
36.5386 48.8171
36.5914 48.7933
36.5773 48.8775
36.5265 48.6679
36.4626 48.8190
36.8910 48.8966
36.4026 49.0036
36.5479 49.1021
36.3030 49.0963
36.2876 49.0628
36.3701 48.7265
36.4222 48.8693
36.5570 48.8721
36.5352 48.7035
36.3501 48.6607
36.4418 48.8455
36.5776 48.7455
36.6055 48.8997
36.3889 48.6858
36.5066 48.7943
36.5426 48.6761
36.7244 48.6686
36.4894 48.9224
36.4992 48.7171
36.4807 48.8808
36.6441 48.7462
36.4719 48.6955
36.6583 48.8232
36.4184 49.0233
36.6059 48.8481
36.5074 48.8056
36.4200 48.8760
36.3692 48.7207
36.7212 48.6719
36.6052 48.7609
36.5701 48.7242
36.4995 48.7503
36.4751 48.7318
36.5322 48.9031
36.5239 48.8362
36.2844 48.8972
36.5583 48.7931
36.5344 48.9657
36.4272 48.9556
36.4676 48.9678
36.3639 48.9947
36.3579 48.9820
36.3863 48.9392
36.4380 48.9706
36.4101 48.8982
36.3855 48.9072
36.4478 48.8923
36.4191 48.8725
36.3899 48.9580
36.4661 48.8772
36.4592 48.8529
36.4296 48.8954
36.4619 48.8956
36.4457 48.9195
36.4273 48.8341
36.3521 48.9951
36.2417 49.0898
36.1631 49.0689
36.3675 49.0351
36.2689 49.0313
36.3661 49.0628
36.3539 49.1312
36.1440 48.9655
36.4944 49.0374
36.3888 49.2012
36.4327 49.0086
36.1468 49.0791
36.3816 49.0517
36.3933 48.9715
36.3382 48.9211
36.6784 49.0398
36.5949 48.9504
36.6457 48.9765
36.7376 48.9678
36.7764 48.9767
36.6914 49.0302
36.7077 49.0050
36.7917 48.9725
36.7001 49.0544
36.7846 49.1979
36.7421 49.0727
36.6352 49.0977
36.7231 49.1604
36.7050 48.9411
36.7428 48.9876
36.8646 48.9894
36.6401 48.9760
36.7372 49.0871
36.6942 48.8464
36.6984 49.1504
36.8355 49.1078
36.6740 49.1761
36.6205 49.0797
36.7947 48.8424
36.6175 49.0308
36.6812 49.0093
36.5432 48.8052
36.6435 49.0608
36.7949 49.1099
36.7253 49.0162
36.9012 49.0321
36.7017 49.1550
36.6524 49.0832
36.6798 48.9884
36.6253 49.1414
36.7305 49.0163
36.7037 48.9108
36.6681 49.0667
36.5326 48.9566
36.7160 49.0912
36.8216 49.0556
36.8214 49.0847
36.5172 49.2244
36.7163 49.2109
36.8198 49.0936
36.5412 49.2713
36.7797 49.0136
36.7773 49.0718
36.6682 49.0507
36.7748 49.1828
36.8191 49.0732
36.7768 48.8790
36.7140 48.9913
36.5363 49.1386
36.5618 49.1898
36.7333 49.0057
36.7661 48.9659
36.7010 48.8481
36.6550 49.0047
36.6245 49.0548
36.6707 48.9062
36.8156 49.1421
36.6870 49.0964
36.6854 49.1267
36.7613 48.8979
36.8619 49.1089
36.7526 48.8776
36.7941 48.9232
36.6605 49.0134
36.6506 49.0610
36.8342 48.9887
36.7616 49.1038
36.6348 49.1876
36.4673 49.1812
36.6185 49.0479
36.6709 49.2066
36.7692 49.2071
36.9121 48.9918
36.7497 49.0936
36.7562 48.9817
36.8285 49.0433
36.7337 48.9755
36.7144 49.0793
36.8041 49.0663
36.7102 48.9620
36.8403 49.2213
36.5490 49.0856
36.7699 49.0084
36.5602 49.0479
36.7064 48.9071
36.7640 48.9514
36.5805 49.1861
36.6858 49.2179
36.6620 49.2989
36.6370 49.3150
36.6801 49.3774
36.6820 49.3570
36.6098 49.3484
36.8843 48.9592
