39.9980 48.2984
40.0093 48.4126
40.1545 48.0933
40.0833 48.4077
39.9994 48.3533
39.8587 48.3642
40.0303 48.1165
39.9606 48.3480
40.0540 48.3046
40.0109 48.4066
40.1377 48.3532
40.0595 48.0183
39.9357 48.2158
39.9864 48.2332
39.9308 48.3547
40.0721 48.3880
39.9732 48.2633
40.0738 48.0822
39.8927 48.4097
39.8286 48.3245
39.8519 48.2697
40.0189 48.2345
39.8067 48.3293
39.9426 48.2851
39.7584 48.3918
39.8985 48.4472
39.9940 48.3942
39.9269 48.2829
40.0087 48.4606
39.9970 48.3013
40.4650 48.6231
40.3100 48.3724
40.3748 48.3393
40.6254 48.4474
40.6931 48.3200
40.2351 48.2744
40.2972 48.4067
40.3404 48.3752
40.3360 48.4619
40.4014 48.5255
40.3156 48.6699
40.1452 48.3973
39.9653 48.6576
40.0942 48.5322
39.9939 48.7555
39.8709 48.6862
40.2271 48.5947
40.0416 48.6073
40.0345 48.5215
39.9445 48.6501
39.9365 48.4349
39.8474 48.4483
40.1727 48.6689
39.9251 48.4803
39.9350 48.7608
39.9610 48.7977
40.2697 48.6685
40.0557 48.6152
39.7660 48.3873
39.9195 48.6229
39.7966 48.5519
39.9078 48.6512
40.0735 48.7233
40.0219 48.6724
40.4773 48.3961
40.2016 48.2497
40.2657 48.3652
40.3802 48.3012
40.3234 48.2098
40.3282 48.3298
40.2847 48.3598
40.3677 48.2976
40.3592 48.4202
40.4192 48.3969
40.2294 48.3606
40.4388 48.2547
40.4117 48.3369
40.4849 48.4295
40.2568 48.4614
40.4860 48.3380
40.3789 48.3738
40.5405 48.6197
40.4346 48.3045
40.2711 48.2243
40.4134 48.3191
40.2306 48.4146
40.2743 48.4381
40.2014 48.3726
40.0812 48.2371
40.2254 48.4036
40.2606 48.5662
40.4866 48.3486
40.3515 48.3362
40.3325 48.4218
40.3210 48.1676
40.3926 48.5200
40.2867 48.5322
40.2901 48.3719
40.3235 48.2271
40.3379 48.2692
40.5369 48.3187
40.4748 48.4011
40.3335 48.2475
40.4694 48.3200
40.4533 48.4171
40.3036 48.1637
40.3402 48.4682
40.2620 48.2679
40.5103 48.2808
40.4634 48.5570
40.4254 48.3167
40.2479 48.2282
40.4826 48.3926
40.3820 48.3162
40.4791 48.1791
40.3783 48.3812
40.3561 48.2251
40.2501 48.6030
40.1724 48.6025
40.2825 48.7220
40.0980 48.7192
39.9699 48.6814
40.2102 48.6632
40.2181 48.6651
40.1704 48.6351
40.2076 48.8499
40.4209 48.6169
40.1567 48.5926
40.1888 48.5902
40.0806 48.5577
40.2283 48.6360
40.2416 48.7233
40.1869 48.5919
40.0650 48.5693
40.3158 48.6771
40.0322 48.5911
40.2313 48.6114
40.1677 48.5549
40.1910 48.6435
40.1680 48.6753
40.1179 48.5753
40.1847 48.6389
39.9271 48.3546
40.1233 48.2866
40.0539 48.3188
40.0556 48.2790
40.1011 48.1959
40.0434 48.1433
40.0230 48.2507
39.9794 48.2408
40.0137 48.3096
39.9351 48.3600
40.2309 48.2695
39.9308 48.1893
39.9425 48.1842
39.8887 48.2381
40.1201 48.2749
40.0328 48.2021
39.9019 48.3622
40.0771 48.2733
39.9791 48.1987
40.2025 48.3581
39.9684 48.1535
39.8690 48.3406
39.9288 48.2728
40.1784 48.2418
39.9273 48.2381
39.9336 48.3701
40.0717 48.3100
39.9643 48.2072
40.0363 48.2430
40.0481 48.2971
39.9866 48.2401
39.9262 48.2373
40.0677 48.2428
40.0119 48.2734
40.0234 48.2364
39.9506 48.2207
40.1545 48.5439
40.0942 48.7249
40.2710 48.7503
40.2009 48.5605
40.2016 48.4286
40.2383 48.2740
40.1456 48.2291
40.1423 48.3009
40.1974 48.3178
40.1562 48.2520
40.1201 48.3269
40.1515 48.2592
40.2625 48.1662
40.2324 48.3149
39.8359 48.3828
39.8720 48.2595
39.9473 48.2535
40.3144 48.4072
40.4044 48.2863
40.3545 48.2012
40.4560 48.2433
39.8149 48.4202
40.1766 48.6103
40.1342 48.5706
40.1476 48.6150
40.2434 48.5922
40.0466 48.5154
39.8447 48.1786
39.9416 48.2076
39.9459 48.2243
39.9572 48.2504
39.9090 48.3468
40.2958 48.6150
