82.8734 126.1597
82.8641 126.0554
82.9341 126.0515
82.9063 126.1563
82.9247 126.1892
82.9402 126.1060
82.9577 126.1880
82.9057 126.1371
82.9189 126.1902
82.9550 126.1713
82.9893 126.2453
82.8520 126.1738
82.9280 126.1673
82.9071 126.1307
83.0105 126.1660
83.4163 126.2726
83.3003 126.1497
83.1590 125.9437
83.2583 125.9788
83.1533 125.9786
83.2412 125.9113
82.9985 125.9548
83.0763 125.9403
83.2058 125.9536
83.1118 125.8180
83.1563 126.0239
83.1994 126.0407
83.0653 126.0054
83.2612 125.8508
83.2994 126.2066
83.1801 126.3665
83.1762 126.3060
83.1904 126.3139
83.1043 126.3501
83.0904 126.3468
83.3161 126.2820
83.1947 126.4262
83.3039 126.1983
83.2079 126.2659
83.2761 126.3231
83.0814 126.1948
83.1077 126.2431
83.1071 126.1937
83.2193 126.2718
83.1896 126.2681
83.0643 126.1980
83.2365 126.1921
83.1938 126.3532
83.4194 126.2395
83.2716 126.3367
83.3034 126.3414
83.2083 126.2531
83.0738 126.2940
83.1637 126.2716
83.2369 126.2633
83.1709 126.2771
83.2523 126.3189
83.2530 126.3875
83.1984 125.9769
83.2033 125.9248
83.2891 125.9341
83.1790 126.0003
83.2404 125.9924
83.2515 126.0909
83.1843 125.9190
83.2378 125.9980
83.2262 125.8881
83.3391 126.3321
83.1948 126.3018
83.2485 126.2182
83.3787 126.1848
83.2768 126.3759
83.3940 126.4177
83.3381 126.3444
83.2596 126.4532
83.2242 126.2582
83.2232 126.2754
83.3498 126.3268
83.2788 126.2751
83.2889 126.3871
83.2004 126.2610
83.1448 126.0288
83.2693 126.0336
83.3306 126.0354
83.2411 125.8929
83.1771 125.8447
83.2241 125.9721
83.2596 126.0622
83.3296 125.9381
83.2388 125.9664
83.2286 126.0330
83.2604 126.0473
83.1478 125.8390
83.2836 125.9755
83.1575 125.8204
83.1673 125.8811
83.1865 125.9530
83.2791 125.8929
83.2792 125.9626
83.1232 125.8904
83.2315 125.9358
83.2111 125.9049
83.1998 126.0841
83.2197 126.0341
83.1730 126.0690
83.2846 125.9515
83.2388 125.9626
83.2844 125.9528
83.2500 125.9035
83.1028 125.9796
83.2407 126.0483
83.2426 126.1108
83.2269 126.0061
83.2256 125.9385
83.2213 125.9623
83.0850 126.1441
83.1824 125.9990
83.2281 125.9902
83.1206 126.0803
83.2685 126.0400
83.3123 125.9362
83.2095 126.0210
83.2681 125.9794
83.2645 125.9673
83.2154 126.0099
83.2125 125.9868
83.3068 125.9749
83.2346 126.0040
83.2752 126.0315
83.2931 125.9994
83.2648 125.9918
83.2682 125.9750
83.2381 125.9373
83.4296 126.2222
83.2895 126.3713
83.2709 126.3401
83.3349 126.2855
83.2813 126.2914
83.3013 126.3017
83.3866 126.1984
83.3197 126.2865
83.3245 126.2623
83.3750 126.2276
83.2931 126.2344
83.2610 126.3780
83.2996 126.3352
83.2473 126.3054
83.2936 126.2936
83.3510 126.3029
83.2916 126.3191
83.3099 126.3091
83.3073 126.2992
83.2311 126.3427
83.0708 126.2583
82.9423 126.2767
82.8993 126.2538
83.0108 126.2913
82.9993 126.2017
83.0424 126.1862
82.9528 126.1403
82.9719 126.1897
82.9763 126.1642
82.9884 126.1904
82.9552 126.2198
83.0042 126.1951
82.9398 126.1604
82.9894 126.1706
82.9582 126.1323
82.9669 126.1296
82.9358 126.1356
82.9245 126.1608
82.9871 126.1669
82.9840 126.1751
82.9716 126.1291
82.9960 126.1194
83.1620 126.0069
83.3642 126.3656
