19.4459 53.4878
19.3583 53.2732
19.4602 53.1990
19.4152 53.3766
19.5916 53.3415
19.8752 53.5718
20.0074 53.3887
19.7631 53.4707
19.7622 53.4153
19.8256 53.6040
19.8649 53.4449
19.8904 53.4344
19.7826 53.3491
19.8733 53.4420
19.6763 53.3536
19.8484 53.3428
20.1287 53.6132
19.8688 53.2191
20.1648 53.4937
19.7642 53.2472
20.1314 53.4944
19.8755 53.0511
19.8369 53.0959
19.5766 52.9449
19.8346 53.2843
19.5786 53.3670
19.6549 53.3385
19.6065 53.2315
19.7171 53.2302
19.4056 53.4369
19.6336 53.1405
19.5526 53.3838
19.6491 53.2052
19.5907 53.2036
19.5471 53.2554
19.3638 53.2642
19.6003 53.3631
19.4845 53.3284
19.6565 53.4067
19.5408 53.2665
19.6835 53.2475
19.7477 53.3027
19.6598 53.3336
19.6287 53.2543
19.6514 53.3347
19.7527 53.2872
19.5618 53.2928
19.6138 53.3128
19.5820 53.3427
19.5223 53.3379
19.7182 53.3896
19.5435 53.2176
19.6362 53.1727
19.5835 53.3453
19.7288 53.2316
19.4988 53.3668
19.5148 53.4180
19.6202 53.3172
19.6379 53.3252
19.6465 53.3066
19.6153 53.1985
19.5612 53.1916
19.7121 53.2466
19.5878 53.2302
19.6953 53.3617
19.6402 53.3920
19.6406 53.2575
19.6086 53.3286
19.6078 53.2154
19.6323 53.3531
19.7139 53.2588
19.6497 53.1281
19.4346 53.3206
19.6813 53.2488
19.6982 53.3996
19.6358 53.3238
19.7502 53.1864
19.7860 53.2045
19.5837 53.3306
19.6761 53.1421
19.6546 53.1408
19.6409 53.3063
19.6542 53.4100
19.6712 53.2936
19.6071 53.2686
19.7261 53.3781
19.6671 53.2967
19.6880 53.3463
19.6575 53.3082
19.5999 53.3732
19.6683 53.3534
19.6773 53.3109
19.6230 53.3426
19.6177 53.2632
19.6887 53.2505
19.6562 53.3711
19.5792 53.3447
19.5991 53.3319
19.6643 53.2711
19.5824 53.3293
19.6274 53.3128
19.6348 53.3151
19.6478 53.3337
19.6138 53.2950
19.6994 53.3362
19.6221 53.2728
19.6436 53.3508
19.6247 53.2871
19.6205 53.3642
19.6729 53.3109
19.6737 53.3476
19.7070 53.4190
19.6507 53.2961
19.6391 53.3403
19.6192 53.2957
19.6876 53.3107
19.6179 53.3399
19.6541 53.2985
19.6731 53.2633
19.6462 53.3087
19.6275 53.3219
19.6208 53.3233
19.6107 53.3791
19.6116 53.3289
19.6614 53.3556
19.6887 53.3318
19.6421 53.2986
19.6653 53.2828
19.6229 53.3105
19.6502 53.3284
19.6832 53.3763
19.6155 53.3987
19.6265 53.3150
19.6817 53.3491
19.6322 53.3250
19.6669 53.2867
19.6037 53.3616
19.5878 53.3266
19.6953 53.2960
19.6634 53.4181
19.6195 53.2949
19.6903 53.3258
19.6487 53.3378
19.7112 53.2617
19.6604 53.3464
19.6103 53.3572
19.6669 53.2763
19.7079 53.3003
19.6096 53.2607
20.0846 52.9454
19.9401 52.9769
19.8416 53.0683
19.6420 53.1468
19.8467 53.0427
19.8113 52.9855
19.7106 53.2415
19.7596 52.9770
19.5663 53.0281
19.8269 53.1080
19.9698 53.0045
19.8010 52.9744
19.8774 53.2130
19.8749 53.1372
19.8762 53.1318
19.9223 53.1211
19.8251 53.2162
19.7315 53.0638
19.9486 52.9180
20.0485 53.0436
19.8766 53.0498
19.7413 53.0214
20.0317 53.1306
19.7709 53.1772
20.0439 53.0700
19.8917 53.0825
19.8564 53.0601
19.8114 52.9727
19.8660 53.1136
19.8836 53.1017
19.8002 53.3307
19.9481 53.1018
19.8737 53.2089
19.8491 53.0251
19.8050 53.0792
20.0002 53.0572
19.9087 53.1517
19.8008 52.9860
19.9387 53.0064
19.8688 53.0687
19.8135 53.1087
19.9619 53.2026
19.9986 53.1480
19.9035 53.0989
19.9013 53.1361
19.9082 53.0581
19.9491 53.3460
20.0967 53.3134
20.0799 53.3868
20.0305 53.3018
20.1481 53.4712
20.1232 53.4366
19.9195 53.3434
19.9186 53.5829
19.9423 53.5308
20.2145 53.3635
20.0877 53.4290
19.9967 53.4847
19.9179 53.4365
19.9766 53.4562
19.9866 53.3363
19.7532 53.2962
20.0993 53.3216
20.0163 53.4690
19.9073 53.3558
20.0566 53.5687
19.8928 53.3451
19.8767 53.4519
19.9233 53.2298
19.9792 53.4000
20.0478 53.5327
19.9759 53.5172
20.0253 53.3692
20.0979 53.3315
19.8974 53.3019
20.0975 53.2764
19.9094 53.4962
20.0143 53.4568
19.9919 53.3575
20.1172 53.3575
19.8836 53.4493
19.8520 53.4144
19.9709 53.3290
19.9913 53.2278
19.8365 53.4209
19.9409 53.4736
19.8666 53.3712
20.1201 53.2932
19.9097 53.1742
19.9339 53.3944
19.8684 53.3334
19.9452 53.3467
20.0934 53.3904
19.9028 53.4829
20.0531 53.3599
20.0097 53.1961
20.1424 53.4496
20.0139 53.3942
19.6536 53.3201
19.9797 53.4448
19.9567 53.0942
20.1401 53.4375
19.8502 53.2614
19.8965 53.3786
19.8114 53.3737
19.9266 53.1567
19.9758 53.5069
19.9241 53.3655
19.9416 53.4862
19.9970 53.4893
19.8583 53.4537
20.0056 53.3166
19.9164 53.3360
19.8878 53.3320
19.8410 53.2841
19.8394 53.4148
19.9888 53.3184
19.9017 53.3689
20.0153 53.4733
19.9654 53.4983
19.8541 53.4218
20.1770 53.4230
19.7705 53.3382
19.9646 53.3566
19.9672 53.3599
19.9856 53.3715
20.0325 53.3036
