118.6592 164.8217
118.6879 164.8221
118.9939 164.7820
118.8060 164.6932
118.8493 164.9206
119.0845 164.8643
119.1067 165.0751
118.8152 164.6521
118.9079 164.7966
118.7874 164.8253
118.9531 164.8726
118.7587 164.8131
118.6829 165.1386
118.9232 164.8322
118.4921 164.6211
118.8205 164.6255
118.8581 165.0127
118.8314 164.7930
118.6403 164.9096
118.5878 164.8432
118.9286 165.0010
118.8654 164.9030
118.8890 164.8564
118.9704 164.8064
118.8917 164.8136
118.8485 164.7670
118.9963 164.6944
118.9762 164.7708
118.9418 164.9285
118.7635 164.9879
118.7650 164.7223
118.8247 164.9023
118.7001 164.8315
118.8664 164.9191
119.0823 164.8834
118.7670 164.7235
118.9049 164.9655
118.8795 164.7868
118.9115 164.8258
118.8063 164.9057
118.8698 164.8828
118.8981 164.8034
118.9107 164.8502
118.8991 164.6987
118.7418 164.7854
118.8608 164.6915
118.8023 164.7055
118.8948 164.7541
118.6811 164.8356
118.6470 164.8427
118.8534 164.9843
118.7235 164.6817
118.9621 164.7770
118.8100 164.8193
118.9170 164.9311
118.7169 164.9570
118.6079 164.7953
118.6710 164.9570
118.9675 164.7842
118.9805 164.9299
118.6626 164.7465
118.7439 164.7550
118.9350 164.6588
118.7905 164.8668
118.6737 164.8085
118.8975 164.8792
118.9478 164.8173
119.0553 164.8763
118.6562 164.7180
118.9425 164.8609
118.6681 164.9307
118.8441 164.8558
118.6303 164.8308
118.7507 164.7614
118.6401 164.8185
118.9654 164.7318
118.8019 164.7814
118.9755 164.7576
118.9545 164.8232
118.7615 164.6603
118.5226 165.0454
118.6677 164.8885
118.8289 164.8482
118.9695 165.0256
118.8483 164.7983
119.0936 164.8149
118.8135 164.5898
118.8880 164.8987
119.0328 164.9554
118.8399 164.8667
119.0203 164.6750
118.8213 165.0205
118.9214 164.8763
118.9209 164.5957
118.7438 164.7751
118.8507 164.8410
118.8986 164.7222
118.8135 164.8819
118.6638 164.7824
118.9864 164.8664
118.9631 165.0335
118.9805 164.6930
118.8420 164.6190
118.9471 164.7851
119.0788 164.9768
118.7247 164.8864
118.8171 164.8652
118.8938 164.8544
118.9122 164.5838
118.8449 165.0148
118.8596 164.8765
118.8894 164.8907
118.6709 164.7578
118.8359 164.7238
118.7941 164.9031
118.9214 164.9821
118.8762 164.8447
118.5827 164.8256
118.8117 164.6752
118.8096 164.7124
118.7106 164.8072
118.9287 164.8033
118.9156 164.9081
118.9128 164.7479
118.8265 164.9671
118.5759 164.8134
118.4261 164.6119
118.5105 164.8071
118.6433 164.8154
118.4942 164.7316
118.3398 164.6987
118.4283 164.6475
118.5194 164.9367
118.5085 164.5087
118.4530 164.6358
118.3432 164.8045
118.5263 164.7203
118.4840 164.6181
118.5061 164.9147
118.3837 164.6497
118.3104 164.8600
118.3405 164.7181
118.5756 164.7003
118.4385 164.7468
118.5878 164.8115
118.6468 164.6799
118.5086 164.7742
118.3847 164.8779
118.5127 164.8879
118.5500 164.8310
118.6989 164.9682
118.6719 164.6997
118.5948 164.7272
118.5839 164.7508
118.5676 164.7829
118.4685 164.9465
118.5530 164.8713
118.3357 164.7329
118.5312 164.7528
118.7655 164.8908
118.6328 164.9727
118.5616 164.8815
118.6245 164.5913
118.4971 164.9130
118.5402 164.7368
118.4571 164.8010
118.6032 164.8446
118.5940 164.6288
118.7262 164.7280
118.6400 164.8039
118.5418 164.8776
118.5537 164.7100
118.4153 164.7043
118.5816 164.8472
118.7080 164.6634
118.4775 164.7476
118.6699 164.7214
118.3819 164.8073
118.3642 164.7327
118.5097 164.5880
118.4930 164.6728
118.6454 164.7140
118.4893 164.7778
118.4580 164.6890
118.7334 164.8576
118.5004 164.6808
118.5890 164.7487
118.3851 164.7043
118.4937 164.7502
118.5123 164.9769
118.6431 164.7925
118.5575 164.7526
118.5195 164.6832
118.6423 164.7011
118.6545 164.6825
118.5421 165.0287
118.4739 164.6606
118.6792 164.8370
118.5895 164.7219
118.3787 164.6848
118.5187 164.8341
118.5342 165.0987
118.4358 164.5290
118.4169 164.7314
118.5481 164.8929
118.7022 165.0397
118.5614 165.0088
118.3461 164.7539
118.7072 164.9915
118.7096 164.9295
118.6185 164.7986
118.5034 164.7419
118.6490 164.7569
118.6063 164.7793
118.4740 164.7289
118.6364 164.8513
118.6479 164.8899
118.5975 164.8231
118.3932 164.7625
118.7220 164.7061
118.7638 164.9362
118.4503 164.8570
118.6252 164.9278
118.8140 164.7384
118.3906 164.7399
118.4737 164.9164
118.5934 164.9127
118.5662 164.9635
118.5146 164.7881
118.5677 164.8519
118.6334 164.7568
118.5744 164.9192
118.5236 164.8532
118.5179 165.0043
118.5603 164.7203
118.5920 164.7532
118.5775 165.0134
118.5476 164.7744
118.7146 164.8091
118.6546 164.6174
118.6223 164.6881
118.5523 164.7108
118.5549 164.7399
118.4736 164.8593
118.6098 164.8828
118.5256 164.8046
118.5029 164.8857
118.6499 164.7442
118.4971 164.8013
118.6490 164.7802
118.6054 164.8891
118.6735 164.8672
118.4333 164.9088
118.6296 164.8034
118.5924 164.7132
118.7733 164.8312
118.5091 164.8907
118.4160 164.9014
118.5719 164.9070
118.5745 164.8888
118.5315 164.7194
118.5063 164.8031
118.5603 164.6990
118.5984 164.8918
118.5833 164.8458
118.2735 164.7197
118.7035 165.1716
118.6431 165.0870
118.7186 165.1424
118.8715 165.0682
118.8005 165.2153
118.6857 164.9908
118.7048 165.0282
118.9064 165.1285
118.5690 165.0259
118.7391 165.1138
118.8641 165.0107
118.5655 165.1919
118.8148 165.0692
118.8304 165.0979
118.6293 165.0623
118.7311 165.0683
118.6096 165.1848
118.6119 164.9913
119.0785 164.8806
118.8306 164.8262
118.9677 164.7858
118.9250 164.7916
118.7957 164.7863
118.8934 164.7293
118.6491 164.8028
118.9205 164.7117
118.9833 164.8728
118.8060 164.7590
118.9543 164.8582
118.9573 164.9201
118.8745 164.8592
119.0331 164.9353
118.9956 164.8997
118.9523 164.8947
118.9762 164.9341
118.8975 164.8999
118.9703 164.7796
118.9189 164.8131
118.9252 164.8960
118.9189 164.8911
118.8455 164.5922
119.0471 164.8928
118.8302 164.7074
118.9102 164.7363
119.0561 164.7687
118.8663 164.8874
118.8868 164.7846
118.7909 164.9407
118.7542 164.7789
119.0066 164.8919
118.8541 164.8431
118.8760 164.8835
118.9492 164.9115
119.0113 164.8475
119.0033 164.9367
118.8319 164.9097
118.7607 164.9603
118.7414 165.1972
118.6274 165.0733
118.8226 165.0698
118.7924 165.0512
119.0703 165.0210
118.7790 165.0561
118.6222 165.0819
118.8087 165.1587
118.7942 165.1097
118.6788 165.1544
118.5842 165.0910
118.7523 165.1326
118.5723 165.1361
118.6461 164.8444
118.6580 164.7211
118.5021 164.8464
118.8223 164.8433
118.7104 165.1310
118.7405 165.0330
118.7315 165.0865
118.6952 165.1036
118.6581 165.1145
118.7404 165.1199
118.6606 165.0905
118.7767 165.0769
118.7388 165.1540
118.7714 165.0846
118.6977 165.0971
118.9100 164.9650
118.9108 164.9562
118.8867 164.9377
118.9491 164.7786
118.7999 164.8627
118.8994 164.7374
118.9928 164.9199
118.8551 164.7654
118.9826 164.6954
118.7951 164.8374
118.9325 164.8053
118.8347 164.8827
118.9171 164.9122
119.0305 164.7627
118.9410 164.8147
118.7020 164.9040
118.7295 164.8336
118.8875 164.8204
119.0206 164.9044
118.8139 164.8385
118.8602 165.0172
118.6271 164.9523
118.7205 165.2063
118.7087 165.1859
118.7088 164.9925
118.7868 164.9797
118.6348 164.9934
118.7939 165.0628
118.5890 165.1839
118.6085 165.1030
118.9382 165.0783
118.5403 165.1866
118.7730 165.0513
118.7064 165.0364
118.8311 165.2469
118.9071 165.1370
118.9405 165.1896
118.8589 165.2745
118.5449 164.9508
118.7297 165.3316
118.4306 164.9589
118.7137 165.0586
118.6961 165.0535
118.9321 165.0252
119.0123 164.8046
118.9337 164.9742
118.9419 164.8953
118.8108 164.8668
118.9505 164.8244
118.8167 164.8682
118.9708 164.9080
118.9073 164.9323
118.9574 165.0080
118.9218 164.8901
118.8653 164.9050
118.9624 164.9297
118.8282 164.7526
118.8282 164.9661
118.8655 165.0905
118.9318 164.9065
118.9735 164.8174
118.9208 164.7859
118.9518 164.9012
118.7908 164.9511
118.9388 164.9486
118.9265 165.0035
118.9217 164.9265
118.9927 164.8823
118.9896 164.9655
118.9960 164.8576
118.9730 164.9291
118.8686 164.9058
118.9040 165.0186
118.9891 164.8413
118.9137 164.9812
119.0564 164.9241
119.0683 164.9804
118.7989 164.9164
119.0141 164.8396
118.8093 164.9570
118.9256 164.8844
118.8433 164.8824
119.1276 165.0356
118.9329 164.8395
119.0863 164.9047
118.9802 164.8262
118.9636 164.8760
119.0514 165.0747
119.0821 164.9074
119.0359 164.7808
118.9584 164.8694
118.9740 164.8283
119.0324 164.8921
118.9340 164.9220
119.0515 164.9398
118.8795 164.8567
119.0308 164.9029
118.9392 164.9162
118.9064 164.9297
118.8922 165.0002
118.8222 164.8036
118.9242 164.9180
118.7858 164.8773
118.9729 164.8657
119.0835 164.9057
118.8187 164.8771
118.8726 164.9724
118.8634 164.8376
118.8348 164.8866
119.0465 164.9146
118.9708 164.9748
118.9305 164.9835
118.9736 164.8431
119.0892 164.7771
118.8342 164.9240
118.8658 164.9993
118.9224 164.9521
118.9604 164.9597
118.8751 165.0566
118.8422 164.8747
119.0544 164.9453
118.9673 164.9742
118.9847 164.8741
118.9426 164.9139
118.8977 164.8772
118.8747 164.8886
119.0840 164.8022
118.8747 164.9877
118.8860 164.8808
118.9317 164.8085
118.9859 164.8996
118.9108 164.8302
118.9297 164.8849
119.0908 164.9622
118.8307 164.6585
119.0007 165.0080
118.9963 164.8779
119.0030 164.8121
118.9593 164.9928
118.9307 164.8220
118.9650 164.9965
118.9076 164.8018
118.9494 164.9181
119.0625 164.8408
118.6492 164.8971
119.0392 164.9284
118.9932 165.0096
119.0476 165.0324
118.8984 164.8630
118.9423 164.9400
119.0347 164.9145
118.9079 164.9173
118.9482 164.8787
118.9197 165.0346
118.9360 165.0051
118.9764 164.8821
118.8789 165.0972
118.9654 164.7066
118.9421 164.9968
118.9619 164.9359
118.8843 164.9200
119.0852 164.8992
118.7464 164.8631
118.9682 165.0255
118.6192 164.9591
118.8067 165.0817
118.9079 164.8941
118.8562 165.2179
118.7781 164.9268
118.6433 164.8962
118.8239 164.9073
118.6600 164.7916
119.0456 164.9513
118.7917 164.8851
118.9161 164.9047
118.9748 164.8840
118.5998 164.8811
118.8728 164.8722
118.9349 164.8668
118.9390 164.8832
118.9637 164.8699
118.9065 164.8905
118.9504 164.8517
118.8376 164.9180
118.9218 164.9172
118.8997 164.9012
118.9865 164.8916
119.0033 164.9233
118.9086 164.8769
118.8799 164.7994
118.8863 164.8746
118.6772 164.7807
118.3314 164.8235
118.6819 165.1001
118.7852 165.1019
118.7161 165.1195
118.7237 165.1703
118.5938 165.0649
118.6840 165.1751
118.7966 165.1529
118.5725 165.1879
118.7060 165.0428
118.7150 165.0582
