103.0611 141.8086
103.2100 141.7814
103.1302 142.0314
103.1309 141.7187
102.7669 141.7355
103.2411 141.8386
103.2029 141.8872
103.0741 141.7784
103.0645 141.9389
103.1987 141.8309
103.2516 141.6954
103.0605 141.7705
103.1385 141.7176
103.1002 141.9544
103.4112 142.0442
103.1377 141.9703
102.7749 141.9954
103.0999 142.1070
103.0342 141.9721
102.9463 141.9242
102.7678 142.0178
102.8086 142.0572
102.7560 141.9714
102.8218 141.9329
102.8088 142.0249
102.8073 142.0603
102.7709 142.2231
102.7026 142.0277
102.9570 141.8604
102.8583 142.0511
102.7903 142.1193
102.6498 142.1306
102.7531 141.9068
102.8350 141.9583
102.7299 142.0271
102.8194 141.9278
102.7150 141.9365
102.8097 142.1095
102.8225 142.0504
102.9058 142.0348
102.8672 141.9664
102.8678 142.0303
102.8900 142.0284
102.7688 141.9309
102.8892 141.9866
102.8770 142.0565
102.8323 142.0510
102.8569 141.9952
102.8403 142.0560
102.9050 141.9988
102.8171 142.0165
102.7396 141.9670
102.9711 142.0344
102.9129 141.9611
102.8690 142.0140
102.9488 142.0109
102.9311 141.9978
102.9221 142.0108
102.7259 141.9475
103.2740 141.6447
102.9608 141.8803
103.3199 142.3099
103.0869 142.0671
103.2048 142.3591
103.2388 142.1238
103.1591 142.0686
103.3469 142.0787
103.0117 142.1918
103.2068 142.1384
103.2836 142.2986
103.4703 142.0646
103.2688 142.0834
102.9849 142.3465
103.1077 142.1457
103.2975 142.2975
103.1696 142.1004
103.1004 142.1186
103.0381 142.1384
103.3594 142.0020
103.1263 142.1976
103.0226 142.1056
103.1379 142.2670
103.2564 142.4190
103.3398 142.2284
103.3367 142.1312
103.3321 142.0996
103.1933 142.1487
103.2376 142.1434
103.2850 142.2805
103.2226 142.1872
103.3176 142.0805
103.2085 142.0552
103.2667 142.1092
103.2647 142.0678
103.1602 142.2517
103.2905 142.2346
103.3547 142.2588
103.3090 142.0929
103.3002 142.2145
103.3121 142.1310
103.2017 142.0567
103.3299 142.0169
103.3493 142.1790
103.2776 142.1522
103.2404 142.2659
103.2132 142.3172
103.3738 142.1463
103.3733 142.1224
103.3205 142.1573
103.2363 142.1065
103.4287 142.2264
103.2418 142.1856
103.3641 142.1809
103.2974 142.0311
103.2470 142.1249
103.3080 142.0611
103.3552 142.2089
103.0938 142.0492
103.2537 142.1581
103.2995 142.0628
103.2833 142.1159
103.4441 142.1424
103.1571 142.1003
103.2528 142.0638
103.4891 142.2897
103.3823 142.1271
103.4042 142.1552
103.2955 142.1421
103.2953 142.2298
102.9212 142.0609
103.0566 141.9764
102.9787 142.0343
103.0385 142.0275
103.0393 142.0343
102.9609 141.8679
102.9250 142.0288
102.9487 142.0818
102.8531 142.1445
102.8297 142.0840
102.8733 141.9060
103.0886 141.9244
102.9601 142.1373
102.9544 141.9665
102.9584 142.2055
103.1094 142.1053
103.0479 141.9570
103.0428 142.0274
103.0387 141.9509
103.0244 142.0620
102.9839 142.1540
103.1832 142.0142
102.9700 142.0843
102.9947 141.9589
102.8586 141.9890
102.9009 142.0491
102.9148 141.9413
102.8958 142.1133
103.0320 141.9240
102.8249 142.0949
102.9480 142.0648
103.0166 142.0556
103.1273 142.1309
102.9659 141.9578
102.9300 141.8862
103.0496 141.9675
102.7613 142.0248
102.9897 141.9192
103.0106 142.0952
103.0190 142.1195
103.0713 142.0102
102.9286 142.1550
102.8768 142.1342
102.9640 142.0408
103.0558 142.1587
102.9795 142.0510
102.9696 141.9670
102.7479 141.8315
102.9936 142.0685
102.9341 142.0477
102.8917 142.0650
102.8295 142.0735
103.0327 141.9464
103.2355 141.9313
103.1256 141.9268
102.9620 141.8741
102.9497 142.0220
103.0168 142.0340
102.9476 142.0215
103.0319 141.8694
102.9445 141.9441
102.8936 141.8398
103.0074 141.9779
102.8846 141.9702
102.9634 141.9447
102.8973 142.0204
103.0517 142.1120
102.9129 142.0226
103.0264 142.0965
103.0163 142.0974
103.0029 142.0182
103.0494 141.9522
103.0422 142.0231
103.0184 142.1905
103.0921 142.0039
103.0269 142.0771
103.1228 142.0445
102.9544 142.1565
103.1262 142.0573
102.9055 142.0973
103.0362 142.0650
102.9351 142.0855
102.8859 142.1745
102.9666 141.9983
103.0367 142.1442
102.8366 141.9368
102.9305 142.0851
102.9811 141.9956
102.9583 142.1559
103.0722 142.0622
103.1686 142.0911
102.8210 141.9416
103.0913 142.0705
103.0201 141.9616
102.9281 142.0210
103.0090 142.0780
103.0225 142.0722
102.8223 142.1363
103.0924 141.9478
102.8798 142.0558
103.0381 142.0251
102.9709 142.0661
102.8317 142.0752
102.9698 142.1702
102.8484 141.9667
102.9526 141.9104
102.9125 142.1322
102.9662 141.9917
102.9392 142.0066
103.1167 142.0538
103.1358 142.0572
103.0418 141.9710
102.9439 142.0326
102.9485 142.0712
103.2608 142.4999
103.4146 142.4586
103.3340 142.0755
103.3029 142.1735
103.3143 142.1310
103.4797 142.0257
103.3187 142.2592
103.1696 142.0344
103.2368 142.1261
103.4071 142.1543
103.3165 142.0527
103.2719 142.2169
103.3701 142.0896
103.3159 142.0836
103.2994 142.0110
103.3113 142.0918
103.2243 142.3425
102.9982 142.1043
103.3099 142.1932
103.3018 142.2843
103.4491 142.1233
103.3460 142.0357
103.3046 142.1844
103.2799 142.1411
103.2767 142.0775
103.3146 141.9960
103.4316 142.0560
103.3056 142.0733
103.3634 142.0959
103.2901 142.3886
103.3337 142.2220
103.2444 142.2324
103.3072 142.2195
103.3045 142.0427
103.3187 142.0924
103.4558 142.2440
103.3870 142.1684
103.4763 142.1226
103.1310 142.2439
103.3384 142.2181
103.3314 142.1729
103.4093 142.2258
103.2803 142.0649
103.3291 142.1424
103.3798 142.0427
103.3323 142.2921
103.3896 142.0839
103.2618 141.7281
103.3198 142.0390
103.3384 142.0305
103.3291 142.1945
103.3305 141.9663
103.3476 142.1015
103.1920 142.3107
103.2646 142.1243
103.3683 142.0490
103.2390 142.2206
103.3408 142.1244
103.1729 142.1951
103.2397 142.2211
103.4376 142.2779
103.2924 142.0196
102.9432 142.1669
102.9355 142.0002
103.0635 142.0037
102.9077 142.0198
103.0176 142.0012
102.8163 142.0551
103.0143 142.0168
103.0206 142.0662
103.1358 142.1281
103.0840 142.1018
103.0329 141.9421
102.9813 142.0583
102.8729 141.8345
103.0704 142.0969
102.9025 142.1193
103.1906 142.0450
103.0115 142.1717
103.0046 142.0994
103.0299 141.9059
103.0135 142.0723
103.0184 142.2200
103.0316 142.1081
102.9072 142.0609
102.8976 142.0171
103.0817 142.1059
103.0893 141.9677
102.8543 142.0006
103.0092 142.0711
102.9116 142.1253
102.9619 141.9695
103.0073 142.1133
103.0128 142.1996
103.1238 141.9782
102.9423 141.9952
102.9195 142.0014
102.9861 141.9194
103.0644 142.0269
103.0990 142.0702
102.9817 142.0477
102.9124 141.9201
102.8763 142.0777
103.0308 142.1629
103.0249 142.1302
103.0726 142.1578
103.0152 142.0936
103.1214 142.0390
103.1285 142.0165
102.9415 141.9192
102.9200 142.3642
103.2228 142.0686
103.3449 142.2834
103.2335 142.2057
103.2367 141.9774
103.2811 142.0527
103.2731 142.0328
103.3692 142.1459
103.3048 142.1055
103.3859 142.1381
103.1831 142.1570
103.4751 142.1435
103.2672 142.1702
103.2717 142.0560
103.2736 142.2619
103.3820 142.0783
103.3143 142.1388
102.9492 141.9728
102.9502 142.1834
102.8939 142.1279
102.9548 142.1342
102.9424 142.1407
102.9413 142.0041
103.0276 141.9901
103.1182 142.1087
103.1870 142.1524
103.1084 141.9705
103.0561 141.8688
102.9922 141.9277
103.0931 142.1755
102.7177 142.2600
103.2897 142.3333
103.1986 142.1900
103.2211 142.2558
103.3268 142.1119
103.1938 142.2316
103.2695 142.2246
103.3220 142.3791
103.2558 142.1630
103.2029 142.2314
103.2438 142.2260
103.2875 142.1772
103.2536 142.1961
103.3296 142.2887
103.2040 142.2521
103.3081 142.2951
103.2227 142.2095
103.1662 142.0362
103.3320 142.1375
103.2874 142.2525
103.2588 142.2190
103.3356 142.2208
103.2735 142.1000
103.2357 142.2608
103.2730 142.0091
103.2531 142.1880
103.1746 142.2652
103.2068 142.2081
103.1899 142.1403
103.0829 142.2899
103.2941 142.0571
103.2795 142.2895
103.1096 142.0410
103.3333 142.2885
103.3437 142.4293
103.3288 142.0506
103.0748 142.1804
103.4048 142.2788
103.2403 142.1302
103.3698 142.2595
103.2408 142.1635
103.1974 142.3612
103.0957 142.2833
103.2491 142.2572
103.2846 142.2162
103.1734 141.9778
103.1118 142.2462
103.0886 142.1742
103.3460 142.1132
103.4334 142.1767
103.3468 142.2789
103.3638 142.2442
103.3545 142.2917
103.1354 142.0682
103.2279 142.3590
103.4195 142.1718
103.2773 142.4234
103.3131 142.3745
103.2500 142.0322
103.1013 142.0840
103.1781 142.2395
103.2740 141.8873
103.6176 142.1852
103.2606 142.0470
103.0933 141.9723
103.2161 142.0399
103.3040 142.2464
103.5130 142.2678
103.4638 142.1836
103.1429 142.0510
103.4764 142.0723
103.3343 142.1375
103.1127 142.2092
103.2282 142.1569
103.0774 142.1280
103.3194 142.2721
103.1997 142.3392
103.3416 142.0031
103.3376 142.4897
103.2636 142.4405
103.2029 142.2682
103.3481 142.0871
103.1980 142.2660
103.2885 142.2522
103.2159 142.1302
103.4112 142.2169
103.3696 142.1934
103.2497 142.2005
103.2760 142.3992
103.2953 142.2025
103.3509 142.1508
103.3206 142.0960
103.3885 142.3645
103.2211 142.1425
103.2488 142.0640
103.4367 142.2350
103.2839 142.0743
103.4422 142.2270
103.2465 142.2325
103.2878 141.9961
103.4811 142.2246
103.3437 142.1673
103.4215 142.0270
103.3818 142.1159
103.4907 142.2661
103.4251 142.2221
103.3344 142.1748
103.2727 142.4087
103.3385 142.2326
103.3465 142.2413
103.2697 142.2752
103.3216 142.1059
103.3030 142.1803
103.3397 142.0970
103.2171 142.2550
103.3468 142.1643
103.3165 142.2189
103.2962 142.2846
103.2387 141.9872
103.4691 142.3035
103.3389 142.1932
103.3545 142.1682
103.2027 142.2162
103.4457 142.2166
103.2789 142.2168
103.2916 142.0728
103.3773 141.7661
103.2716 141.9162
103.3085 141.9451
103.2906 141.8849
103.2495 141.8421
103.3451 141.9762
103.3841 141.7302
103.3420 141.8673
103.4058 141.9241
103.3517 141.8529
103.3438 141.7748
103.3669 141.9133
103.2850 141.9383
103.3350 141.9738
103.3360 141.7645
103.2938 141.9477
103.3486 141.8716
103.3073 141.8576
103.4160 141.9935
103.3096 141.9086
103.2188 141.8804
103.3012 141.8021
103.2892 141.8477
103.3942 141.7982
103.3050 141.8790
103.2289 141.8197
103.2444 141.9254
103.2289 141.7358
103.2688 141.9373
103.3843 141.7236
103.3955 141.8633
103.4897 141.9074
103.3284 141.8592
103.3069 141.8440
103.3971 141.8301
103.3679 141.8927
103.2231 141.8727
103.3649 141.8573
103.3605 141.8478
103.2997 141.9346
103.2428 141.7674
103.3720 141.8840
103.3768 141.7890
103.3324 141.7776
103.2957 141.9100
103.3525 141.8674
103.3706 141.8907
103.1385 141.8062
103.2126 141.8052
103.2323 141.7919
103.2232 141.8466
103.2905 141.8605
103.2662 141.8252
103.3151 141.8345
103.2806 141.8534
103.2273 141.7871
102.9879 142.1441
102.9673 142.0683
103.0661 142.0508
102.8222 142.0059
103.0986 142.0155
103.0621 142.0800
103.0255 141.9650
102.9901 142.0923
102.8841 142.0082
103.0300 142.0782
102.9561 142.1252
103.0307 141.9487
103.1085 142.1146
102.9393 142.0997
103.0057 142.0204
102.9290 142.1221
103.0471 142.0640
102.9126 142.2211
103.0296 142.0616
103.1615 142.0336
103.1667 142.1988
103.1086 142.2956
103.0678 142.1460
103.0570 141.9854
103.0509 141.9767
103.0246 141.9878
103.1064 142.0055
103.0234 142.0350
103.0057 142.0071
103.0040 142.0300
103.0353 142.1012
102.9709 142.1108
102.9885 142.0101
103.0579 142.0445
103.2999 141.6362
103.2395 141.8080
103.2922 141.8953
103.3051 141.8643
103.3432 141.9028
103.3203 141.8845
103.2865 141.8445
103.3281 141.8889
