99.0831 139.8014
98.9587 139.8703
98.9710 140.0295
99.2091 139.7754
99.0738 139.7154
99.0121 139.6440
98.8462 139.7252
99.0989 139.8205
99.0539 139.7679
98.9095 139.7940
99.0628 139.7845
98.9188 139.6166
99.0603 139.8562
99.0342 139.7244
99.0180 139.7681
99.1047 139.8003
98.8375 139.7426
99.2519 140.0410
98.7981 139.6753
99.2688 139.7772
99.1476 139.9072
98.8776 139.7709
98.9388 139.6313
98.8500 139.9032
98.8310 139.8992
99.2219 139.8388
98.9008 139.5662
99.0162 139.8149
99.0952 139.8054
99.1062 139.8056
99.0284 139.8450
99.0149 139.7823
98.9406 139.6718
99.0155 139.5672
99.1770 139.7581
99.2673 139.7717
99.1493 139.8532
98.9852 139.7361
99.0467 139.7339
98.9229 139.7139
99.2168 139.7822
99.0388 139.8465
99.0806 139.7010
99.1046 139.8426
99.2341 139.7538
99.2275 139.7413
99.0442 139.8463
98.9817 139.6735
99.1304 139.7950
99.1095 139.6744
99.0259 139.6641
99.0974 139.7065
99.1226 139.8163
99.1604 139.7670
99.0534 139.8799
99.2218 139.7401
99.1646 139.7537
99.1047 139.7293
99.0433 139.7353
99.1590 139.7446
99.1446 139.7582
99.1732 139.7277
99.1727 139.6505
99.1669 139.7486
99.1046 139.7314
99.1663 139.6934
99.2155 139.7462
99.1648 139.7823
99.1564 139.7556
99.1491 139.7989
99.0724 139.7633
99.2091 139.7250
99.0741 139.7248
99.1313 139.7923
99.1017 139.8096
99.1330 139.8033
99.1136 139.7584
99.1053 139.6560
99.3667 139.7842
99.5823 139.7845
99.2754 139.8165
99.4983 139.7466
99.3831 139.6278
99.4759 139.7392
99.3547 139.7845
99.2726 139.8627
99.4729 139.5919
99.5295 139.6970
99.4055 139.6453
99.2727 139.7242
99.3285 139.6412
99.4585 139.7095
99.3739 139.7377
99.4267 139.8087
99.3268 139.6547
99.5073 139.7465
99.3596 139.6978
99.4471 139.7377
99.3741 139.7352
99.3572 139.7012
99.4358 139.7470
99.4194 139.7646
99.2728 139.6889
99.2896 139.6573
99.3936 139.6361
99.1886 139.4773
99.2099 139.3327
99.1884 139.4857
99.1592 139.5240
99.3711 139.6109
99.2989 139.5777
99.2075 139.4760
99.1991 139.5021
99.1218 139.4793
99.2466 139.4785
99.3551 139.5484
99.1891 139.4451
99.1447 139.5079
99.1817 139.5968
99.2950 139.3254
99.2078 139.6281
99.4345 139.6147
99.3839 139.4205
99.2453 139.7197
99.3138 139.4032
99.2048 139.5674
99.3067 139.5444
99.2175 139.3781
99.1552 139.4128
99.1283 139.3641
99.0924 139.6643
99.2446 139.6753
99.3406 139.6255
99.3513 139.4662
99.3156 139.4989
99.1274 139.4124
99.1844 139.6523
99.3166 139.6181
99.0819 139.3948
99.0819 139.5599
99.1537 139.7447
99.1860 139.6225
99.2172 139.7127
99.2635 139.6860
99.1779 139.5072
99.3919 139.5575
99.3959 139.4781
99.2913 139.4994
99.3776 139.4814
99.2028 139.2701
99.1628 139.4534
99.3218 139.5188
99.3291 139.5022
99.2625 139.5448
99.3244 139.5590
99.1396 139.6150
99.0631 139.7514
99.2310 139.5443
99.2709 139.6004
99.3311 139.6150
99.2278 139.5331
99.3174 139.4596
99.2949 139.5340
99.2640 139.5536
99.3628 139.5434
99.3539 139.5053
99.2973 139.5264
99.2708 139.5366
99.3102 139.5466
99.2737 139.4855
99.3058 139.5100
99.2664 139.5526
99.2621 139.5415
99.2878 139.7455
99.3490 139.5439
99.2272 139.5881
99.4704 140.0395
99.3204 139.7500
99.3916 139.7018
99.4852 139.7496
99.5146 139.7658
99.4574 139.7698
99.3863 139.7903
99.3770 139.6650
99.3177 139.5971
99.5327 139.7108
99.6432 139.8390
99.3926 139.7495
99.5423 139.7207
99.3817 139.9039
99.4430 139.6658
99.3386 139.7544
99.4331 139.7114
99.4335 139.8460
99.4642 139.7004
99.4400 139.7505
99.4606 139.7762
99.3827 139.7852
99.3733 139.8008
99.4635 139.8508
99.2808 139.5977
99.1640 139.6145
99.2335 139.4311
99.1263 139.5255
99.1750 139.4991
99.2428 139.5062
99.3092 139.5215
99.3048 139.5595
99.2691 139.5573
99.3019 139.5031
99.2610 139.5447
99.2551 139.5595
99.2808 139.5531
99.2454 139.5647
99.2763 139.5138
99.1808 139.5220
99.3621 139.5420
99.2558 139.5576
99.2300 139.5590
99.2573 139.4949
99.2191 139.4895
99.2409 139.5665
99.2973 139.5461
99.2492 139.5976
99.2910 139.5505
99.1953 139.5424
99.3140 139.4500
99.1933 139.4744
99.2204 139.5523
99.2683 139.5580
99.1893 139.4199
99.2765 139.5800
99.1730 139.5047
99.2320 139.5876
99.2627 139.5325
99.2584 139.5646
99.2671 139.4725
99.2972 139.5118
99.1472 139.4557
99.3993 139.8347
99.4516 139.8656
99.4072 139.8226
99.4279 139.6717
99.5453 139.7114
99.3562 139.7750
99.4653 139.7357
99.3825 139.7728
99.4352 139.7649
99.4306 139.8274
99.3521 139.6337
99.2797 139.6093
99.2800 139.5726
99.3419 139.5677
99.2589 139.5697
99.1052 139.4379
99.1894 139.4707
99.2683 139.5424
99.0868 139.5331
99.2543 139.5747
99.1979 139.5125
99.1972 139.5918
99.3088 139.5143
99.2153 139.4194
99.2032 139.5075
99.2638 139.6852
99.3676 139.5629
99.3165 139.5169
99.1889 139.4485
99.2781 139.5462
99.2536 139.5136
99.2423 139.5692
99.2479 139.6058
99.2687 139.6103
99.3205 139.6596
99.3329 139.7101
99.2687 139.5255
99.2192 139.5280
99.3409 139.5480
99.2283 139.5445
99.3246 139.7221
99.1001 139.6228
99.2831 139.4797
99.1426 139.3921
99.3532 139.5742
99.2471 139.3632
99.3057 139.3589
99.2389 139.4648
99.2939 139.5957
99.2205 139.5686
99.3834 139.4811
99.2582 139.8540
99.3329 139.5121
99.4261 139.6127
99.2817 139.6510
99.1737 139.4062
99.2102 139.6404
99.3772 139.5990
99.2614 139.5007
99.1923 139.3839
99.4405 139.3936
99.1577 139.5261
99.1819 139.5554
99.0193 139.5291
99.2672 139.5719
99.2648 139.3467
99.2004 139.3681
99.0896 139.5207
99.2997 139.4688
99.0887 139.4675
99.2060 139.5125
99.1982 139.6652
99.3763 139.5438
99.3173 139.5751
99.1807 139.5606
99.3386 139.4310
99.2405 139.5534
99.3219 139.6517
99.1523 139.4119
99.2384 139.5201
99.1794 139.6186
99.2386 139.4610
99.3228 139.5900
99.2379 139.6054
99.2727 139.6222
99.3553 139.4116
99.1454 139.5107
99.1732 139.5056
99.2820 139.4834
99.2604 139.5700
99.2723 139.5039
99.3199 139.4947
99.2374 139.4969
99.2299 139.5979
99.2029 139.4098
99.3174 139.6563
99.2541 139.5000
99.1678 139.5748
99.3149 139.3829
99.4641 139.5857
99.4577 139.6074
99.4113 139.5555
99.3431 139.5040
99.1273 139.5877
99.2540 139.5177
99.1874 139.5009
99.2123 139.4463
99.4704 139.8398
99.4382 139.7255
99.4106 139.7838
99.4607 139.7259
99.2889 139.8581
99.3529 139.5497
99.3298 139.6798
99.2711 139.4900
99.2481 139.3556
99.2306 139.5056
99.4925 139.5311
99.2777 139.4547
99.3693 139.4998
99.2780 139.6016
99.2903 139.4838
99.3289 139.5390
99.2370 139.5869
99.2567 139.5811
99.2833 139.6048
99.3070 139.4585
99.2868 139.7112
99.2146 139.6830
99.0238 139.9234
99.1018 139.8585
