163.0791 140.5752
163.0923 140.5328
163.0842 140.6044
163.1365 140.6358
162.9633 140.6061
163.3762 140.6407
162.8993 140.4245
163.2812 140.6312
163.3501 140.7009
163.1840 140.6040
162.8011 140.4365
163.0615 140.6638
163.0242 140.6301
163.2495 140.4412
163.1526 140.3533
163.2288 140.3352
162.9840 140.3414
162.6697 140.4564
163.0463 140.6742
162.5856 140.5408
163.2855 140.7540
163.0690 140.4296
163.1453 140.4690
162.9527 140.5956
163.1222 140.5815
163.1107 140.5956
162.7774 140.7485
162.7251 140.6528
162.7621 140.7070
162.9821 140.7825
162.5511 140.7461
162.6976 140.7234
162.8743 141.1230
162.7391 140.8480
162.5131 140.6195
162.9422 140.9439
162.7114 140.5574
162.6299 140.7935
162.7029 140.8568
162.6293 140.6229
162.6236 140.7446
162.6862 140.9118
162.7927 140.7166
162.9182 140.7350
162.8107 140.7540
162.5144 140.6508
162.7576 140.7382
162.6988 140.7444
162.6327 140.7640
162.9163 140.8223
162.7918 140.8809
162.7919 140.8529
162.8785 140.7115
162.6333 140.7095
162.4917 140.8349
162.6083 140.7274
162.9467 140.9301
162.7687 140.9681
162.6188 140.7041
162.9228 141.0728
162.9823 140.9353
162.5426 140.6816
162.8901 140.9534
162.6946 140.7456
163.0747 140.6776
162.6002 140.7535
162.7966 141.0429
162.6058 140.8779
162.7616 140.7955
162.8448 140.8906
162.8081 140.6717
162.5744 140.6231
162.6538 140.7780
162.7323 140.9284
162.9660 140.3888
162.6865 140.7332
162.9346 140.7032
163.0024 140.5851
162.6234 140.5859
162.7820 140.5745
162.6638 140.7546
162.5843 140.6562
162.8922 140.6855
162.8706 140.5740
162.6238 140.7365
162.9558 140.6114
162.8346 140.7711
162.6891 140.7637
162.8847 140.9560
162.8779 140.7294
163.0351 141.1388
162.8293 140.8214
162.7491 140.6794
162.6702 140.7893
162.8566 140.6614
162.5606 140.7972
162.7532 140.5451
162.6487 140.8611
162.7821 140.6960
162.7582 140.9340
162.7583 140.4999
162.7847 140.8827
162.5746 140.9547
162.8945 140.7723
163.0638 140.6478
162.7886 140.8400
163.0552 140.4635
163.0487 140.7457
162.8620 141.1720
163.0210 140.6759
162.8845 140.5696
162.7142 140.5198
162.9790 140.5698
162.8880 140.7743
162.5430 140.6244
162.5656 140.8479
162.7514 140.7562
162.9417 140.6788
162.8571 140.9017
162.8268 140.6432
163.0747 140.5010
162.7576 140.8394
162.7065 140.8526
162.6755 140.9098
162.6757 140.5893
162.5555 140.6971
162.7265 140.6730
162.7746 140.6674
162.9017 140.6124
162.8541 140.6386
162.6612 140.6725
162.6706 140.7839
162.8162 140.7157
162.8116 140.6525
162.7276 140.6410
163.0864 140.8371
162.7633 140.6243
162.8300 140.6186
162.8692 140.5868
162.9032 140.6935
162.8154 140.7014
162.8267 140.7375
162.7184 140.6025
162.6426 140.8967
162.8227 140.7173
162.9827 140.8309
162.9432 140.7003
162.9035 140.8492
163.1163 140.7925
162.7925 140.8275
162.8456 140.7875
162.8675 140.6630
162.5775 140.6621
162.4930 140.7385
162.9800 140.9609
162.8340 140.6680
162.6205 140.6709
162.8209 140.6267
162.8970 140.7726
162.7724 140.8072
162.8448 140.6252
162.7670 140.7925
162.7933 140.6617
162.7956 140.5162
162.6969 140.6853
162.8733 140.8000
162.8712 140.7042
162.7516 140.7935
162.8570 140.6243
162.8528 140.6348
162.6201 140.8180
162.7684 140.6476
162.9622 140.7904
163.0752 141.0812
162.9822 140.7275
163.1005 141.0634
163.2515 140.9912
163.4272 140.7265
163.1224 140.7929
163.1269 141.0341
163.1958 140.8594
163.2540 140.9057
163.1205 141.0949
162.8786 140.9005
163.2311 140.9508
163.0916 140.9705
163.4554 140.8745
163.3027 140.7921
163.3860 140.6154
163.0610 141.1641
163.1863 141.1049
163.3846 140.9953
163.1752 141.0647
163.1920 140.9176
163.0217 140.8738
163.1129 140.9820
163.1969 140.8960
163.1164 140.9241
163.1014 140.9417
163.1343 140.9681
163.1485 140.8141
163.0210 140.9867
163.1965 140.8426
163.1276 140.9364
163.0163 140.8884
163.0953 140.9007
163.1013 140.8567
162.9507 140.8934
163.0389 140.9220
163.0728 140.9854
163.1349 140.9246
163.0475 140.8876
163.0578 140.9391
163.1214 140.9781
163.0429 140.9651
162.9394 140.8430
163.0338 140.8934
163.1126 141.0379
163.0987 140.9638
163.0741 140.8338
163.0780 141.0499
163.0747 140.8523
163.0896 140.9684
162.8994 140.9071
163.0025 141.0220
163.2997 141.0025
163.0571 140.8676
163.0508 140.8763
163.1384 140.8517
163.1449 140.9114
163.0432 140.9597
163.0657 140.8855
162.9601 140.8790
163.0173 140.9277
163.0666 140.7587
163.0770 140.8721
163.0836 140.9928
162.9708 140.9204
163.1107 140.9114
163.0762 141.0202
163.0792 140.9193
163.0348 140.8371
163.0529 140.8862
163.0903 141.0066
163.0027 140.8295
163.0677 140.8454
163.1796 140.9142
163.0429 140.8373
163.1062 140.9191
163.0522 140.9345
163.1176 141.0308
163.0285 140.8825
163.0378 140.8532
163.0593 140.9884
163.0507 140.9028
163.1117 140.8213
163.3348 141.0259
162.9517 140.5796
162.9910 140.8764
163.0690 140.8522
163.0835 141.0036
163.1455 140.6888
163.0260 141.1717
163.3950 140.9075
163.0020 140.9665
163.0808 140.7871
163.2424 140.9077
162.6637 141.0164
163.1087 140.8808
162.9291 140.8260
163.1527 141.0911
163.0474 140.7454
162.8214 140.8282
163.2920 140.6600
163.2641 141.1385
163.2401 140.5976
162.6940 140.9403
162.8405 140.9906
163.1263 140.9137
163.2048 140.9973
163.2176 140.6663
163.4348 140.8775
162.8418 141.2128
163.1824 141.0551
163.0776 141.0553
163.1941 140.7534
163.0821 141.0563
162.9977 141.0143
163.0939 140.3089
163.3026 141.0567
163.2432 141.1509
163.0251 140.9794
163.0754 140.8790
162.9769 141.0657
163.1422 140.9393
163.1679 140.9688
163.2080 140.8935
163.1244 140.9359
163.2874 140.4780
162.9317 140.5078
163.1364 140.5444
163.4415 140.6660
162.9870 140.4827
163.1577 140.5175
163.0073 140.7354
163.2187 140.7024
163.2739 140.6997
163.2020 140.6728
163.0769 140.5152
163.0500 140.4767
163.1781 140.5436
162.9774 140.6337
162.8541 140.5911
163.2755 140.4455
163.3938 140.6809
163.2112 140.5430
163.1944 140.7137
163.1082 140.6513
163.1369 140.4944
162.8918 140.5829
163.0530 140.8813
163.2701 140.7493
163.0235 140.7280
163.2159 140.5647
163.0917 140.5922
162.9883 140.5666
162.8812 140.3685
163.3047 140.8401
163.1046 140.4149
163.4313 140.5869
163.2456 140.4842
163.1109 140.7192
162.9979 140.5893
163.1732 140.4416
163.1407 140.5425
163.0728 140.5141
163.1692 140.4841
163.0220 140.4327
163.0685 140.4405
163.1885 140.4905
163.1160 140.4516
163.0779 140.5890
163.2536 140.4047
162.7026 140.5345
163.1388 140.4407
162.9125 140.5408
162.9769 140.2911
163.1555 140.7009
163.0382 140.6082
163.1700 140.3702
163.0944 140.6002
163.0824 140.9299
163.0921 140.8628
163.1946 140.8708
163.0261 140.8983
162.9073 140.9903
163.4720 140.8093
163.1003 141.0967
163.0193 141.0241
162.8430 140.8635
163.0085 140.7321
163.2791 140.6466
163.1196 140.8038
163.2920 140.9777
163.2552 141.1372
163.1172 140.8027
162.9582 140.8656
163.0306 140.8492
163.2349 140.5947
163.3428 140.6043
162.9676 140.8448
163.2899 140.8612
163.1742 140.9849
163.0173 140.9575
163.1302 140.8827
163.0810 140.7746
163.1540 141.0379
163.1736 140.8365
163.1185 140.9415
163.1608 140.9347
163.1227 140.9286
163.1452 140.9769
163.1829 140.8507
163.0885 140.9321
163.0896 140.9446
163.1039 141.0001
163.1261 140.9106
163.1695 141.0283
163.2050 140.9900
163.0863 140.9716
163.1609 140.8637
163.0573 140.9225
163.2206 140.9510
163.1568 140.8402
163.1057 140.8703
163.1062 140.9332
163.1733 140.8296
163.2115 140.8872
163.0600 140.8754
163.2185 141.0670
163.0511 140.8683
163.0124 140.9248
163.1300 140.9266
163.2564 140.9803
163.0767 140.8469
163.1048 141.1301
163.0677 140.8738
163.1403 140.9184
163.1485 140.8857
163.2924 140.9846
163.2038 140.8264
163.1449 140.9346
163.2107 140.8923
163.1712 140.8266
163.0683 140.9396
163.0784 141.0161
163.1596 140.9231
163.1252 140.9980
163.1160 140.9722
163.1144 140.8615
163.2025 140.9423
163.0475 140.9516
163.0135 140.9451
163.3419 140.8897
163.3383 141.0423
163.2348 140.8664
163.0035 140.8546
163.1006 140.9018
163.0999 140.9617
163.1733 140.8432
163.1145 140.8498
163.1644 140.9506
163.1641 140.9463
163.1207 140.8827
163.0824 140.9245
163.1577 140.9587
163.1572 140.9569
163.1807 140.9599
163.1072 140.8892
163.2039 140.9218
163.1484 140.8467
163.1091 140.8891
163.0733 140.8895
163.1840 140.9345
163.2605 140.7780
162.5941 140.6936
162.5119 140.7000
162.5885 140.7172
162.6400 140.7155
162.6130 140.7504
162.6310 140.7466
162.5938 140.7178
162.6288 140.7450
162.6067 140.7387
162.6581 140.7608
162.6799 140.7381
162.6716 140.7624
162.5871 140.7039
162.6233 140.7494
162.6293 140.7565
162.6930 140.8084
162.6485 140.7207
162.6635 140.7801
162.6851 140.7673
162.7309 140.7615
162.6372 140.7202
162.6239 140.7350
162.6132 140.7538
162.6374 140.7502
162.5839 140.7546
162.5734 140.7216
162.6411 140.7541
162.5923 140.7580
162.5947 140.7302
162.6505 140.7348
162.6401 140.7456
162.5954 140.7355
162.6559 140.7618
162.5272 140.7647
162.5048 140.7407
162.6805 140.7638
162.5654 140.7121
162.6336 140.7786
162.6116 140.7296
162.6159 140.7221
162.6474 140.7988
163.0013 140.8595
163.1948 140.8731
163.3041 140.9802
163.1945 140.9213
163.1841 140.9107
163.1463 140.9411
163.1940 140.9702
163.1665 141.0021
163.3123 140.8958
163.1657 140.9180
163.1713 140.8530
163.2666 140.9009
163.2244 140.8621
163.2131 140.9410
163.3145 140.8743
163.1846 141.0001
163.1977 140.8934
163.2130 140.9496
163.1732 141.0006
163.1696 140.9829
163.2284 140.9128
163.1700 140.9093
163.1110 140.9269
163.1840 140.9030
163.1605 140.9292
163.1893 140.9417
163.2173 140.9362
163.1111 140.9690
163.0626 140.9764
163.1941 140.9477
163.2103 140.9218
163.1816 140.9873
163.1684 140.9521
163.2126 140.9812
163.0830 140.3308
163.2033 140.5739
163.3358 140.4327
163.2307 140.5552
163.0836 140.6428
163.1140 140.4465
163.2017 140.5851
163.2005 140.5723
163.1492 140.6583
163.0579 140.5849
163.2124 140.4328
163.0410 140.4746
163.1181 140.8136
163.2548 140.5563
163.0672 140.5348
163.2309 140.7063
163.2563 140.6552
163.0073 140.5744
163.0803 140.4948
