40.4531 141.1262
40.3656 141.1527
40.3668 141.2154
40.3757 141.2941
40.3355 141.3253
40.4859 140.8811
40.5448 141.1611
40.4830 140.9731
40.4573 141.0909
40.6404 141.1606
40.4024 141.2379
40.2835 140.9533
40.2435 141.0735
40.4632 141.0794
40.3291 141.1549
40.5875 141.0295
40.5211 141.1386
40.3573 141.1462
40.5511 141.0761
40.6282 140.9869
40.4201 140.7934
40.5075 141.1641
40.3277 141.1165
40.5370 141.1847
40.3245 141.2440
40.4240 141.0583
40.5171 141.1862
40.3371 141.0384
40.5691 141.1033
40.4819 141.1745
40.3753 141.1969
40.2636 141.2485
40.3864 141.2322
40.5350 141.2673
40.3996 141.1313
40.5021 141.1108
40.3268 141.0642
40.3606 141.2037
40.4317 141.1966
40.4470 141.1637
40.4763 140.9531
40.5408 141.0957
40.4452 140.9433
40.5571 141.0542
40.5848 141.1517
40.4568 141.1171
40.4684 140.9960
40.5946 141.2387
40.5000 141.2125
40.4379 141.2066
40.3258 140.9108
40.5074 141.2029
40.6021 141.0882
40.3473 141.1122
40.4616 141.1365
40.3879 141.0881
40.3672 141.0106
40.5225 141.0955
40.3442 141.0481
40.4728 141.1772
40.4376 141.2030
40.4676 141.1405
40.2526 141.1601
40.4880 141.1343
40.5634 140.9538
40.5592 141.0536
40.4266 141.1828
40.5919 141.1798
40.2727 141.2833
40.2638 141.2332
40.4121 141.0874
40.4048 141.1432
40.2777 140.6806
40.5016 141.0152
40.4625 141.0198
40.3969 141.0087
40.4619 141.2814
40.1281 141.0560
40.6310 141.0729
40.6135 141.1385
40.5927 141.1385
40.4901 140.9397
40.1328 141.1169
40.6421 141.0420
40.4680 141.1959
40.3798 141.0710
40.0715 140.7524
40.0381 140.8655
40.5494 141.2010
40.5100 141.0516
40.5615 141.1987
40.6126 141.0973
40.4216 141.0781
40.4285 141.0476
40.4137 141.0217
40.3910 141.2232
40.3823 141.1590
40.5372 141.0646
40.3476 141.1448
40.6082 141.0416
40.6100 141.1146
40.6812 141.1326
40.3708 140.8464
40.7039 141.1314
40.3489 141.3233
40.2813 140.8775
40.4527 141.0051
40.3869 141.1015
40.4657 141.0674
40.5757 141.1239
40.5736 141.1337
40.6050 140.9968
40.4324 141.0124
40.3946 141.0504
40.5518 141.1343
40.3169 141.0094
40.4195 141.0049
40.3343 141.0963
40.4819 140.8919
40.3941 141.1231
40.5151 141.0920
40.4259 141.1184
40.4646 141.0184
40.4658 141.0157
40.5019 141.0880
40.5254 141.0407
40.3793 141.2142
40.3251 141.1379
40.3055 141.1753
40.4441 141.0602
40.5763 141.0277
40.6265 141.0778
40.6027 141.0897
40.3814 140.9973
40.4803 141.1284
40.3097 141.2084
40.4428 141.0469
40.5106 141.2661
40.6280 141.1718
40.3589 141.0707
40.5157 141.1005
40.4378 140.9384
40.5066 141.1183
40.5460 141.0951
40.4761 141.0656
39.9805 141.0676
40.0247 141.0572
40.0580 141.1676
40.0599 141.1169
40.0616 141.1403
40.1332 141.0697
40.0729 141.2489
40.1106 141.2977
40.0782 141.1553
40.0311 141.0624
40.1881 141.1716
40.0092 141.0922
40.1002 141.1377
39.9908 141.2748
40.0825 140.9773
40.1202 141.0770
40.1161 141.2785
40.2844 140.9089
40.1456 140.8480
39.9973 141.0548
39.8210 141.1605
40.1153 141.2376
40.0403 141.1334
40.2444 141.1386
40.0277 141.4062
39.9848 141.0347
40.3273 141.3639
40.1674 141.0039
40.3761 141.2235
40.3053 141.1364
40.1116 141.0997
40.1339 141.1888
39.8209 141.1222
39.9643 141.0558
40.2235 141.3571
40.1638 141.2609
39.9472 140.8154
40.2309 141.2635
40.0929 141.1110
40.2162 141.2191
39.9874 141.0899
40.2479 141.2407
40.2504 140.8018
40.3671 140.8187
40.3549 140.7128
40.4022 140.8263
40.4079 140.8624
40.4696 140.8230
40.2292 140.8318
40.4522 140.7425
40.3414 140.8200
40.2744 140.8992
40.2665 140.8775
40.2766 140.8233
40.2637 140.8695
40.3511 140.8251
40.3363 140.8512
40.3003 140.8518
40.2976 140.8256
40.3350 140.8554
40.3057 140.8248
40.3222 140.8215
40.3269 140.8697
40.2805 140.8561
40.3202 140.8228
40.3436 140.8721
40.2677 140.8242
40.2955 140.7968
40.2856 140.8779
40.3781 140.8329
40.3146 140.7986
40.2814 140.8511
40.3332 140.8056
40.2620 140.8509
40.2838 140.8076
40.2973 140.8271
40.3244 140.8351
40.3125 140.8092
40.3294 140.8003
40.2789 140.8676
40.3135 140.8205
40.3521 140.8504
40.2746 140.8804
40.2971 140.8686
40.2820 140.8531
40.2361 140.8150
40.3392 140.8070
40.2546 140.8443
40.2706 140.8259
40.1172 140.7065
40.1455 141.1205
40.0346 141.1499
40.1178 141.0678
40.2685 141.0412
40.2854 141.1222
40.1605 141.0692
40.1497 141.0345
40.0878 140.9683
40.1344 141.1358
39.9783 141.1093
40.4026 141.1459
40.2154 141.2811
40.2459 141.0093
40.2601 140.8097
40.3313 140.6957
40.3614 140.7346
40.2640 140.8901
40.3620 140.6678
40.4306 141.2998
40.0983 141.1812
40.4195 140.9211
