33.1237 58.7162
33.2035 58.7020
33.1066 58.6331
33.2154 58.5151
33.2014 58.5133
33.3259 58.5878
33.3864 58.6097
33.3152 58.5150
33.2830 58.5429
33.2665 58.5974
33.3882 58.5556
33.1709 58.6197
33.2073 58.5232
33.0254 58.5452
33.2518 58.4663
33.3485 58.5471
33.2275 58.6054
33.3503 58.4712
33.3788 58.4891
33.3077 58.4884
33.2325 58.6601
33.3561 58.5756
33.5556 58.2081
33.1102 58.4898
33.2385 58.5515
33.3494 58.6383
33.0863 58.6788
33.3004 58.6431
33.3397 58.4783
33.2382 58.5286
33.1500 58.6378
33.1127 58.5861
33.1744 58.4042
33.1438 58.5710
33.1951 58.5029
33.1687 58.6014
33.2656 58.5495
33.2186 58.5262
33.2198 58.5292
33.1382 58.5433
33.2573 58.3296
33.2600 58.7257
33.2669 58.5429
33.2385 58.5224
33.2054 58.5240
33.0895 58.5364
33.2635 58.5652
33.1674 58.4995
33.1409 58.5923
33.4401 58.4359
33.2477 58.5215
33.2619 58.4588
33.2342 58.5004
33.2214 58.5655
32.9416 58.5904
33.2856 58.3294
33.2322 58.5547
33.1675 58.5965
33.4320 58.3482
33.6503 58.3864
33.6307 58.2996
33.4468 58.4161
33.3316 58.3388
33.5827 58.3623
33.5571 58.3747
33.6456 58.5782
33.7432 58.2936
33.6172 58.5802
33.7104 58.4505
33.6911 58.3675
33.6953 58.2269
33.7247 58.5296
33.6518 58.4640
33.5189 58.4558
33.5845 58.3069
33.5428 58.4634
33.5786 58.3304
33.5935 58.3631
33.5453 58.3706
33.5865 58.4407
33.6243 58.3899
33.6597 58.3290
33.7056 58.2935
33.4849 58.2567
33.6224 58.2410
33.6576 58.4511
33.5194 58.4608
33.5349 58.5119
33.3967 58.4294
33.6429 58.3186
33.5882 58.3118
33.5871 58.3652
33.6597 58.5321
33.5617 58.3598
33.4870 58.2991
33.6030 58.3863
33.4123 58.2411
33.5766 58.3908
33.6343 58.4114
33.6738 58.3940
33.5451 58.2283
33.5409 58.2594
33.6847 58.3465
33.5729 58.4431
33.6687 58.2328
33.6169 58.4183
33.5657 58.4539
33.5567 58.3823
33.6546 58.4255
33.5699 58.4875
33.6758 58.4505
33.3907 58.4477
33.7120 58.2961
33.5353 58.2641
33.5763 58.4466
33.4392 58.3776
33.6375 58.4300
33.5619 58.2303
33.5660 58.4293
33.5015 58.3608
33.6054 58.3935
33.5733 58.4068
33.6027 58.4139
33.5299 58.3190
33.5616 58.4057
33.3697 58.4404
33.4241 58.4751
33.2473 58.4846
33.3935 58.3639
33.4015 58.4078
33.3042 58.4177
33.2281 58.5033
33.2378 58.5187
33.2642 58.4643
33.1098 58.4781
33.1413 58.4730
33.3170 58.3768
33.3038 58.6816
33.2922 58.4823
33.3297 58.4744
33.1988 58.3675
33.2498 58.5166
33.2909 58.6014
33.0673 58.5223
33.1268 58.6121
33.2536 58.4530
33.2438 58.7394
33.2116 58.2515
33.2712 58.6031
33.3776 58.4446
33.2468 58.5666
33.4140 58.4409
33.3491 58.4790
33.2613 58.4055
33.3875 58.4991
33.2441 58.5435
33.2408 58.5059
33.3117 58.6635
33.3295 58.5000
33.2723 58.5338
33.2652 58.4532
33.1796 58.5252
33.2633 58.5324
33.2370 58.5908
33.2844 58.5214
33.2780 58.6245
33.2398 58.5236
33.3519 58.5476
33.2805 58.5348
33.3019 58.5035
33.3173 58.5773
33.6328 58.3989
33.6656 58.2530
33.6237 58.2787
33.7541 58.3219
33.6097 58.3759
33.7300 58.4232
33.6914 58.4474
33.6725 58.3696
33.5985 58.2945
33.6520 58.4160
33.6169 58.3801
33.6410 58.2987
33.5082 58.4141
33.7941 58.2600
33.5891 58.4531
33.7905 58.3128
33.5962 58.2328
33.6236 58.2247
33.4442 58.3466
33.6588 58.3046
33.5782 58.1393
33.7022 58.3071
33.3814 58.4334
33.6400 58.4279
33.7560 58.3686
33.5843 58.3678
33.6076 58.3821
33.5727 58.3877
33.6095 58.3820
33.6389 58.3577
33.6290 58.3603
33.5979 58.3418
33.5827 58.3158
33.3372 58.4223
33.2990 58.5093
33.5469 58.5870
33.6150 58.3230
33.6585 58.3636
33.6414 58.3209
33.6649 58.3535
33.6511 58.3694
33.7129 58.2783
33.5310 58.4798
33.6395 58.4284
33.6188 58.3235
33.5359 58.3930
33.7114 58.3144
33.6634 58.2849
33.3056 58.5091
33.2689 58.5381
33.4531 58.6370
33.4518 58.5284
33.3343 58.5886
33.3476 58.6107
33.2423 58.4663
33.1129 58.4376
33.3242 58.4935
33.3905 58.5195
33.4293 58.5633
33.2870 58.4193
33.2885 58.5624
33.4844 58.4199
33.5104 58.5678
33.4699 58.4592
33.3771 58.4302
33.3215 58.4338
33.2639 58.4515
33.3511 58.3945
33.4109 58.5370
33.2328 58.5844
33.3181 58.5618
33.2412 58.4943
33.4246 58.3312
33.3612 58.5218
33.1674 58.5972
33.2130 58.4737
33.4539 58.5323
33.2716 58.5189
33.2387 58.5519
33.2804 58.5740
33.1597 58.3666
33.5733 58.1258
33.3683 58.2558
33.3051 58.1426
33.3654 58.0807
33.6444 58.1805
33.3433 58.5186
33.3279 58.5344
33.1867 58.4700
33.2968 58.6138
33.2779 58.5170
33.5227 58.2836
33.6139 58.2997
33.6074 58.2523
33.6800 58.3558
33.5516 58.3466
33.5719 58.3707
33.5390 58.2225
33.5395 58.3561
33.7070 58.3757
33.7723 58.2147
33.6033 58.4470
33.5763 58.1432
33.6328 58.4075
33.7078 58.4098
33.5969 58.4059
33.6573 58.3094
33.6106 58.3883
33.7568 58.2896
33.7594 58.4966
33.6265 58.3758
33.6238 58.2659
33.5142 58.2727
33.7223 58.3962
33.5189 58.3021
33.6297 58.3642
33.6010 58.1639
33.5506 58.3262
33.7354 58.3571
33.4806 58.3551
33.6974 58.2703
33.5729 58.2608
33.5177 58.4756
33.6388 58.3389
33.6939 58.4698
33.6209 58.2763
33.6700 58.2543
33.6743 58.4548
33.7816 58.3861
33.7415 58.3938
33.6921 58.2625
33.6270 58.2828
33.6492 58.3430
33.7479 58.3819
33.5898 58.3151
33.7186 58.4411
33.5695 58.3307
33.5184 58.5540
33.5772 58.1934
33.5369 58.3506
33.5944 58.4223
33.5096 58.3663
33.6211 58.4394
33.6507 58.4010
33.6253 58.3899
33.4725 58.2771
33.5133 58.3524
33.6291 58.2673
33.5933 58.3346
33.5042 58.4569
33.5583 58.3849
33.6264 58.4079
33.5798 58.3485
33.5345 58.3586
33.6435 58.3799
33.5370 58.3642
33.7304 58.3379
33.7541 58.2702
33.4740 58.4828
33.5925 58.3942
33.5889 58.3694
33.5896 58.4648
33.5068 58.2830
33.6271 58.3215
33.5848 58.3971
33.6962 58.3130
33.6160 58.2855
33.5478 58.3552
33.7073 58.5120
33.5890 58.2666
33.6264 58.3551
33.6969 58.5819
33.6148 58.4413
33.7246 58.3596
33.6365 58.2727
33.3755 58.2011
33.6540 58.3720
33.6476 58.4485
33.6652 58.2939
33.5703 58.2445
33.3609 58.0716
33.5602 58.1298
33.3697 57.9982
33.2878 58.1242
33.3612 58.1202
33.3074 58.1967
33.2743 58.1710
33.3634 58.1846
33.1276 58.0773
33.2483 58.1147
33.5370 58.1130
33.2990 58.1691
33.3355 58.1013
33.3737 58.1222
33.2965 58.2946
33.2871 58.1206
33.2924 58.2074
33.3046 58.1807
33.3145 58.1708
33.3067 58.1708
33.2572 58.0364
33.3812 58.1589
33.3783 58.2478
33.2966 58.2387
33.5579 58.2322
33.5983 58.4897
33.7443 58.2805
33.6309 58.3879
33.7062 58.2811
33.6928 58.3084
33.6943 58.4575
33.5584 58.4535
33.6239 58.4015
33.6450 58.3401
33.7131 58.3180
33.6557 58.2542
33.6505 58.3019
33.7284 58.3043
33.6563 58.3713
33.4978 58.3691
33.6889 58.2547
33.6746 58.3025
33.6119 58.3522
33.6194 58.3264
33.6402 58.3239
33.6253 58.3598
33.6483 58.3035
33.6370 58.3779
33.5890 58.3289
33.6101 58.3425
33.4016 58.3227
33.3265 58.3692
33.3727 58.4555
33.3793 58.3876
33.3116 58.3782
33.3928 58.3321
33.3943 58.3601
33.4599 58.3594
33.3221 58.4086
33.3269 58.5607
33.3962 58.4995
33.3650 58.4511
33.2414 58.3046
33.2401 58.5768
33.5303 58.3089
33.2376 58.1595
33.3241 58.6725
33.2744 58.4098
33.4071 58.3271
33.5256 58.4872
33.1941 58.4611
33.3182 58.6474
33.2139 58.5613
33.2670 58.3921
33.1829 58.4251
33.3107 58.4253
33.3573 58.3066
33.2765 58.6065
33.4482 58.3289
33.3530 58.4199
33.1974 58.4416
33.5081 58.0162
