122.9398 191.4289
122.7640 191.5829
122.7449 191.5616
122.5421 191.3780
122.5102 191.6506
122.5732 191.4532
122.6652 191.6151
122.5559 191.3124
122.6035 191.5272
122.7915 191.5953
122.6625 191.3146
122.6061 191.3832
122.6346 191.3124
122.9359 191.2646
122.5428 191.5063
122.8823 191.5723
122.6342 191.3487
122.7487 191.3085
122.7167 191.3181
122.6998 191.5964
122.5884 191.3576
123.0334 191.3098
122.9498 191.4648
123.1656 191.3511
123.3616 191.4167
123.2191 191.3584
122.9701 191.4953
123.0308 191.5532
123.0615 191.3147
122.9324 191.5102
123.0415 191.4656
123.0632 191.3858
123.0404 191.5339
122.9939 191.3465
123.0823 191.3630
123.2489 191.4296
123.0935 191.1422
123.0644 191.4614
122.9729 191.2187
122.9246 191.2175
123.2673 191.2933
123.0954 191.3665
123.1499 191.4639
123.1223 191.2919
123.2460 191.5022
123.0677 191.3679
123.0587 191.4351
123.1733 191.3596
123.0450 191.4920
123.3036 191.2647
123.0591 191.3612
123.0951 191.3560
123.0971 191.4169
123.0113 191.3437
122.8626 191.3519
123.0454 191.2138
123.1722 191.3713
122.9992 191.4004
123.2246 191.3875
123.1425 191.4515
123.0273 191.3712
123.0869 191.2872
123.0691 191.2225
123.2666 191.4392
122.9391 191.4168
123.3623 191.4953
123.0704 191.3587
123.1284 191.3324
123.1972 191.6386
123.1977 191.1565
122.9561 191.5240
123.1566 191.4555
123.2729 191.2628
123.1613 191.3782
122.9068 191.3320
123.1814 191.3841
123.0425 191.2598
123.1729 191.4474
123.1563 191.3240
122.8793 191.4344
122.8977 191.2870
122.8220 191.4956
123.3558 191.3927
123.1244 191.4116
122.9273 191.5276
122.9999 191.4830
123.2584 191.3920
123.0378 191.4259
122.9705 191.2795
122.9394 191.2575
123.0233 191.3327
123.2323 191.3011
122.8524 191.1834
123.1397 191.3943
122.9764 191.2842
123.1514 191.2215
123.1491 191.2133
122.8452 191.4814
122.8192 191.2341
123.0268 191.6118
122.8149 191.3318
123.1673 191.3751
123.1360 191.2794
122.9618 191.4321
122.9395 191.6296
122.9792 191.2295
122.9687 191.3894
122.8640 191.7738
122.9956 191.5956
123.0145 191.3342
123.0959 191.4865
123.1285 191.3801
123.1975 191.3130
122.8146 191.3004
122.9490 191.4683
123.1094 191.2670
123.1376 191.3982
123.0559 191.3201
123.1577 191.3019
122.8781 191.3833
123.1220 191.5118
123.1296 191.3391
123.2338 191.3018
123.0064 191.3213
122.9252 191.4936
123.1850 191.4014
122.9651 191.2119
123.1297 191.3084
122.8605 191.6732
122.9154 191.3261
122.8117 191.3867
123.0998 191.5208
123.0817 191.3864
123.1426 191.3788
122.9957 191.2763
123.0346 191.3942
123.0398 191.1513
122.8352 191.2373
123.1190 191.4762
122.8477 191.1634
123.1309 191.3441
123.0548 191.4608
123.0635 191.3465
123.0329 191.3457
123.0263 191.3374
123.0834 191.3354
123.1242 191.5384
123.0702 191.4450
122.9138 191.5592
123.1704 191.6291
123.1818 191.3778
123.0224 191.4271
122.8879 191.2691
123.0682 191.5446
123.0354 191.3896
123.1959 191.4322
123.1015 191.5082
123.1112 191.3397
123.0178 191.3526
123.2706 191.3810
123.1055 191.6589
123.2042 191.4986
123.2254 191.2949
123.0437 191.4436
123.0466 191.4628
123.1134 191.3790
123.2013 191.5340
123.0779 191.3587
123.2271 191.4322
122.9811 191.4016
122.9357 191.4002
123.1071 191.4502
123.2520 191.2430
123.0279 191.4968
122.9390 191.3492
123.1715 191.1841
123.0858 191.3382
123.2996 191.3268
123.0031 191.1652
122.9410 191.3879
123.1642 191.4674
123.1408 191.6737
122.8450 191.5065
123.1418 191.3963
123.1142 191.2828
123.3399 191.3782
123.1044 191.3079
123.1566 191.2850
122.8964 191.4240
123.1639 191.2983
123.1360 191.5347
123.2598 191.3650
122.9441 191.4153
122.9778 191.3560
123.1084 191.4516
123.2600 191.3201
123.1613 191.5261
123.0931 191.4916
123.2993 191.4396
123.1389 191.4894
123.1455 191.3841
123.3334 191.4456
123.1723 191.4563
123.2701 191.5006
123.2554 191.3424
123.2116 191.4530
123.2626 191.5854
122.7991 191.3080
123.1855 191.4598
122.9536 191.2941
123.0185 191.4421
123.2488 191.5344
123.1477 191.4748
123.1285 191.3607
122.9546 191.3757
123.2101 191.5014
123.1333 191.6188
122.9761 191.4999
123.0556 191.3780
123.1311 191.5191
122.8869 191.3815
123.1626 191.4783
122.9584 191.3599
123.2716 191.4604
122.9924 191.4427
123.1291 191.4132
123.0074 191.4285
123.0033 191.3367
123.0891 191.3747
123.0298 191.3744
122.9811 191.3704
123.0185 191.3672
123.1611 191.3695
123.0056 191.2391
123.1150 191.4049
123.0058 191.4214
122.8951 191.3244
123.0823 191.3923
123.1396 191.5001
123.0548 191.3241
123.0003 191.4558
123.0857 191.3862
123.1284 191.3897
123.1038 191.4259
123.1657 191.4653
123.1719 191.3540
123.1234 191.4397
123.0974 191.4649
122.9530 191.4222
122.9901 191.4731
122.9966 191.4201
122.9707 191.9023
122.8607 191.9821
123.0474 191.6356
123.0208 191.5374
123.0945 191.8341
122.9645 191.6244
123.0114 191.6040
122.9063 191.7893
122.9395 191.7310
122.8787 191.6877
122.9144 191.7830
123.0153 191.1857
123.1456 191.5062
123.2663 191.4934
123.0241 191.3971
123.1007 191.5002
123.0326 191.5373
123.3128 191.5652
123.2884 191.4393
123.3235 191.5651
123.3256 191.4379
123.2200 191.4172
122.9211 191.1923
123.2489 191.2758
123.1879 191.4173
123.1440 191.3314
123.1604 191.3446
123.2224 191.4111
122.9587 191.3631
122.8217 191.4245
123.0299 191.6929
123.3224 191.5531
123.0313 191.3949
123.2228 191.4186
123.2003 191.2807
123.0336 191.5856
123.1172 191.4424
122.8589 191.5297
122.9409 191.4542
123.1929 191.5977
123.1909 191.3983
123.0407 191.2597
123.2141 191.4349
123.0029 191.1913
123.0164 191.4392
123.2916 191.6010
122.9883 191.5452
123.0977 191.4809
122.8832 191.6488
123.3809 191.4766
123.3087 191.5358
123.2017 191.4104
123.2262 191.4667
123.0629 191.4552
123.2936 191.4632
123.0924 191.4162
123.1740 191.2950
123.1636 191.4283
123.0931 191.6052
123.0229 191.2148
122.7857 191.6371
122.8194 191.5543
122.7463 191.3752
122.8297 191.5854
122.7323 191.3940
122.6215 191.4054
122.8674 191.2550
122.8402 191.5824
122.7731 191.3256
122.6231 191.4309
122.9409 191.5037
122.7642 191.3977
122.7570 191.4272
122.6139 191.3686
122.8392 191.4471
122.6827 191.3912
122.7742 191.4781
122.8726 191.3412
122.8523 191.4987
122.5887 191.5024
122.7825 191.4272
122.6144 191.3887
122.6642 191.5612
122.6294 191.5368
122.8628 191.4907
122.8134 191.3757
122.6297 191.2716
122.8224 191.4538
122.7827 191.4899
122.9500 191.2962
122.7238 191.3521
122.8286 191.7968
122.6663 191.4224
122.6998 191.4078
122.8682 191.5735
122.7695 191.4211
122.9521 191.8044
122.7786 191.4243
122.7169 191.6843
122.7352 191.5591
122.8823 191.4896
122.6398 191.3893
122.7356 191.4520
122.4455 191.4430
122.7170 191.3985
122.7337 191.2892
122.9152 191.3254
122.7370 191.3914
122.8066 191.4379
122.9619 191.4411
122.8545 191.6230
122.8069 191.4445
122.7808 191.5907
122.8496 191.5160
122.9522 191.4266
122.6610 191.4147
122.8372 191.4328
122.8615 191.3153
122.6381 191.3948
122.7172 191.4015
122.7804 191.3166
122.7830 191.5573
122.8712 191.6927
122.8654 191.4622
122.7455 191.3643
122.7727 191.4166
122.7301 191.5894
122.7909 191.3798
122.8477 191.5571
123.0915 191.4088
122.8742 191.4599
122.7611 191.3434
122.6323 191.4722
122.7161 191.5886
122.8455 191.3946
122.5937 191.3337
122.9102 191.4387
122.7812 191.5382
122.8801 191.4319
122.5412 191.2699
122.8724 191.5668
122.7632 191.5213
122.7958 191.7943
122.6917 191.4109
122.7491 191.3644
122.9394 191.4624
122.8382 191.5625
122.8783 191.6274
122.6281 191.3810
122.8458 191.3909
122.6460 191.4270
122.7096 191.4514
122.4572 191.5661
122.4233 191.5433
122.7235 191.6959
122.5603 191.4194
122.7474 191.6430
122.6520 191.5958
122.5687 191.4193
122.7755 191.3888
122.7149 191.6524
122.7257 191.5912
122.9292 191.5072
122.5167 191.5467
122.7721 191.4542
122.9910 191.6208
122.9973 191.4500
122.5136 191.4617
122.8106 191.5654
122.7987 191.5320
122.7654 191.4378
122.7082 191.2508
122.8471 191.5511
122.6572 191.5290
122.8118 191.4681
122.6128 191.5758
122.6277 191.5022
122.6949 191.4932
122.6179 191.6140
122.7519 191.5548
122.6455 191.5515
122.8228 191.3890
122.7922 191.5441
122.8938 191.4631
122.9870 191.7765
122.8728 191.4873
122.7481 191.3230
122.7453 191.5116
122.8247 191.3809
122.8280 191.4806
122.8184 191.4150
122.8426 191.4796
122.7373 191.5531
122.5162 191.4028
122.8276 191.5313
122.7700 191.2815
122.5198 191.8434
122.7793 191.4438
122.5063 191.5777
122.8555 191.5672
122.8523 191.3944
122.8161 191.6668
122.8774 191.4228
122.8042 191.5466
122.7076 191.4277
123.1292 191.3482
123.1097 191.6750
122.8713 191.4331
122.7349 191.4574
122.7046 191.5479
122.7426 191.4654
122.8038 191.4055
122.8968 191.8755
123.0501 191.7893
122.8092 191.7233
122.9052 191.8080
122.9095 191.7696
123.0277 191.8163
122.9983 191.8603
122.9854 191.7262
123.0813 191.7788
123.1181 191.6871
122.9291 192.0073
123.1232 191.8719
123.1974 191.7084
123.0297 191.7183
123.0128 191.8147
123.1465 191.6738
123.0112 191.6548
123.0500 191.8099
123.1880 191.9001
122.9725 191.7728
122.8901 191.6758
122.8346 191.7972
122.8490 191.7092
123.0211 191.7417
122.9414 191.9857
123.0951 191.8533
123.0896 191.5416
122.8615 191.6971
123.1154 191.7615
122.9579 191.8646
123.0579 191.8060
123.0278 191.7683
122.9869 191.8471
122.9519 191.8766
122.9747 191.6353
123.1013 191.6481
122.8923 191.7391
122.9754 191.8627
122.9812 191.7254
123.0121 191.6944
122.9917 191.6951
123.1179 191.7058
122.9384 191.6392
122.8925 191.8130
123.2907 191.7661
122.9656 191.7567
123.0316 191.8190
123.0004 191.7120
123.0352 191.7551
122.9857 191.8418
123.0884 191.9593
122.9799 191.7670
122.9322 191.6908
122.9655 191.6986
123.1029 191.8315
123.0651 191.6469
122.9475 191.8376
122.9260 191.7981
123.0779 191.7001
122.9267 191.6396
123.0834 191.6866
123.1106 191.8025
123.1022 191.6652
122.9881 191.7352
122.8202 191.7042
123.1811 191.6896
122.9255 191.7764
123.1598 191.8812
122.9869 191.6649
123.0634 191.7668
123.2330 191.8802
123.1081 191.7379
123.0517 191.7854
122.9614 191.9179
123.1622 191.8452
122.8530 191.9557
123.0473 191.8576
123.1229 191.8759
122.9701 191.9405
122.9164 191.7635
122.9517 191.8087
122.9318 191.7789
122.9856 191.7753
123.0657 191.7207
123.4123 191.5486
123.1878 191.4678
123.1767 191.4556
123.1388 191.4793
123.1901 191.4569
123.1418 191.4607
123.1070 191.4667
123.1810 191.4148
123.0664 191.3774
123.2576 191.5991
123.2202 191.5450
123.1960 191.5036
122.9730 191.5708
123.0021 191.6441
123.0742 191.5322
123.0691 191.4524
122.9740 191.4070
123.1997 191.4793
122.9900 191.6633
123.0529 191.5501
123.2738 191.5793
123.0919 191.4420
123.0182 191.4534
123.0655 191.7851
123.2452 191.4740
123.2097 191.4605
