73.9231 103.5744
73.9889 103.6440
73.8236 103.6095
74.0547 103.6351
73.9148 103.6632
73.9018 103.6983
73.9646 103.5707
73.9229 103.6279
73.9098 103.5686
73.8245 103.7147
73.9162 103.6747
73.9669 103.7132
73.7453 103.6078
73.9085 103.7812
73.7974 103.6072
73.9059 103.7532
73.9127 103.5025
73.9718 103.7961
73.7726 103.5850
73.8383 103.5039
73.9742 103.7703
73.9410 103.5877
73.9177 103.6212
74.0070 103.7913
74.0873 103.6764
73.9425 103.7198
73.8913 103.6646
73.8763 103.6350
73.9317 103.6217
73.9484 103.6506
73.9524 103.6439
73.9404 103.7600
74.1157 103.5624
74.2351 103.5131
74.1768 103.4887
74.2134 103.5266
74.2993 103.3721
74.1875 103.6151
74.2599 103.5899
74.1710 103.5015
74.2298 103.5231
74.2852 103.6411
74.2930 103.3947
74.1520 103.4930
74.0686 103.4102
73.8491 103.4837
74.0009 103.3482
73.9775 103.3117
73.9722 103.3032
74.0026 103.3323
74.0448 103.3117
73.9717 103.3284
74.2322 103.5597
74.2152 103.5413
74.3428 103.5473
74.3492 103.4255
74.2092 103.5890
74.2660 103.4532
74.2800 103.5362
74.2761 103.4139
74.1119 103.5414
74.1963 103.6908
74.2879 103.6066
74.1876 103.6353
74.3352 103.4982
74.3391 103.6701
74.2242 103.5461
74.1842 103.6121
74.3202 103.5750
74.2059 103.5579
74.2789 103.5538
74.3502 103.4671
74.4429 103.4538
74.2988 103.4675
74.4717 103.3996
74.0813 103.3342
74.3916 103.6853
74.0462 103.4399
73.8852 103.6322
74.2182 103.3401
74.3387 103.4211
74.5612 103.3937
74.3619 103.7126
74.3982 103.4303
73.8637 103.5840
74.1840 103.4948
74.2592 103.6753
74.0720 103.4997
74.1614 103.6630
74.3668 103.6341
74.0953 103.7866
74.0918 103.5781
74.3702 103.5654
74.2140 103.6563
74.3229 103.5542
74.1714 103.4669
74.1890 103.5868
74.2884 103.7905
74.2399 103.4579
74.1478 103.5843
74.2301 103.5660
74.1763 103.4265
74.2433 103.3510
74.4920 103.7177
74.5527 103.4280
74.4361 103.6059
74.1855 103.4305
74.4250 103.6093
74.3868 103.6136
74.3977 103.3482
74.3892 103.6567
74.3124 103.8348
74.3706 103.5725
74.2806 103.5148
74.2419 103.5876
74.1508 103.7099
73.8660 103.5190
73.8815 103.6560
73.9456 103.6322
73.9109 103.5524
73.9206 103.5611
73.9492 103.5775
73.8364 103.6450
73.8180 103.7030
73.9052 103.7128
74.0210 103.6572
73.8124 103.6614
74.0438 103.8203
73.9010 103.6480
73.8368 103.6229
74.0055 103.7019
74.0826 103.6924
74.0435 103.7080
73.9493 103.6034
73.9246 103.6924
74.0008 103.7850
73.9076 103.7773
73.9778 103.6569
73.8186 103.6463
73.9588 103.6208
73.7447 103.6254
73.9798 103.7478
73.8910 103.5943
73.8705 103.6289
73.9425 103.6794
73.8983 103.7355
73.9636 103.6957
73.9267 103.5363
73.8702 103.7417
73.9468 103.8075
73.9343 103.7717
73.9767 103.5821
73.8343 103.6454
74.0132 103.6303
74.0431 103.7577
73.9593 103.7048
73.9679 103.6294
73.9573 103.6450
73.8648 103.5643
73.9355 103.6107
73.9388 103.6364
73.8463 103.6553
74.0785 103.2824
74.0452 103.4292
73.9901 103.3767
73.9933 103.3014
74.0068 103.3242
73.9918 103.3849
73.9940 103.3077
73.9983 103.3255
74.0142 103.3164
74.1376 103.5117
73.9463 103.2667
74.0039 103.2547
74.0224 103.2993
73.9165 103.4586
73.9482 103.3563
74.0667 103.3441
73.9332 103.2674
73.9850 103.1701
73.9927 103.1789
74.0364 103.3293
73.8513 103.1611
73.9361 103.4834
73.9464 103.4458
73.9776 103.4127
73.9515 103.3801
74.0324 103.2945
74.1722 103.2862
74.3759 103.5121
74.3401 103.5111
74.4289 103.6719
74.3113 103.6432
74.2866 103.6878
74.3091 103.5279
74.1179 103.6933
74.3895 103.4228
74.1066 103.6679
74.2928 103.6217
74.4324 103.5564
74.0803 103.2414
74.0791 103.2895
74.1491 103.2814
74.0238 103.2378
74.1365 103.3423
74.1380 103.2474
74.1613 103.4167
74.0981 103.3820
74.4648 103.6857
74.2242 103.5832
74.1915 103.4867
73.8138 103.7905
73.9508 103.6869
73.9575 103.6806
74.0193 103.5406
74.0308 103.6357
73.9775 103.7395
74.0435 103.6078
74.0329 103.5551
74.0480 103.6180
73.9892 103.5293
74.0435 103.6797
73.9864 103.5439
73.9707 103.5556
74.0306 103.5740
73.9940 103.6215
73.9794 103.5588
74.0419 103.7075
74.0789 103.6051
73.9230 103.6679
73.9249 103.6427
74.0146 103.6319
73.9626 103.5800
73.9905 103.5855
74.0407 103.5979
73.9964 103.6097
74.0289 103.5297
73.9730 103.5978
74.0136 103.6021
73.9410 103.6021
73.9930 103.5555
73.9813 103.6079
73.9902 103.5559
73.9801 103.5841
73.9581 103.5917
74.0668 103.5971
73.9341 103.6052
73.9956 103.6015
74.0058 103.6026
74.0270 103.6422
73.9883 103.6012
74.0216 103.5755
74.0647 103.6184
73.9580 103.5322
74.3601 103.5887
74.1984 103.5311
74.2643 103.5618
74.3850 103.6031
74.4088 103.6836
74.3788 103.6944
74.2202 103.3398
74.2587 103.7012
74.1605 103.5675
74.3523 103.7141
74.3470 103.4926
74.0812 103.6042
74.3012 103.5795
74.3515 103.6416
74.4414 103.6298
74.4357 103.4604
74.3472 103.5665
74.2738 103.8336
74.2278 103.4093
74.2973 103.6259
74.5073 103.8406
74.2411 103.7252
74.3833 103.6750
74.4493 103.7361
74.3183 103.7881
74.1779 103.6901
74.3749 103.5626
74.2920 103.4339
74.5074 103.7068
74.3532 103.6193
74.2373 103.5977
74.1850 103.3822
74.0982 103.3732
74.0564 103.3372
74.1113 103.3345
74.1321 103.3551
74.0663 103.2131
74.0494 103.3858
74.0247 103.3067
74.2378 103.1729
74.0930 103.3040
74.0309 103.3176
74.0405 103.1863
74.1072 103.3581
74.4030 103.7119
74.3800 103.4269
74.2704 103.5518
74.2648 103.5811
74.3582 103.6299
74.3955 103.4409
74.2428 103.6517
74.2246 103.4747
74.3196 103.5266
74.3799 103.4824
74.4252 103.6155
74.2999 103.5860
74.4592 103.8319
74.2688 103.3585
74.0278 103.0363
74.0237 103.3261
74.0016 103.4032
74.5151 103.4824
74.2533 103.7313
74.3366 103.5523
74.4408 103.6350
74.3615 103.7202
74.3626 103.6421
74.2961 103.7395
74.3175 103.6206
74.2522 103.6586
74.3589 103.5262
74.2642 103.6625
74.3643 103.5883
74.3758 103.5617
74.2798 103.5376
74.2864 103.6172
