99.7424 51.5666
99.7841 51.4676
99.7239 51.4455
99.7487 51.4539
99.7877 51.4705
99.7197 51.5056
99.9751 51.5259
99.9562 51.5713
100.0403 51.6329
99.9355 51.4001
100.1379 51.3975
100.1549 51.3824
100.1438 51.2972
99.9695 51.4415
100.0146 51.4469
100.0540 51.5227
100.1449 51.3439
99.9363 51.3106
99.9288 51.2462
100.0805 51.5945
100.1496 51.6086
100.2466 51.4474
100.1390 51.2442
100.0734 51.5376
100.2566 51.2788
100.1329 51.3571
100.0662 51.4291
100.0515 51.4234
100.1689 51.4353
100.1841 51.4252
100.3873 51.4981
99.8317 51.5636
100.0881 51.8445
100.1331 51.4071
100.1039 51.4487
100.2780 51.3547
100.0210 51.3622
100.1912 51.3615
100.0563 51.4365
100.0438 51.4460
100.1701 51.6388
100.1105 51.5363
100.3283 51.4291
99.9781 51.6569
99.8505 51.4124
100.1891 51.5358
100.1297 51.5522
100.2266 51.5507
100.1432 51.4410
99.9786 51.3596
100.0008 51.4377
100.0320 51.2150
100.2355 51.6111
100.1187 51.4157
99.7772 51.3386
99.8689 51.4205
99.8213 51.5881
99.8193 51.4028
100.4290 51.5330
100.0842 51.3786
100.0822 51.4070
100.2138 51.4335
100.1240 51.4350
100.2185 51.3771
100.3186 51.3245
99.9839 51.3912
99.9283 51.7459
99.9415 51.3661
100.0544 51.4592
99.9815 51.2389
100.1286 51.4533
100.2435 51.5457
100.2092 51.5424
99.8170 51.4021
100.0816 51.2782
100.1750 51.3842
100.0490 51.4010
99.7509 51.5787
100.2907 51.5037
100.3054 51.4411
100.0936 51.3918
100.1443 51.4524
100.0147 51.2791
100.1539 51.4399
100.0117 51.2085
100.0712 51.4909
99.9792 51.3277
100.2868 51.3211
99.9193 51.3849
99.9689 51.2210
100.0299 51.3105
100.0003 51.4027
100.0986 51.3980
100.3478 51.4296
100.0660 51.4450
100.0751 51.3669
100.1019 51.3426
100.2096 51.3314
99.8613 51.3684
99.9560 51.3593
99.9596 51.4076
100.0021 51.2613
99.9576 51.3369
100.0785 51.3504
100.1477 51.4542
100.1090 51.4245
100.1177 51.4552
100.1670 51.4242
100.1218 51.3808
100.2030 51.4665
99.9890 51.3771
100.1198 51.3365
100.2349 51.3546
100.1361 51.3976
100.1365 51.4929
100.1349 51.3757
100.0917 51.3538
100.1917 51.3948
100.0637 51.4462
100.0029 51.3334
100.0662 51.4188
100.1020 51.4022
100.0748 51.4173
100.0704 51.4398
100.1572 51.3855
100.1237 51.3658
100.0438 51.4206
100.1107 51.3996
100.0889 51.4567
100.0738 51.4045
100.1196 51.4051
100.1449 51.4494
100.1013 51.3715
100.1198 51.3230
100.0645 51.4196
100.0824 51.3965
100.0830 51.4116
100.1617 51.4223
100.0144 51.4268
100.1276 51.3861
100.0090 51.4344
100.0094 51.4705
100.0392 51.3652
100.0897 51.3222
100.0523 51.3576
100.0871 51.4300
100.0969 51.3619
100.0397 51.3573
100.1040 51.4234
100.1063 51.3685
100.1057 51.3992
100.1203 51.3390
100.0874 51.4575
100.1077 51.3631
100.1650 51.3936
100.1236 51.4354
100.1568 51.3194
100.1193 51.3988
100.0863 51.4537
100.1431 51.3569
100.0928 51.3098
99.9534 51.4000
100.0035 51.2683
100.1030 51.3203
100.0106 51.3402
100.0816 51.3111
100.0501 51.2853
100.0622 51.3798
99.9701 51.3012
100.0631 51.3715
100.1309 51.3421
100.1177 51.4501
99.9938 51.3149
100.0483 51.3055
100.0798 51.3370
100.1724 51.4281
100.0976 51.3669
100.2794 51.4074
100.1340 51.4355
100.0532 51.4143
100.0801 51.3063
100.1549 51.4194
100.0840 51.3672
100.1298 51.4106
100.0597 51.3780
100.1050 51.3956
100.1328 51.3835
100.1759 51.3365
100.1450 51.3693
100.1093 51.4474
100.0573 51.4611
100.0232 51.3453
100.1293 51.3277
100.1680 51.4218
100.1667 51.4012
100.1700 51.3322
100.0511 51.3566
100.1889 51.3432
100.0649 51.2817
99.9711 51.4854
100.0950 51.3886
100.1362 51.4124
100.1140 51.3765
100.1190 51.4292
100.1068 51.4152
100.2015 51.4063
100.1349 51.4674
100.0532 51.4544
100.0535 51.3941
100.0604 51.4826
100.1203 51.3511
100.1776 51.3923
100.1231 51.4356
100.1041 51.3900
100.0524 51.3934
100.1241 51.4015
100.0668 51.4252
100.1286 51.3779
100.0953 51.3849
100.0120 51.4171
100.1180 51.3725
100.0503 51.4226
100.1044 51.3024
100.2114 51.4039
100.1353 51.3203
100.0823 51.4896
100.0398 51.5987
100.0105 51.7389
100.1231 51.6710
100.0299 51.5649
100.0273 51.7574
100.0518 51.5991
100.1562 51.5875
99.9975 51.7647
100.0703 51.5320
100.1293 51.6047
100.0822 51.6153
100.1215 51.4974
100.0424 51.6188
99.8586 51.4920
99.7410 51.5444
99.9312 51.3898
99.8519 51.4688
99.7688 51.5283
99.6071 51.3605
99.8093 51.3649
99.7956 51.4357
99.8083 51.3227
99.9422 51.4963
99.8139 51.3221
99.9424 51.4033
99.9365 51.3117
99.7638 51.3378
100.0332 51.4580
99.8329 51.4636
99.8610 51.5322
99.7383 51.2598
99.7434 51.3175
99.7904 51.4366
99.8712 51.3482
99.9146 51.3771
99.9168 51.4379
99.8595 51.3417
99.8742 51.2999
99.8518 51.3863
99.7467 51.5385
99.9036 51.4020
99.8774 51.5094
99.7938 51.3469
99.7788 51.4712
99.8473 51.3153
99.8557 51.4906
99.6624 51.3773
99.7833 51.4452
99.7575 51.4158
99.8168 51.4082
99.8170 51.4073
99.8119 51.4872
99.8040 51.4590
99.8360 51.5502
99.9174 51.3100
99.7245 51.4539
99.8611 51.4705
100.0654 51.4277
99.9742 51.4353
99.8140 51.4815
99.7346 51.4651
99.9595 51.5467
99.8581 51.3893
99.6836 51.4177
99.9482 51.4794
100.0120 51.5335
99.5553 51.4321
99.9028 51.2831
99.8154 51.5764
99.8811 51.5071
99.9005 51.4533
99.6842 51.4661
99.9247 51.4110
100.0055 51.3573
99.7276 51.4787
99.8866 51.5212
99.9692 51.4683
99.8704 51.4196
99.9386 51.4230
99.9680 51.5440
99.9688 51.3122
99.7423 51.4593
99.7131 51.3403
99.9429 51.4866
99.8175 51.2710
99.8819 51.4069
99.8835 51.4459
99.7787 51.4780
99.8504 51.3747
99.7242 51.4357
99.8838 51.3694
99.7939 51.4478
99.8447 51.4123
99.8483 51.3812
99.8256 51.4929
99.7438 51.3903
99.7211 51.3736
99.8576 51.3501
99.8696 51.5471
99.9188 51.4001
99.8451 51.5539
99.6286 51.6437
99.7092 51.6437
99.7629 51.3760
99.7690 51.5061
99.8330 51.3865
99.6751 51.4325
99.7546 51.5387
99.9893 51.3784
99.8949 51.3088
99.7095 51.4421
99.9476 51.3358
99.7631 51.4253
99.8469 51.4564
99.9119 51.5066
100.0626 51.4821
99.7209 51.3652
99.8624 51.3924
99.9471 51.6083
99.8756 51.2199
99.6880 51.2681
99.8470 51.5948
99.8313 51.8517
99.9516 51.4792
99.8880 51.4867
99.9461 51.4788
99.8566 51.4637
99.7373 51.5434
99.8344 51.3982
100.1749 51.3881
99.6833 51.2925
99.6691 51.5573
99.8587 51.2359
99.6327 51.3480
99.8313 51.4839
99.8844 51.3188
99.8065 51.2766
99.8184 51.3606
100.0868 51.4471
99.8163 51.4224
99.7044 51.4733
99.8910 51.4522
99.7629 51.5063
99.9505 51.3518
99.9007 51.4327
99.8755 51.4772
99.7887 51.3478
99.8028 51.3326
99.8188 51.5414
99.8237 51.4155
99.7858 51.4720
99.9213 51.4028
99.8993 51.4946
99.9623 51.3256
99.8924 51.4464
99.9662 51.8150
100.0147 51.6059
100.1438 51.6151
99.9035 51.6808
100.0150 51.7449
99.9271 51.6762
99.9537 51.6061
99.9176 51.4268
100.0949 51.5496
100.1600 51.6787
100.1436 51.6891
100.2322 51.6780
100.1217 51.7391
100.2365 51.7837
99.5870 51.4357
100.2540 51.6088
100.0084 51.5567
99.9454 51.7664
100.1742 51.2282
100.0330 51.3012
99.8324 51.4487
99.9152 51.4144
99.9298 51.4423
100.0049 51.4849
100.1585 51.6045
100.3224 51.7875
100.1598 51.7156
100.1099 51.4298
100.2576 51.6081
100.0534 51.5313
100.1067 51.6834
100.1254 51.5374
100.0999 51.6541
100.1790 51.6453
100.0395 51.6059
100.1260 51.6510
100.1565 51.6210
100.1084 51.6292
100.1495 51.5934
100.0645 51.6514
100.1358 51.5611
100.1461 51.6594
99.7985 51.4133
99.8849 51.3722
99.9097 51.3815
99.8980 51.3920
99.9316 51.4151
99.8280 51.4132
99.9292 51.2832
100.2140 51.6790
