153.0907 102.9900
152.3744 102.9976
152.8808 102.8020
153.0636 103.0765
152.9829 103.1968
152.9311 103.0980
152.6837 102.9637
152.8577 102.7895
152.7892 103.0498
152.3981 103.0421
152.3358 103.0389
152.4791 103.1769
152.4233 103.1043
152.2851 103.1161
152.5476 103.2498
152.3431 103.0511
152.5144 103.0704
152.4975 102.8950
152.3195 103.1424
152.3810 103.1830
152.5010 103.0267
152.4796 102.6354
152.6754 102.6460
152.4888 102.7058
152.5811 102.7778
152.5103 102.8102
152.6468 102.7370
152.7115 102.7466
152.6671 102.7362
152.7274 102.8508
152.5611 102.7514
152.6897 102.7635
152.8102 102.6558
152.5205 102.8379
152.6768 102.7940
152.5869 102.7043
152.6003 102.6689
152.6100 102.6465
152.5429 102.5154
152.7224 102.7235
152.3550 102.8037
152.5953 103.0562
152.7399 102.7772
152.6249 102.6234
152.4922 102.6840
152.7818 102.5888
152.6667 102.6840
152.4630 102.8344
152.4550 102.8358
152.5996 102.7485
152.5155 102.7974
152.7127 102.7525
152.4205 102.9910
152.5786 102.8513
152.6717 102.7603
152.6907 102.8408
152.5916 102.4694
152.5120 102.6932
152.4355 102.7780
152.5742 102.7656
152.4600 102.6313
152.6283 102.6881
152.5029 102.7178
152.5768 102.6655
152.6024 102.8326
152.6553 102.7923
152.6818 102.6883
152.6478 102.6754
152.3578 102.7818
152.7150 103.0087
152.6153 103.0252
152.5496 102.5033
152.3723 102.6088
152.5726 102.6748
152.6109 102.6939
152.5014 102.9792
152.4846 102.9457
152.7976 102.7970
152.5412 102.6104
152.6207 102.6486
152.6449 103.0591
152.3882 102.5969
152.6033 102.8010
152.6239 102.5782
152.5502 102.8773
152.4855 102.8127
152.5114 102.8886
152.4946 102.6704
152.7440 102.5696
152.8041 102.7690
152.7727 102.8181
152.6460 102.7526
152.7504 102.6056
152.6158 102.5679
152.5881 102.7486
152.8691 102.7465
152.9104 102.6797
152.7410 102.9310
152.4589 102.6556
152.7727 102.9240
152.5926 102.9223
152.7720 102.8718
152.6232 102.7094
152.5813 102.9426
152.8265 102.5885
152.8213 102.7747
152.9402 102.5372
152.8733 102.5464
152.8896 102.4526
152.7937 102.5390
152.9342 102.5772
152.8418 102.6084
152.8809 102.6658
152.9429 102.6143
152.9938 102.5759
153.0481 102.6405
152.8961 102.4790
152.5815 102.8022
152.5392 102.7543
152.7439 102.8251
152.7198 102.7036
152.6158 102.8364
152.4084 102.9035
152.2492 102.9387
152.3216 103.0021
152.6475 103.0747
152.4513 102.9500
152.5862 103.0206
152.3840 102.9416
152.6514 103.1195
152.6032 103.0203
152.4431 102.9558
152.4543 103.1025
152.3559 102.8583
152.4471 103.0278
152.5037 103.0927
152.5295 103.0038
152.4906 103.0121
152.4009 102.9763
152.4701 103.0913
152.4585 103.0749
152.4359 103.1138
152.4222 103.1166
152.5044 103.0382
152.3690 103.1231
152.4794 103.0119
152.4818 103.1068
152.4631 103.0185
152.5115 102.9440
152.5405 103.0779
152.4319 103.0001
152.4245 103.0186
152.4185 103.0918
152.4228 103.1925
152.5319 103.2126
152.2824 103.0141
152.4199 103.0086
152.4888 103.0653
152.4165 103.0249
152.4185 103.0927
152.4274 102.9681
152.4168 103.0584
152.4420 103.0500
152.4472 103.0794
152.4150 103.0865
152.4829 103.0440
152.4495 103.0406
152.4296 103.0309
152.3866 103.1201
152.4261 103.0027
152.4714 103.0340
152.5396 103.0281
152.4583 103.0629
152.5318 103.0341
152.5061 102.9911
152.4080 103.0347
152.4656 102.9717
152.4321 103.0435
152.3790 103.0502
152.5092 102.9866
152.4848 103.0257
152.4940 103.0764
152.4894 103.0395
152.3952 103.0739
152.4595 103.0695
152.4721 103.0871
152.4294 103.0514
152.4660 103.0767
152.4719 103.0279
152.4527 103.0570
152.4864 103.0346
152.4856 103.0048
152.5522 103.0727
152.5192 103.0406
152.4670 103.0019
152.4643 103.0496
152.5699 103.0015
152.4450 102.9935
152.5405 103.1156
152.5257 103.0542
152.5088 103.0714
152.6315 102.9590
152.4781 103.0777
152.5065 103.0309
152.5426 103.0078
152.5504 102.9535
152.4576 103.0007
152.4927 102.9562
152.5415 103.0883
152.4746 102.9825
152.5642 103.0334
152.5284 103.0564
152.4931 102.9867
152.5596 103.0634
152.5632 103.0272
152.5439 103.0234
152.4748 102.9465
152.5057 103.0497
152.4866 103.0630
152.5680 103.0692
152.5224 103.0937
152.5301 103.0339
152.4308 102.9709
152.4693 103.0431
152.5250 102.9882
152.5416 103.0089
152.5198 103.0251
152.5096 103.0396
152.5296 102.9909
152.4999 102.9825
152.4850 102.9903
152.5587 103.0197
152.5069 102.9492
152.4621 102.9697
152.3770 102.9679
152.4655 102.9629
152.3959 102.9023
152.3542 102.9032
152.5047 102.8719
152.4607 102.8983
152.4323 102.8811
152.4496 102.8703
152.4467 102.8396
152.3877 103.0355
152.4199 102.9468
152.3765 102.9782
152.2769 102.9713
152.4089 102.9672
152.3594 102.9594
152.2524 102.9666
152.2710 102.9727
152.3725 102.9569
152.3470 102.9582
152.3253 102.9377
152.3686 102.9880
152.2981 102.9273
152.3046 102.9846
152.2941 102.9270
152.2215 102.8803
152.2783 102.9242
152.2920 103.0041
152.3463 102.9812
152.2672 103.0141
152.2688 102.9566
152.2607 102.9177
152.4112 102.9855
152.4356 103.0075
152.4447 103.0401
152.4831 103.0312
152.4069 102.9853
152.2839 102.9636
152.3766 102.9857
152.3501 103.0040
152.2836 102.9634
152.2357 102.9659
152.2979 103.0021
152.2619 102.9059
152.3402 102.9931
152.3521 102.9957
152.3334 103.0085
152.3955 102.9296
152.4958 102.9248
152.5477 103.0118
152.5259 102.9648
152.5001 103.0672
152.6641 102.5690
152.5808 102.6399
152.5473 102.5738
152.4983 102.5375
152.7118 102.6387
152.5477 102.5686
152.5990 102.6996
152.5835 102.7754
152.6738 102.7597
152.6058 102.7188
152.6041 102.6419
152.6533 102.6801
152.5947 102.7697
152.5567 102.8370
152.5797 102.7367
152.7348 102.8877
152.6145 102.8127
152.6024 102.7514
152.7108 102.6911
152.5941 102.7395
152.7029 102.7888
152.5624 102.7662
152.6390 102.6977
152.5159 102.6787
152.6729 102.6446
152.6385 102.8091
152.5781 102.9111
152.4318 102.8393
152.6633 102.7687
152.6981 102.7001
152.6376 102.7202
152.5600 102.7177
152.8357 102.7172
152.5542 102.6262
152.6994 102.6371
152.5604 102.9980
152.5369 102.9951
152.4784 102.9806
152.5070 102.9446
152.5567 103.0069
152.4531 102.8799
152.6203 102.8094
152.5818 102.9352
152.4391 102.7313
152.5850 102.8944
152.6006 102.9871
152.7110 103.0215
152.3216 102.9843
152.6685 102.7489
152.6987 102.7884
152.3501 102.9159
152.4492 102.9384
152.5753 102.9757
152.3482 102.9475
152.5284 103.0610
152.5981 102.9873
152.6952 102.9840
152.5133 102.8226
152.5419 103.1234
152.7037 103.0435
152.4282 103.0536
152.5550 102.9736
152.4640 102.9297
152.6128 102.9055
152.4061 102.9326
152.5786 102.8132
152.6169 102.9733
152.5709 102.8309
152.6279 103.0989
152.3225 103.0073
152.6790 102.8753
152.6932 103.0669
152.6367 102.9317
152.4017 102.9297
152.3977 102.8852
152.6067 103.0446
152.8577 103.1191
152.4084 102.9405
152.7535 103.1816
152.4253 103.0185
152.5589 102.8645
152.5063 103.0590
152.6033 103.1722
152.4405 102.8188
152.6595 102.9727
152.4263 103.1066
152.7044 102.9544
152.6106 103.0258
152.5769 103.1107
152.5776 102.9077
152.6444 102.8275
152.5351 103.0224
152.6727 102.9354
152.7227 102.9972
152.6634 102.7954
152.5516 102.9440
152.6206 102.9672
152.5637 103.0312
152.5652 102.9933
152.4223 103.1633
152.5407 103.1435
152.4796 102.9746
152.3746 102.9434
152.5515 102.8676
152.5243 102.9768
152.5183 103.0596
152.5419 103.0720
152.6752 103.0620
152.7693 103.0316
152.4379 102.8382
152.7138 103.0232
152.4842 103.1567
152.6740 102.9953
152.3477 102.9253
152.4110 102.9306
152.6757 103.0408
152.4494 102.9127
152.7759 103.0590
152.5238 102.8905
152.5048 103.1265
152.4710 103.0070
152.5760 103.0675
152.4086 102.8605
152.4701 103.0675
152.7287 102.9831
152.4597 102.8688
152.6777 103.0825
152.5351 103.1169
152.5262 103.0655
152.6687 103.2285
152.6611 102.9340
152.6691 102.9244
152.5323 103.0559
152.6839 103.0413
152.6065 103.0778
152.5027 102.9070
152.4423 103.2310
152.5666 103.0563
152.6010 102.9979
152.6838 102.8181
152.4224 102.9970
152.3763 103.0468
152.6380 103.1350
152.6615 102.9598
152.7115 102.9523
152.5707 103.2036
152.5484 103.1992
152.4120 102.9071
152.2621 102.9650
152.5296 102.9709
152.4752 102.9039
152.5918 103.1520
152.3780 102.9286
152.6047 103.0852
152.6292 102.9518
152.3597 103.0426
152.6025 103.1773
152.4714 102.9791
152.5562 103.0165
152.5759 102.8404
152.5756 102.8489
152.2514 103.0498
152.5377 103.0634
152.5176 102.9231
152.5487 102.9989
152.3882 103.0839
152.5457 102.9449
152.6059 103.0802
152.4701 102.8618
152.5426 102.9139
152.5874 102.9945
152.6142 103.1085
152.4950 103.1302
152.5984 103.0265
152.7579 102.7633
152.5165 102.6964
152.6719 102.8150
152.6561 102.7327
152.6526 102.7352
152.4724 102.6755
152.6260 102.6838
152.6085 102.6779
152.5774 102.7608
152.5975 102.6743
152.5548 102.7424
152.7440 102.7116
152.6621 102.8146
152.8223 102.8648
152.6187 102.5048
152.7080 102.8298
152.7654 102.7325
152.7462 102.7825
152.5615 102.6757
152.5361 102.7596
152.5464 102.6938
152.7125 103.0307
152.6736 102.6776
152.6783 102.6786
152.5909 102.8089
152.6666 102.5955
152.6589 102.6513
152.5972 102.6718
152.6239 102.8327
152.6044 102.7477
152.6937 102.6007
152.7480 102.7437
152.6013 102.6144
152.6476 102.7524
152.6654 102.7425
152.7149 102.7387
152.6342 102.6724
152.6567 102.7106
152.6275 102.7493
152.8286 103.0234
153.0071 102.9732
152.6890 102.9033
152.8659 103.0359
152.9853 102.7555
152.6717 102.7303
152.7496 102.6011
152.6321 102.7053
152.7609 102.6867
152.7132 102.7414
152.7339 102.5852
152.8150 102.7139
152.6505 102.9618
152.7122 102.7270
152.6830 102.6284
152.6678 102.7658
152.5848 102.6304
152.9343 102.7286
152.7513 102.6455
152.5588 102.7004
152.6398 102.6986
152.5716 102.7887
152.8118 102.8383
152.7578 102.6983
152.8487 102.7698
152.6262 102.7203
152.6383 102.7340
152.8512 102.7037
152.7100 102.5112
152.6463 102.7068
152.5276 102.8033
152.5681 102.8982
152.8197 102.6751
152.6759 102.8307
152.7823 102.7175
152.6528 102.7851
152.7351 102.8902
152.8268 102.7100
152.7228 102.6469
152.6732 102.8115
152.5502 102.6986
152.6679 102.7657
152.6798 102.7877
152.5270 102.7555
152.7252 103.0065
152.9830 102.7026
152.5879 102.5110
152.7131 102.8488
152.5870 102.7101
152.6505 102.6654
152.6546 102.6787
152.8559 102.6251
152.8188 102.6064
152.6822 102.7634
152.5407 102.6528
152.6450 102.5968
152.6604 102.7167
152.5987 102.6173
152.6622 102.7395
152.6320 102.7271
152.7534 102.8288
152.7262 102.7878
152.7345 102.7621
152.5642 102.6999
152.5653 102.6567
152.7288 102.7318
152.6379 102.6703
152.6234 102.6941
153.0057 102.9790
152.9630 102.7194
152.8933 102.9409
152.9282 102.9167
152.7722 103.0657
152.8476 102.9739
152.8970 102.9283
152.9069 103.0720
152.9922 102.9280
152.9991 102.8982
152.8675 102.9887
153.0925 103.0336
152.8917 102.9449
152.9430 102.8560
152.9342 103.0189
152.9057 102.7669
152.9345 102.9388
153.0017 102.9273
152.9265 102.8882
152.9801 102.9890
152.8831 102.8756
152.9145 102.7776
152.8174 102.9556
152.9590 103.0028
152.9903 102.9756
152.8177 103.0905
152.8126 102.9260
152.9034 102.8387
152.8822 102.9043
152.8805 102.6840
152.9787 102.8831
152.8313 103.1222
152.9218 103.1845
152.9581 103.0868
152.8703 102.9433
152.8403 103.1019
152.9286 102.9926
152.8111 103.0354
152.9616 103.0931
152.9317 103.0068
152.8540 102.9550
152.9499 103.0841
152.9582 102.9773
152.8400 102.9789
152.8484 103.0098
152.9431 103.0186
152.8909 102.9467
152.8893 102.9795
152.9723 102.9975
152.8759 102.9778
152.8601 102.9285
152.8744 102.9535
152.9329 102.9425
152.9417 103.0399
152.9157 102.9792
152.9687 103.0354
152.8503 103.0431
152.9027 102.9811
152.8570 102.9175
152.8601 102.9510
153.0441 102.9419
153.0743 102.8512
153.0640 102.9712
