92.2275 198.7377
92.0740 198.6178
92.0089 198.7230
92.3434 198.4931
92.5005 198.9052
92.5497 198.9859
92.4264 198.6675
92.5931 198.7665
92.6557 198.6176
92.5196 198.7037
92.2404 198.7850
92.3933 198.5749
92.6921 198.7745
92.5463 198.9781
92.5190 198.9128
92.5261 198.8849
92.6457 198.9850
92.4680 198.9096
92.3458 198.7999
92.3325 198.9882
92.5064 198.8398
92.5609 199.0834
92.5095 198.6831
92.5010 199.0526
92.5285 198.5957
92.3364 198.8169
92.5333 198.8460
92.5197 198.4558
92.4448 198.7467
92.3975 198.8757
92.4478 198.7623
92.6804 198.7973
92.4961 198.8450
92.4333 198.9643
92.3087 198.8965
92.4458 198.8692
92.5178 198.8064
92.6263 198.8193
92.4647 198.7799
92.3940 198.9925
92.4719 198.8621
92.5193 198.8582
92.5144 198.8458
92.5603 198.7905
92.5713 198.8523
92.5054 198.8286
92.5469 198.8296
92.6114 198.8611
92.4886 198.7617
92.4969 198.7989
92.4526 198.8609
92.5391 198.9413
92.4361 198.8395
92.5332 198.8442
92.4594 198.8347
92.5494 198.8664
92.6354 198.7932
92.5415 198.8357
92.5069 198.9167
92.5857 198.8135
92.5832 198.8112
92.5531 198.8179
92.5267 198.8241
92.5970 198.8308
92.5002 198.8089
92.4525 198.8213
92.4535 198.8319
92.5294 198.7635
92.4427 198.7721
92.5834 198.8103
92.5324 198.8673
92.7652 198.7957
92.5495 198.7724
92.4991 198.8065
92.5002 198.7878
92.5055 198.8158
92.5051 198.7884
92.5580 198.7312
92.5550 198.8113
92.5817 198.7967
92.5254 198.8350
92.5546 198.8492
92.5299 198.8261
92.5654 198.8104
92.4578 198.7817
92.5398 198.7949
92.5569 198.8516
92.6316 198.8747
92.5544 198.7812
92.4817 198.8859
92.5583 198.7723
92.5085 198.9086
92.5338 198.7910
92.5344 198.7577
92.5862 198.8518
92.5598 198.7874
92.5377 198.7857
92.4379 198.7456
92.4604 198.8493
92.4542 198.8332
92.5973 198.8527
92.5617 198.8606
92.4905 198.8821
92.5876 198.8351
92.4485 198.8658
92.5216 198.8278
92.5329 198.7659
92.4345 198.8038
92.5510 198.8215
92.4251 198.8694
92.5493 198.8098
92.4546 198.8669
92.6137 198.8125
92.6228 198.8595
92.5697 198.7705
92.5746 198.8662
92.5545 198.7708
92.6015 198.7683
92.4587 198.7878
92.4571 198.8365
92.5225 198.8602
92.5348 198.7616
92.5054 198.7483
92.5030 198.8015
92.5840 198.7910
92.5717 198.8451
92.5410 198.8236
92.6196 198.7554
92.5240 198.8488
92.5526 198.8240
92.4349 198.8728
92.4642 198.7584
92.5883 198.8618
92.5258 198.7538
92.7302 198.8846
92.7151 198.9635
92.4755 198.8208
92.5758 198.7998
92.6223 198.8581
92.4747 198.8418
92.4652 198.8609
92.4895 198.8131
92.5679 198.7384
92.5377 198.7558
92.5636 198.9021
92.3945 198.7716
92.5000 198.8058
92.0413 199.0177
92.1631 199.0163
92.1921 198.9539
92.0253 199.1624
92.2413 199.0219
92.1698 198.8218
92.2563 198.9669
92.1684 198.9993
92.1445 199.0999
92.3562 199.0665
92.1324 198.7718
92.2846 198.9370
92.0194 199.1356
92.1639 198.9347
92.1198 198.9888
92.0851 199.0459
92.0950 198.8850
92.0884 198.8497
92.0432 199.2188
92.3173 198.9629
92.1987 198.8990
92.2854 199.2913
92.1418 198.9797
92.2946 198.8613
92.6381 199.1423
92.3725 199.0822
92.0994 199.0077
92.0123 198.8929
92.1999 198.9270
92.2278 198.9539
92.0194 199.0046
92.0408 198.8725
92.0373 199.1730
92.1373 198.9596
92.1331 199.0683
92.2447 198.8981
92.1711 198.9583
92.1623 199.0463
92.1581 199.1163
92.3286 198.9673
92.1818 199.1009
92.1099 198.9677
92.1662 198.9527
92.1194 198.9547
92.2695 198.9867
92.0652 198.8594
92.0265 199.0556
92.2216 198.9442
92.3007 199.0344
92.2230 198.8856
92.0484 198.9565
92.2425 198.8937
92.1048 199.0077
91.9560 198.9728
92.0581 198.8904
92.1206 199.0092
92.3344 199.0135
92.2566 198.8463
91.9507 198.8434
92.0337 199.0491
92.0283 198.8710
92.1865 198.8326
92.2693 198.9756
92.0226 198.7458
92.3247 198.9782
92.0905 198.9022
92.0492 199.0269
92.2202 199.1768
92.3616 198.8659
92.0014 199.0142
91.9436 198.9700
92.2228 199.0483
91.9684 198.9744
91.9898 198.9455
92.0152 198.8958
92.1109 199.0015
92.0187 198.9251
91.9806 198.8732
92.3729 198.9388
92.0514 199.0145
92.1440 198.9959
92.2190 198.9407
92.0721 199.0356
92.5050 198.8781
92.0442 198.9313
92.1273 198.8693
92.1349 199.1943
92.0293 199.0032
92.4468 199.1642
92.1363 198.8674
92.4246 198.7462
92.2592 198.6415
92.4790 198.5692
92.3600 198.6922
92.1154 198.6647
92.2758 198.6875
92.3415 198.5449
92.2868 198.5986
92.3378 198.5729
92.1830 198.6053
92.1761 198.6567
92.0628 198.6656
92.2567 198.7218
92.2373 198.7760
92.4517 199.1226
92.3511 198.6165
92.4105 198.6761
92.3818 198.5420
92.3460 198.7595
92.4962 198.7865
92.3690 198.7000
92.3702 198.6075
92.1987 198.7204
92.1215 198.7192
92.1729 198.5977
92.3006 198.6567
92.4154 198.7648
92.2200 198.6594
92.3091 198.8098
92.2229 198.6089
92.2287 198.7143
92.4102 198.7389
92.3782 198.7754
92.2816 198.7595
92.1989 198.6834
92.5496 198.6586
92.1532 198.7902
92.3538 198.6179
92.3411 198.6218
92.2475 198.6341
92.3195 198.6524
92.3058 198.6612
92.2753 198.6390
92.2431 198.7113
92.2793 198.6780
92.3265 198.6501
92.2162 198.6520
92.2684 198.6620
92.2713 198.6796
92.1848 198.7112
92.2729 198.4933
92.2881 198.7035
92.2548 198.7289
92.3044 198.7772
92.2848 198.6716
92.2769 198.7298
92.3467 198.6037
92.3351 198.6666
92.3809 198.6883
92.3791 199.0259
92.1391 198.9565
92.2518 198.9030
92.1840 199.2085
92.2249 198.9465
92.0771 198.8454
92.4678 198.6877
92.4404 198.6325
92.1335 198.8054
92.2225 198.7871
92.4442 198.7255
92.2150 198.8581
92.1325 198.7359
92.2612 198.6983
92.2255 198.5990
92.4506 198.7133
92.2126 198.5635
92.1297 198.7225
92.2355 198.8633
92.3631 198.7281
92.3262 198.7348
92.3923 198.6251
92.2297 198.7772
92.3417 198.7328
92.3296 198.9323
92.1628 198.5709
92.2876 198.7523
92.4190 198.6844
92.2738 198.7355
92.2368 198.5924
92.3325 198.6024
92.3907 198.7213
92.4247 198.4846
92.1248 198.6088
92.3536 198.6311
92.2077 198.7025
92.3971 198.7289
92.1081 198.6859
92.3032 198.5849
92.2915 198.6913
92.1494 198.8205
92.1698 198.6644
92.2635 198.6711
92.4391 198.7746
92.2506 198.7137
92.4704 198.7812
92.2273 198.7457
92.2544 198.7738
92.1804 198.5956
92.4271 198.5679
92.4494 198.6960
92.2795 198.5853
92.3578 198.8366
92.3989 198.7746
92.3553 198.6019
92.3119 198.6826
92.3303 198.7362
92.3012 198.6601
92.2261 198.6913
92.2621 198.7976
92.2971 198.7264
92.5194 198.8510
92.3748 198.6703
92.3665 198.5604
92.2542 198.7620
92.3673 198.6057
92.2883 198.6922
92.3959 198.7374
92.3004 198.6589
92.3700 198.6505
92.3269 198.6569
92.3672 198.6925
92.3038 198.7101
92.3629 198.6521
92.2785 198.6776
92.2839 198.7176
92.1916 198.7498
92.2038 198.7813
92.2928 198.7264
92.3514 198.7090
92.3105 198.7373
92.4010 198.7077
92.5533 198.5638
