32.2263 125.7543
32.3620 126.0390
32.4301 126.0115
32.2228 125.7981
32.4107 125.8614
32.5352 125.9147
32.5409 125.8316
32.5265 125.8662
32.4544 125.8604
32.4121 125.7741
32.3782 126.0040
32.6012 125.8019
32.3001 125.8864
32.4735 125.8954
32.5594 125.7889
32.5834 125.3043
32.4976 125.3750
32.5478 125.3897
32.2429 125.7704
32.2873 125.9574
32.4984 125.8622
32.4197 126.0859
32.5599 125.9361
32.4032 125.9953
32.4755 125.9053
32.4480 125.9000
32.2957 126.0701
32.4910 125.6948
32.3575 125.9065
32.5667 125.6474
32.3541 126.0616
32.3622 125.8817
32.3852 125.9678
32.4526 125.9173
32.3645 125.7812
32.3498 125.9399
32.4449 126.0147
32.3715 125.8882
32.5191 125.9698
32.4191 125.9176
32.3776 125.8068
32.3592 125.9372
32.3587 125.8963
32.3876 125.8993
32.4456 125.8046
32.4130 125.9155
32.4548 125.7851
32.5114 126.0025
32.4641 125.8881
32.3784 125.8689
32.2600 125.9555
32.4372 125.8290
32.4645 125.9751
32.3752 125.9670
32.5164 125.8659
32.5009 125.8725
32.3252 125.9304
32.6019 125.8919
32.2107 125.8418
32.2713 125.8737
32.3823 125.9366
32.4000 126.0310
32.3889 125.9348
32.3433 125.9362
32.2906 125.7642
32.5276 125.6157
32.4502 125.7077
32.5745 125.5459
32.4481 125.5932
32.6160 125.5325
32.6131 125.4611
32.4473 125.5335
32.5094 125.6300
32.6261 125.7774
32.4908 125.6723
32.7879 125.5147
32.5051 125.5838
32.4944 125.7375
32.4538 125.6456
32.4725 125.5499
32.5263 125.5692
32.4795 125.5807
32.5072 125.5150
32.4633 125.5992
32.5146 125.5712
32.4539 125.5212
32.4840 125.5985
32.5397 125.5288
32.4842 125.5599
32.5617 125.4948
32.3493 125.8388
32.6850 125.8704
32.2897 125.8514
32.6388 125.7919
32.5683 125.7887
32.4870 125.8708
32.3411 125.7994
32.5085 126.0134
32.4648 125.8917
32.4856 125.8737
32.4452 125.8743
32.5910 125.8686
32.4338 125.8050
32.4187 125.8068
32.6102 125.7828
32.4482 125.9412
32.5193 125.9704
32.3866 125.8602
32.4287 125.9970
32.4370 125.9641
32.3291 125.8668
32.4502 125.8727
32.3678 125.9449
32.3504 125.8492
32.5005 125.8000
32.4374 126.0324
32.5353 126.0340
32.4836 125.8762
32.4303 125.9203
32.6402 125.8552
32.3431 126.0457
32.5345 125.7878
32.5500 126.0517
32.5056 125.9073
32.3056 125.9392
32.3953 125.9061
32.6288 125.9352
32.3035 125.8897
32.5369 125.9090
32.5651 125.9910
32.4206 125.9269
32.5033 126.0563
32.5016 125.8937
32.3758 125.8096
32.6551 125.7545
32.5520 125.8498
32.4688 125.8923
32.5048 125.8082
32.2623 126.2027
32.5247 125.9528
32.3917 126.0386
32.4961 125.8378
32.4288 125.8721
32.3654 125.9107
32.4373 125.9019
32.4165 125.9753
32.4930 125.5956
32.6662 125.5608
32.5220 125.4547
32.4698 125.6288
32.6476 125.5054
32.6875 125.4285
32.7719 125.6532
32.5416 125.6103
32.4567 125.5940
32.6344 125.5074
32.6866 125.4445
32.6640 125.5328
32.6537 125.6464
32.5784 125.4755
32.5776 125.6466
32.5154 125.5309
32.6405 125.4692
32.4316 125.5611
32.5607 125.4781
32.5753 125.5610
32.6902 125.5798
32.6758 125.5432
32.5446 125.6317
32.4356 125.5951
32.5641 125.5863
32.5694 125.5888
32.5744 125.5488
32.5266 125.5792
32.5479 125.6055
32.6739 125.5363
32.3911 125.8027
32.4967 125.9178
32.4781 125.9130
32.4140 125.8945
32.4196 125.8930
32.3614 125.7608
32.3918 125.9778
32.3740 125.7427
32.6197 125.8218
32.3277 125.9237
32.4497 125.8737
32.3622 125.7469
32.4579 125.7860
32.4220 125.8827
32.5063 125.8820
32.4603 125.7695
32.5431 125.9356
32.4713 125.8045
32.4829 125.8727
32.4473 125.8490
32.3523 125.9049
32.3549 125.8993
32.5212 125.8729
32.4588 125.8546
32.4517 125.9348
32.4083 125.9441
32.4588 125.8600
32.4238 125.9132
32.4112 125.8314
32.4472 125.8789
32.3541 125.9468
32.4577 125.6917
32.2505 125.7370
32.3499 125.8925
32.3490 125.7360
32.2558 125.7499
32.5514 126.1452
32.1758 125.9026
32.3310 125.8612
32.6315 126.1331
32.2930 125.8199
32.3219 125.6573
32.4346 125.8902
32.2795 125.9096
32.5444 125.6369
32.4279 125.9051
32.4189 125.7557
32.5544 125.8719
32.5792 125.8744
32.3327 125.8954
32.1885 125.8743
32.2566 125.5735
32.1554 125.7090
32.2775 125.5922
32.2621 125.6213
32.3353 125.6394
32.2727 125.6324
32.3250 125.5939
32.2190 125.6493
32.1386 125.7389
32.2370 125.6575
32.1699 125.6793
32.1853 125.7026
32.1196 125.7623
32.3036 125.7129
32.1723 125.5948
32.2256 125.6466
32.3067 125.3804
32.2245 125.6875
32.2019 125.6803
32.2336 125.6385
32.2535 125.5681
32.1126 125.5368
32.1966 125.7545
32.3155 125.6016
32.2464 125.6807
32.2382 125.6230
32.2551 125.6117
32.1894 125.7790
32.0992 125.7884
32.2875 125.6549
32.3248 125.6350
32.1866 125.6627
32.2574 125.5742
32.2029 125.6764
32.1971 125.5975
32.2515 125.3734
32.2286 125.6400
32.2912 125.6044
32.3051 125.6533
32.2962 125.4551
32.2523 125.6541
32.2372 125.5994
32.2052 125.6882
32.2194 125.5135
32.2746 125.8134
32.1957 125.6782
32.2688 125.4379
32.1465 125.7440
32.2493 125.5888
32.2197 125.6445
32.2186 125.6533
32.3832 125.7538
32.4932 125.9554
32.3346 125.9424
32.4046 125.9032
32.4385 125.9413
32.5276 126.0517
32.4837 125.8744
32.4990 125.8848
32.5579 125.7860
32.3453 125.4149
32.3099 125.6521
32.2094 125.7374
32.2781 125.6851
32.4839 125.5390
32.3252 125.6815
32.3126 125.7440
32.2113 125.6261
32.2972 125.6226
32.2498 125.6205
32.2545 125.6098
32.2975 125.6048
32.1917 125.6505
32.1960 125.6698
32.1433 125.6374
32.2492 125.5325
32.2441 125.6487
32.2307 125.6693
32.2546 125.6283
32.5414 126.0290
32.3961 125.7630
32.4963 125.8503
32.5221 125.8796
32.4849 126.0262
32.5112 126.0029
32.1228 126.0056
32.1250 126.0612
32.1371 125.8608
32.8044 125.7699
32.4614 125.8654
32.5490 125.8445
32.0454 125.8480
32.1045 125.8539
32.6513 125.5974
32.6447 125.7096
32.6069 125.4802
32.5479 125.4827
32.5857 125.7516
32.6001 125.5955
32.6008 125.6086
32.5761 125.5043
32.6133 125.5984
32.6737 125.6216
32.6027 125.5192
32.5654 125.5848
32.7068 125.6552
32.5635 125.5056
32.6697 125.5780
32.6489 125.4795
32.5613 125.5903
32.7608 125.6592
32.5902 125.6341
32.6785 125.6347
32.6469 125.5840
32.5761 125.5504
32.6877 125.4521
32.6166 125.5706
32.6413 125.6405
32.5465 125.6395
32.5829 125.5925
32.7806 125.5708
32.6759 125.5523
32.6127 125.6198
32.7026 125.5606
32.4877 125.6180
32.6661 125.4439
32.5837 125.5659
32.6000 125.4883
32.6744 125.5473
32.6532 125.6318
32.4897 125.5649
32.5676 125.5587
32.5551 125.6254
32.5940 125.5989
32.6141 125.6128
32.4963 125.5124
32.7407 125.5598
32.6753 125.5881
32.4875 125.6842
32.6033 125.7250
32.5007 125.4103
32.5170 125.6527
32.5349 125.5097
32.6837 125.4095
32.4653 125.5120
32.4810 125.4979
32.6295 125.4921
32.5651 125.6605
32.5919 125.6009
32.5644 125.4718
32.6936 125.5717
32.7010 125.4924
32.6360 125.5227
32.5312 125.5820
32.5004 125.6263
32.5579 125.7084
32.5000 125.6034
32.6948 125.5766
32.5746 125.5672
32.5955 125.8158
32.5750 125.5708
32.5240 125.4773
32.5202 125.6357
32.6190 125.6527
32.6770 125.6296
32.6360 125.5711
32.6717 125.4679
32.4202 125.6231
32.6636 125.4837
32.7682 125.4868
32.7479 125.5687
32.5294 125.5989
32.5536 125.4885
32.6098 125.6449
32.7024 125.5292
32.5907 125.4582
32.6513 125.4896
32.6470 125.5852
32.6260 125.7068
32.6150 125.6676
32.6043 125.4868
32.5686 125.5425
32.6408 125.6557
32.6806 125.5546
32.5970 125.6165
32.5103 125.5380
32.4275 125.7376
32.5977 125.5182
32.5103 125.6197
32.5698 125.5896
32.7012 125.6418
32.6146 125.4956
