30.3944 116.6553
30.3886 116.6208
30.1933 116.4518
30.1912 116.3594
30.1463 116.5661
30.1701 116.2011
30.2232 116.4143
30.0469 116.3480
30.3012 116.3600
30.0551 116.5325
30.0802 116.5033
30.0787 116.2359
30.2308 116.3855
30.1427 116.4050
30.0662 116.3888
29.9948 116.3535
30.1523 116.3569
30.2366 116.5932
30.1039 116.4805
30.0690 116.2956
30.1402 116.3411
30.0630 116.2385
30.2115 116.3760
30.0654 116.3764
30.1167 116.5026
30.1235 116.4012
30.1775 116.4083
30.0475 116.2394
30.1595 116.3806
30.2197 116.4056
30.1744 116.3500
30.1769 116.4386
30.1559 116.4152
30.0782 116.4656
30.0034 116.2796
29.9223 116.3600
30.0722 116.3353
29.9945 116.2937
30.1535 116.3415
30.3498 116.2925
30.3188 116.3510
30.1876 116.4096
29.9738 116.3844
30.0955 116.3580
30.0928 116.3698
29.7994 116.6693
30.0999 116.9597
30.3291 116.6754
30.3196 116.6649
30.3459 116.1258
30.1203 116.3361
30.1822 116.2746
30.4317 116.4217
29.9716 116.7659
30.1149 116.7730
30.0624 116.7402
30.1982 116.7881
30.0729 116.6824
30.0212 116.6511
30.1658 116.7085
30.0565 116.7712
30.2069 116.7772
30.0920 116.8218
30.0966 116.7763
30.1693 116.5853
30.1640 116.6945
30.1120 116.6684
30.0690 116.7942
30.0328 116.6763
29.9583 116.8341
30.0844 116.6378
30.0958 116.7597
29.9934 116.6876
30.0747 116.7594
30.1532 116.6966
30.3420 116.6899
30.4640 116.7254
30.4440 116.8023
30.4400 116.5060
30.3969 116.6544
30.4106 116.6724
30.3715 116.6846
30.4768 116.7202
30.4260 116.5949
30.3085 116.6285
30.4432 116.6736
30.3807 116.6134
30.4155 116.6328
30.3921 116.5896
30.3543 116.6628
30.3591 116.5531
30.4196 116.5861
30.5348 116.5840
30.3439 116.6766
30.3611 116.7587
30.3283 116.7127
30.0625 116.6540
30.1991 116.7577
30.1691 116.7581
30.1287 116.6885
30.0609 116.8352
30.1792 116.6981
30.0855 116.6496
30.0281 116.7145
30.1671 116.6426
30.1022 116.5814
30.0933 116.6213
30.0886 116.6518
30.1302 116.6342
29.9406 116.7490
30.2717 116.6193
29.9793 116.7366
30.0245 116.9115
29.9358 116.5455
30.1106 116.7300
30.1807 116.8249
30.1985 116.8695
30.1620 116.8271
30.2476 116.8798
30.1686 116.7631
30.1215 116.7238
30.2269 116.6619
30.2062 116.7699
30.1232 116.7516
30.1031 116.6974
30.0199 116.5161
30.1754 116.6960
30.2140 116.6816
30.2126 116.8251
30.3245 116.6778
30.1546 116.6450
30.1133 116.5825
30.1557 116.6667
30.1768 116.7552
30.0271 116.7007
30.1638 116.6994
30.0887 116.6592
30.1157 116.6953
30.1132 116.7215
30.1071 116.7396
30.0922 116.7225
30.1318 116.7420
30.0995 116.6769
30.3932 116.4048
30.3914 116.5627
30.3811 116.6656
30.3455 116.5168
30.4125 116.6805
30.3018 116.6090
30.3202 116.5611
30.5037 116.6183
30.2105 116.6432
30.4040 116.5029
30.4567 116.6477
30.3721 116.6724
30.3561 116.5710
30.3318 116.6792
30.4600 116.6004
30.4703 116.6699
30.4574 116.6159
30.3848 116.5789
30.4555 116.5265
30.2381 116.6407
30.3954 116.6582
30.3219 116.7245
30.3868 116.5581
30.4342 116.6024
30.4520 116.5801
30.3477 116.5825
30.3799 116.5974
30.3853 116.6339
30.3595 116.6298
30.3397 116.6788
30.3026 116.7832
30.3675 116.6693
30.4363 116.4743
30.4354 116.5644
30.3451 116.4538
30.4138 116.6526
30.3342 116.7326
30.3895 116.5159
30.4607 116.5335
30.4370 116.5239
30.4786 116.5817
30.3605 116.6239
30.3665 116.6264
30.3759 116.8576
30.3672 116.8028
30.4758 116.5861
30.5943 116.5515
30.5423 116.7285
30.5134 116.6166
30.4309 116.5981
30.2616 116.6209
30.4441 116.7396
30.4974 116.6401
30.5649 116.6284
30.4789 116.6629
30.5324 116.7641
30.4261 116.6851
30.4793 116.4468
30.3555 116.6593
30.4755 116.6817
30.4745 116.8880
30.3089 116.4706
30.5447 116.5444
30.3637 116.6455
30.4038 116.6432
30.4078 116.6343
30.4150 116.6253
30.3454 116.6065
30.3712 116.6407
30.3963 116.6764
30.3790 116.6674
30.3615 116.6620
30.3340 116.6762
30.3991 116.6529
30.4673 116.8053
29.9231 116.6520
30.0968 116.7607
30.2175 116.7320
30.0898 116.7690
30.1752 116.6327
30.1949 116.7145
30.0148 116.6979
30.1526 116.7705
30.0627 116.6027
30.1191 116.6174
30.0230 116.8871
30.0304 116.6984
30.0714 116.7102
30.0596 116.6118
30.1545 116.7310
30.0105 116.5648
29.9204 116.6677
30.2214 116.7446
30.2208 116.6826
30.1312 116.6395
30.0959 116.6497
