87.2124 193.0208
87.1783 193.4128
86.5682 193.0050
86.4196 193.0315
86.5275 192.9198
86.8267 192.9296
86.8469 192.8163
86.8907 192.8610
86.8186 192.9345
86.9238 192.8120
86.8067 192.8770
86.7448 192.9174
86.7641 192.9359
86.5216 193.2405
86.5270 193.2493
86.6160 193.1772
86.6331 192.9997
86.5453 193.1530
86.4288 193.0360
86.5411 193.2188
86.6199 193.0243
86.6829 193.1911
86.5008 192.9642
86.6566 193.0439
86.6367 193.2558
86.8270 193.0245
86.5914 192.9935
86.6050 193.2234
86.4244 193.1280
86.6868 192.9120
86.4801 193.2461
86.6249 193.3222
86.5081 193.2463
86.5128 192.9742
86.7348 193.0468
86.8347 193.2764
87.0739 193.4286
87.0376 193.1764
86.5428 193.0884
86.6560 193.0951
86.5122 193.1563
86.6490 193.0857
86.4391 192.9301
86.6362 193.1921
86.6672 193.0755
86.7064 193.2737
86.6515 193.2037
86.6618 193.1629
86.5155 193.2328
86.5904 192.9413
86.8651 192.9893
86.5578 193.0292
86.8088 193.0382
86.5291 193.3020
86.5153 193.1145
86.5185 193.2233
86.6876 193.2505
86.6413 193.1334
86.6248 193.1068
86.6658 193.1069
86.6501 193.1630
86.6531 193.0688
86.5811 193.1159
86.6784 193.1120
86.6293 193.0773
86.5804 193.1730
86.8937 192.8255
86.8825 192.9412
86.9048 192.8477
86.9247 192.8569
87.0089 193.2832
86.5808 192.9528
86.7844 192.9589
86.7628 192.7226
86.9244 192.9458
87.0281 192.8930
86.9616 192.9432
86.8292 192.8193
86.9893 192.9476
86.5553 192.8648
86.9815 192.9669
87.0458 192.7659
86.9786 193.0379
86.9194 192.9388
86.8505 192.8659
86.8672 192.8783
86.8856 192.9287
87.0003 192.7959
86.9926 192.7984
86.8172 192.7907
86.6656 192.8277
86.9782 192.9686
86.8970 192.8896
86.9204 192.8820
86.8694 193.0103
86.8900 192.8789
86.8830 192.9045
86.8649 192.9671
86.8471 193.0436
86.8515 192.8974
86.9534 192.8800
87.0169 192.8270
86.6820 192.9968
86.8797 192.7991
86.8831 192.9934
86.8407 192.9424
86.8455 192.8146
86.7771 193.1044
86.9463 192.9707
86.8244 192.9804
86.9878 192.7753
86.9741 192.9708
86.8953 192.9896
86.8874 192.8834
86.6739 192.8732
86.9044 192.9564
86.8614 192.9771
86.9379 192.9215
87.0513 193.2175
86.9794 193.4034
86.8459 193.2774
87.0924 193.0687
86.8542 193.3253
86.9543 193.2190
86.9532 193.1130
86.9728 193.2144
87.0401 193.2861
87.0415 193.2579
86.9803 193.2459
87.0216 193.3682
87.1106 193.0822
86.9245 193.1788
87.1143 193.0356
87.1267 193.3707
87.1186 193.2346
87.0043 193.2188
86.8544 193.2871
86.9175 193.0918
87.0472 193.1626
86.8490 193.3448
87.0674 193.1248
86.9663 193.2149
86.9194 193.1004
87.0927 193.1910
