105.1986 166.3838
105.3922 166.4010
105.3889 166.4449
105.4270 166.6971
105.2347 166.4696
105.5191 166.6263
105.3780 166.5463
105.1628 166.6538
105.4530 166.6703
105.2399 166.8366
105.2188 166.4558
105.3617 166.4615
105.2993 166.6111
105.1877 166.3596
105.3922 166.3297
105.0984 166.4612
105.1045 166.5906
105.3769 166.5752
105.2355 166.4676
105.0519 166.4351
105.1452 166.5612
105.3820 166.5511
105.2780 166.6239
105.4684 166.7728
105.0726 166.7702
105.2009 166.6115
105.3927 166.5689
105.4793 166.5086
105.1480 166.4850
105.3223 166.6688
105.4649 166.3013
105.0607 166.4052
105.2131 166.4550
105.2360 166.7019
105.2448 166.7718
105.5186 166.6507
105.4490 166.6516
105.2761 166.6326
105.1957 166.5616
105.3766 166.5196
105.3625 166.5833
105.3643 166.4613
105.2501 166.5856
105.2212 166.5301
105.3535 166.5343
105.2076 166.5542
105.3395 166.5500
105.4095 166.4591
105.3469 166.5625
105.3119 166.5846
105.4076 166.5510
105.2992 166.5354
105.3858 166.4941
105.3459 166.4772
105.3350 166.5136
105.2599 166.5650
105.2803 166.4769
105.3232 166.4778
105.3524 166.5223
105.2161 166.5178
105.2820 166.4253
105.3654 166.5519
105.3339 166.6706
105.3182 166.5320
105.3832 166.5734
105.3074 166.5298
105.2891 166.5931
105.2987 166.6584
105.5245 166.6951
105.2692 166.8939
105.4060 166.9573
105.4120 166.8201
105.2767 166.8233
105.5921 166.8588
105.2963 166.6873
105.2512 167.0140
105.5520 166.9615
105.2305 166.7835
105.4925 166.8890
105.2875 166.8230
105.2228 166.7737
105.1553 166.9397
105.5089 167.0275
105.6493 166.6378
105.6865 166.5518
105.6120 166.5500
105.6747 166.5351
105.6061 166.5392
105.7602 166.5771
105.6276 166.6105
105.7357 166.5553
105.7298 166.5239
105.6396 166.5581
105.6354 166.5268
105.7298 166.5659
105.6583 166.5164
105.6867 166.5566
105.5983 166.5816
105.6824 166.5393
105.6683 166.5568
105.7935 166.5512
105.7274 166.6291
105.3456 166.5763
105.6709 166.6075
105.7612 166.4957
105.2490 166.4995
105.5371 166.9202
105.6281 166.8823
105.4778 166.8118
105.3242 166.9781
105.3305 166.7852
105.3398 166.7807
105.5671 166.8164
105.5408 166.6661
105.3422 167.0082
105.3927 166.8389
105.6064 166.8402
105.5790 166.8697
105.4522 166.9639
105.4935 166.9115
105.3431 166.9685
105.5881 166.8322
105.4749 166.7328
105.2639 166.7973
105.4310 166.8994
105.5886 166.8507
105.5969 166.9439
105.3836 166.9066
105.4956 166.7935
105.5017 167.0145
105.6803 166.7988
105.2938 166.8493
105.2864 166.6508
105.5677 166.9921
105.3454 166.7839
105.6509 166.6614
105.5676 166.8716
105.5851 166.8905
105.4258 166.9705
105.4007 166.9039
105.5734 166.8596
105.5530 166.8782
105.7706 167.0238
105.5573 166.8890
105.5535 167.0477
105.5075 166.7163
105.3118 166.8026
105.5455 166.8028
105.5017 166.7288
105.3931 166.5073
105.4042 166.9345
105.5053 166.6658
105.3593 166.4406
105.6739 166.8460
105.6085 166.4266
105.8643 166.5726
105.7745 166.5153
105.7308 166.5140
105.6572 166.8251
105.4660 166.7531
105.5972 166.7812
105.7270 166.7030
105.4818 166.8645
105.6753 166.8546
105.4938 166.6159
105.3915 166.4572
105.3738 166.4937
105.3605 166.4605
105.5733 166.5128
105.2946 166.5483
105.3868 166.5392
105.3921 166.6726
105.4414 166.5183
105.4055 166.4909
105.5076 166.4466
105.4118 166.5705
105.2915 166.3002
105.3348 166.1428
105.5804 166.4663
105.5311 166.6939
105.4978 166.2514
105.3243 166.4185
105.3951 166.4668
105.4182 166.4906
105.6203 166.4812
105.3685 166.4975
106.0010 166.6358
105.8906 166.6370
105.7400 166.6716
105.7200 166.6348
105.7034 166.4663
105.7391 166.5328
105.4042 166.5287
105.4593 166.6289
105.4012 166.8977
105.9889 166.7017
105.3760 166.4085
105.3320 166.9709
