69.0625 95.7882
69.2405 95.9096
68.9078 95.9789
68.8838 95.9774
68.8457 96.0992
68.9979 95.9466
68.8905 96.0454
68.7924 95.9989
68.9355 95.9722
68.8463 95.9926
68.8806 95.8953
68.7189 95.8819
68.6870 96.0235
68.8660 96.1169
68.7484 95.9323
69.0604 95.9511
69.1101 96.0023
68.9158 95.9548
69.0283 96.0699
69.1106 95.9503
68.8643 95.9414
68.8432 95.9783
68.9360 96.0034
68.8571 96.0168
68.8506 95.9886
68.7790 96.0179
69.1985 95.8550
69.1919 95.8124
68.9150 96.0135
68.9114 96.0747
68.9684 95.8797
68.6614 96.0285
68.7376 95.9437
68.9035 96.0974
68.8010 95.9492
68.9193 96.0131
68.6652 96.0853
68.8144 95.9361
68.9184 95.9956
68.8720 96.0460
68.8459 95.9645
69.0287 96.1397
69.0424 95.9229
69.0366 96.1077
68.8721 95.9691
68.8544 95.9748
68.8839 96.1519
68.9222 95.9566
68.8447 95.9835
68.8254 95.8990
68.8438 95.9662
68.9175 95.9006
69.0026 96.0973
68.8451 96.0281
68.8593 96.2054
68.9031 96.0408
68.9478 96.1532
68.8712 96.0299
69.1826 95.9772
68.9773 95.9267
68.8570 96.2164
68.9789 96.0088
68.8480 95.9690
68.7682 95.8461
68.9711 95.8743
68.9131 96.0386
68.7182 96.0658
68.8843 96.1311
68.8812 95.9258
69.1337 96.0655
68.8366 96.0114
68.8539 95.9835
68.8350 95.8061
68.8375 95.9288
68.9114 95.9577
68.7787 96.0310
68.7923 95.8914
69.0890 96.0321
68.8921 96.0529
68.9636 96.0108
68.8925 96.0500
68.7695 96.1305
68.8133 96.0128
68.7999 95.9957
68.6974 96.1432
68.9107 95.9540
68.8489 95.9691
68.9182 95.9168
68.8940 95.7871
69.1138 96.0084
68.9578 96.0129
68.9066 96.1062
68.9175 95.9771
68.7857 96.2827
68.9414 95.7679
69.1900 96.1855
68.9499 96.1252
68.8664 95.8392
68.7326 95.8907
68.7797 96.1117
68.9624 95.8834
68.7546 96.0620
68.6691 95.8600
68.8701 95.7349
68.7620 96.1261
68.8113 96.0918
68.8592 95.8025
69.0804 95.8036
68.9490 96.1830
69.0282 95.9671
69.1313 96.0436
68.8661 96.0320
68.8804 96.0387
68.8595 95.8591
69.0709 96.0692
69.2924 95.7751
69.4139 95.9612
68.9031 95.9963
68.8560 95.8544
68.9818 96.2102
69.0733 96.0377
68.9963 95.9562
68.9292 96.0439
68.7966 95.9618
68.7670 95.8361
68.9663 95.9913
68.9148 96.0027
68.9222 95.9767
68.9721 96.1172
68.8295 95.9932
68.8358 95.8410
68.9428 95.8325
68.8653 96.0815
68.9427 96.0722
69.0493 96.2234
68.7930 96.1052
68.8191 96.1496
68.9007 96.1320
68.9694 96.0240
68.9047 96.0303
68.9014 95.9482
68.8361 96.0010
69.0079 95.9445
68.8764 95.9704
68.8645 95.8504
68.9323 96.0520
68.9293 96.0406
68.8724 96.0404
68.8999 96.0212
68.9149 96.0157
68.9099 95.9764
68.9087 96.0119
68.9221 95.9829
68.8786 95.9799
68.9702 96.0311
69.0808 95.7165
69.3570 95.7581
69.1458 95.8689
69.3949 95.9984
69.2021 95.8638
69.1583 95.8714
69.0354 95.8416
68.9729 95.8392
69.5057 95.8148
69.2677 95.7766
69.4226 95.8434
69.2368 95.9010
69.3167 96.4102
68.8807 96.0840
69.2766 95.8871
69.0340 95.8446
68.9503 96.3463
69.2342 95.8609
69.2280 95.9303
69.2019 95.9035
69.5133 95.8395
69.1560 95.7722
69.2966 95.8377
69.2578 95.8890
69.2915 95.8151
69.1694 95.8612
69.4184 95.7940
69.2826 95.8730
69.4426 95.9672
69.4506 95.8945
69.1102 95.8589
69.2083 95.8575
69.2536 96.0103
69.2492 95.9218
69.3217 95.9508
69.3030 95.8358
69.1737 95.8605
69.3158 95.7171
69.3531 95.9123
69.2558 96.1541
69.2375 96.1901
69.3043 96.1200
69.3091 96.1499
69.2630 96.1761
69.1912 96.1675
69.2130 96.1646
69.2824 96.1058
69.2509 96.1964
69.1993 96.1296
69.2985 96.1250
69.1995 96.1166
69.1673 96.1705
69.1970 96.1430
69.2324 96.1802
69.2240 96.0855
69.1966 96.1018
69.2478 96.1862
69.2871 96.1291
69.2785 96.1298
69.3157 96.1148
69.2822 96.1702
69.2492 96.1787
69.2170 96.1519
69.3423 96.1239
69.2281 96.1066
69.2737 96.1269
69.1752 96.1829
69.2234 96.1632
69.1549 96.1925
69.1904 96.1530
69.2050 96.1424
69.2833 96.2212
69.2166 96.1225
69.2933 96.0799
69.2791 96.1258
69.1268 96.2114
69.2798 96.2079
69.2253 96.1295
69.1642 96.1352
69.2160 96.1994
69.1828 96.1747
69.1839 96.0930
69.2152 96.2163
69.1871 96.1858
69.2271 96.1025
69.1840 96.1864
69.3380 96.2077
69.2424 96.1528
69.2797 96.1280
69.2485 96.1351
69.2877 96.1004
69.2166 96.1217
69.2487 96.0971
69.2672 96.1618
69.3961 96.3017
69.2942 96.1874
69.2838 96.2268
69.3232 96.1377
69.3305 96.1818
69.2078 95.6624
69.5074 95.7318
69.1203 96.3186
69.3678 95.9086
69.4252 95.9947
69.4034 95.8565
69.4365 95.6571
69.4040 95.7438
69.2081 95.4818
69.4766 95.7201
69.1938 95.7015
69.1537 95.6269
69.2297 95.8473
69.1156 95.7007
69.2771 95.7375
69.2686 95.5256
69.3755 95.9306
69.5962 95.8590
69.1603 95.9307
69.1852 95.8605
69.1393 95.8370
69.2940 95.9270
69.3695 95.6906
69.3157 95.8450
69.0481 95.6277
69.2413 95.6206
69.2434 95.9014
69.5178 95.7872
69.2864 95.8415
69.1479 95.6299
69.3851 95.9927
69.1134 95.5556
69.4241 95.9384
68.8625 96.0808
69.2967 95.8181
69.5354 95.9234
69.3875 96.1819
69.3201 95.9346
69.1886 96.1479
69.3060 96.0241
69.2311 95.8835
69.2760 95.8727
69.3080 95.8479
69.2398 95.8993
69.2478 95.8404
69.2834 95.7925
69.2998 95.8744
69.3300 95.8011
69.2723 95.9212
69.2501 95.9548
69.2425 95.8646
69.1701 95.8140
69.1960 96.0888
69.2380 96.1103
69.2376 96.0042
69.2367 96.1460
69.1828 96.1145
69.3471 96.1713
69.2832 96.0864
69.1501 96.1454
69.2164 96.0620
69.1383 95.7802
69.3361 95.9101
69.3293 95.8513
69.2809 95.8610
69.3522 95.7774
69.3403 95.9574
69.2524 95.7802
69.3219 95.8744
69.2488 95.9379
69.1436 96.2117
69.2472 96.2489
69.5089 96.1801
69.4393 96.3284
69.2367 95.9619
68.6344 96.0099
68.9727 95.9647
69.1281 95.9371
69.2155 96.0148
68.9063 96.0120
69.5092 96.1647
69.5345 96.1052
69.2520 96.0653
69.3779 95.9933
69.2309 96.2632
69.3693 96.0507
69.4582 95.8517
69.3185 95.8571
68.6762 96.0684
68.7318 95.9720
69.0306 95.7974
68.9622 96.3572
69.2117 95.9568
68.8977 95.5618
69.4397 96.0253
69.2024 96.4477
69.1389 96.2006
69.2312 96.1095
69.1975 96.1636
68.9877 95.9655
69.0195 95.9291
69.0138 95.9435
69.0951 95.9851
69.0619 95.6391
69.3258 96.2828
69.2655 96.1343
69.3066 96.1231
69.3036 96.1226
69.3162 96.2783
