37.9135 199.5820
37.6622 199.8179
37.8299 199.7877
37.8525 199.6956
38.0736 199.7572
37.9103 199.9324
38.0228 199.9186
37.8958 199.6451
37.8367 199.9014
37.8608 199.8934
37.8342 199.7563
37.7124 199.7541
37.7134 199.6774
37.8192 199.6833
37.9308 199.7256
37.8162 199.7854
37.6244 199.9215
37.8618 199.8620
37.8359 199.8329
37.8819 199.7301
37.6862 199.8524
37.8832 199.6927
37.6564 199.5433
37.6851 199.7358
37.8007 199.8412
37.7032 199.7329
37.9666 199.7706
37.6935 199.6804
37.8122 199.8179
38.0084 199.7111
37.6613 199.7459
37.7595 199.8883
38.0032 199.9349
37.7040 199.5835
37.8280 199.7657
37.4906 199.8470
37.7664 199.6736
37.5556 199.6137
37.5361 199.4202
37.4875 199.5299
37.5247 199.5680
37.2708 199.8519
37.4957 199.8535
37.2910 199.7185
37.6031 199.8792
37.3748 199.6995
37.3544 199.7002
37.4981 199.7204
37.4570 199.7770
37.6580 199.7446
37.3936 199.6433
37.6266 199.6880
37.5711 199.6758
37.9293 199.4917
37.4650 199.4043
37.6354 199.4715
37.5890 199.5056
37.5389 199.5788
37.5012 199.4564
37.4981 199.4423
37.6692 199.4225
37.5727 199.6375
37.4829 199.6273
37.6946 199.7389
37.4169 199.5158
37.5326 199.6305
37.6657 199.3596
37.5135 199.6065
37.5956 199.6215
37.4935 199.5057
37.7969 199.5693
37.4419 199.6223
37.8327 199.5934
37.5668 199.5950
37.5801 199.4640
37.6387 199.2511
37.7808 199.6492
37.5988 199.5858
37.5906 199.3356
37.5576 199.6227
37.5045 199.5915
37.4067 199.3692
37.5051 199.5861
37.6256 199.5109
37.5979 199.4643
37.7643 199.4278
37.5425 199.6312
37.5304 199.4715
37.6404 199.6355
37.6757 199.3534
37.5784 199.4297
37.7763 199.4854
37.6366 199.5541
37.6856 199.4194
37.6196 199.6801
37.8658 199.4757
37.6989 199.5450
37.7273 199.5018
37.7031 199.4528
37.4325 199.5422
37.5243 199.4358
37.4474 199.4414
37.6560 199.3854
37.6892 199.5139
37.6341 199.4859
37.6590 199.4229
37.5659 199.4000
37.5065 199.4758
37.5122 199.4224
37.8491 199.5146
37.7142 199.4962
37.6821 199.5354
37.6714 199.5126
37.7216 199.5557
37.6583 199.2317
37.7173 199.5161
37.5398 199.4220
37.6915 199.3987
37.5124 199.5695
37.6745 199.6565
37.8059 199.5391
37.5351 199.5998
37.7690 199.4677
37.6947 199.5499
37.5911 199.2105
37.6318 199.5141
37.6975 199.4541
37.7743 199.4467
37.7104 199.5372
37.5078 199.4078
37.6206 199.7021
37.4608 199.6611
37.8901 199.5352
37.6796 199.3838
37.6599 199.3986
37.7073 199.5130
37.6438 199.5059
37.5202 199.6541
37.6720 199.5762
37.5463 199.3690
37.6097 199.3525
37.6925 199.5023
37.8359 199.3902
37.5644 199.5255
37.6477 199.4108
37.5844 199.4491
37.7016 199.3380
37.7013 199.4892
37.4293 199.4599
37.7017 199.5988
37.5257 199.4092
37.7408 199.4357
37.8475 199.6604
37.7789 199.4087
37.5960 199.3905
37.6616 199.5267
37.7188 199.4553
37.6154 199.6046
37.5907 199.4979
37.6624 199.5127
37.6872 199.4770
37.6013 199.5192
37.5578 199.4462
37.5731 199.4825
37.5866 199.4457
37.7842 199.4703
37.5804 199.4716
37.4859 199.6388
37.6267 199.6168
37.2202 199.6792
37.5759 199.5004
37.7377 199.5622
37.3790 199.6150
37.6672 199.7472
37.7162 199.4317
37.5255 199.5473
37.6397 199.6328
37.6282 199.4992
37.5477 199.5752
37.6569 199.3670
37.7532 199.5472
37.6593 199.4948
37.6664 199.5080
37.7109 199.4980
37.5901 199.6347
37.5348 199.6295
37.6852 199.5922
37.6459 199.5052
37.7065 199.5115
37.8723 199.4717
37.6869 199.4682
37.6698 199.4504
37.5871 199.5559
37.8044 199.4681
37.7289 199.4904
37.6951 199.4169
37.8051 199.3775
37.5289 199.5562
37.6196 199.5896
37.6857 199.6407
37.6957 199.6172
37.6297 199.4320
37.5393 199.6438
37.5274 199.4429
37.3926 199.5930
37.5852 199.5841
37.6541 199.6032
37.5782 199.3129
37.6646 199.4466
37.4874 199.5963
37.5446 199.5844
37.5402 199.4928
37.5113 199.3919
37.5933 199.4857
37.4091 199.5780
37.5632 199.6383
37.5548 199.4277
37.5518 199.3907
37.4820 199.5190
37.7798 199.5172
37.7649 199.5466
37.5179 199.4677
37.7770 199.5379
37.4173 199.3741
37.5869 199.5166
37.6395 199.3667
37.6097 199.6203
37.4859 199.5266
37.7331 199.6371
37.5472 199.5983
37.7201 199.4260
37.4567 199.5281
37.7110 199.5980
37.8169 199.6043
37.5511 199.5359
37.5437 199.5732
37.6094 199.3622
37.4340 199.5076
37.7907 199.5803
37.6723 199.6173
37.6806 199.3563
37.6961 199.7218
37.4391 199.4295
37.5635 199.6634
37.5309 199.4579
37.7935 199.4724
37.6647 199.3424
37.6811 199.5214
37.7612 199.3845
37.5578 199.6087
37.6354 199.6862
37.3720 199.4921
37.5074 199.6466
37.6782 199.4450
37.8232 199.5844
37.6631 199.4901
37.7034 199.4451
37.7501 199.4597
37.5667 199.2547
37.6635 199.5748
37.5512 199.5336
37.6150 199.4980
37.6438 199.4835
37.7131 199.4916
37.6429 199.5516
37.5806 199.5077
37.6798 199.5335
37.6495 199.5403
37.6109 199.4971
37.6524 199.4920
37.5641 199.5645
37.2784 199.6449
37.8136 199.9908
37.5911 199.9595
37.5007 199.6980
37.4660 200.0129
37.3089 199.8363
37.5991 199.6232
37.4192 199.8676
37.5088 199.6871
37.4803 200.0328
37.7276 199.8515
37.4005 199.7872
37.4353 199.9313
37.4208 199.8612
37.4460 199.8506
37.4165 199.8456
37.4813 199.8206
37.4627 199.8717
37.4486 199.8272
37.5052 199.8992
37.6467 199.8945
37.8903 199.5136
37.7850 199.8233
37.7242 199.7933
37.9477 199.8221
37.8629 199.8402
38.0326 199.7813
37.9438 199.7516
37.8478 199.7572
37.7202 199.8465
37.7551 199.8116
37.7398 199.8168
37.7376 199.8912
37.8223 199.9286
37.7780 199.7332
37.8699 199.7873
37.8456 199.8530
37.6222 199.8303
37.9126 199.8181
37.7482 199.8977
37.9629 199.7673
37.8929 199.8205
37.7713 199.8904
37.7543 199.7795
37.8847 199.7356
37.7852 199.7668
37.9766 199.8002
37.9258 199.8929
37.9610 199.8734
37.9722 199.8213
37.8532 199.7990
37.8979 199.7917
37.8968 199.9763
37.9062 199.6881
37.9370 199.7865
37.9211 199.8891
37.8841 199.8780
37.8123 199.7358
37.8794 199.8803
37.9864 199.6670
37.8182 199.8375
37.8740 199.9067
37.8307 199.9649
37.8553 199.7135
37.7469 199.6549
37.7402 199.8846
38.0609 199.8608
37.7515 199.8316
37.7437 199.7645
37.7649 199.7560
37.7866 199.7328
37.7747 199.7874
37.7537 199.8480
37.7906 199.9247
37.9264 199.6390
37.8443 199.9674
37.7084 199.8992
37.7861 199.8203
37.8053 199.7277
37.8228 199.7843
37.8437 199.7816
37.8028 199.7750
37.8358 199.7926
37.8020 199.7878
37.7163 199.7103
37.8179 199.7969
37.7632 199.7840
37.8116 199.7344
38.0072 199.9010
37.8924 199.7873
37.8910 199.7957
37.8151 199.8221
37.7298 199.7422
37.7770 199.8351
37.8098 199.8239
37.8360 199.8415
37.8813 199.8937
37.9156 199.9950
37.8593 199.7683
37.8753 199.8716
37.4019 199.4924
37.6840 199.5728
37.5940 199.5134
37.6557 199.4708
37.6678 199.5998
37.7398 199.4975
37.7248 199.3967
37.7539 199.5761
37.7027 199.6201
37.7329 199.6360
37.6909 199.4977
37.5668 199.5969
37.6991 199.5564
37.6263 199.5053
37.6301 199.6011
37.6019 199.6251
37.6575 199.6062
37.6601 199.5502
37.6521 199.5348
37.6461 199.4787
37.6205 199.5178
37.6455 199.4971
37.6121 199.5769
37.6894 199.5656
37.6112 199.5054
37.8949 199.8087
37.8315 199.7945
37.8110 199.8642
37.8828 199.8713
37.8225 199.8039
37.8236 199.8573
37.8190 199.9536
37.5661 200.0910
37.8110 200.0712
37.4650 199.9267
37.5917 199.8327
37.5078 199.9352
37.5981 199.8845
37.5643 199.8957
37.6239 199.8055
37.5331 199.8231
37.4874 199.8749
37.4886 200.0270
37.5744 199.7713
37.5425 199.8103
37.8224 199.6804
37.5351 199.8967
37.4892 199.9367
37.5029 199.8303
