80.6759 66.4197
80.5669 66.6068
80.5769 66.5811
80.4745 66.6369
80.6630 66.5609
80.4779 66.4954
80.5668 66.6694
80.5174 66.7171
80.6423 66.4546
80.4582 66.5240
80.6203 66.5799
80.6414 66.5651
80.5134 66.6158
80.6263 66.5371
80.6484 66.5695
80.6171 66.6697
80.7001 66.6515
80.4771 66.6399
80.6027 66.5373
80.6091 66.5530
80.5728 66.5608
80.5546 66.6024
80.5938 66.5560
80.5222 66.6774
80.7072 66.6195
80.7950 66.4810
80.7342 66.6583
80.6963 66.5596
80.4802 66.6436
80.6333 66.5883
80.6366 66.6288
80.6574 66.6015
80.7328 66.6375
80.7479 66.6809
80.6952 66.6414
80.7027 66.6799
80.6755 66.3913
80.5466 66.6163
80.6989 66.5446
80.6107 66.5317
80.6929 66.5952
80.7169 66.6237
80.5254 66.5759
80.7168 66.7320
80.4548 66.4830
80.7186 66.5962
80.6406 66.5846
80.6187 66.6368
80.6657 66.5217
80.4715 66.4327
80.6023 66.4722
80.5797 66.6482
80.5452 66.5136
80.6584 66.5734
80.6134 66.5234
80.6067 66.6157
80.6762 66.6086
80.8006 66.2979
80.7845 66.2771
80.7587 66.2455
80.8480 66.2105
80.8181 66.2360
80.7434 66.2593
80.7269 66.2256
80.7454 66.2842
80.6840 66.2864
80.7134 66.2236
80.7498 66.2346
80.7869 66.4087
81.0135 66.6863
80.7521 66.5644
80.9776 66.6118
80.9469 66.5007
81.1586 66.4585
81.0684 66.5705
80.9264 66.3530
80.8894 66.4681
81.0572 66.4990
81.0398 66.4189
80.8923 66.4680
80.7408 66.4037
81.1233 66.5135
80.9510 66.4302
80.9147 66.3852
81.1588 66.5409
80.8395 66.5406
80.8843 66.4928
80.8396 66.4249
80.9888 66.3676
80.7767 66.5064
80.9607 66.4961
81.0486 66.4800
80.9636 66.5345
80.9149 66.5148
81.0324 66.7561
80.8599 66.4789
80.8729 66.5522
80.8516 66.4356
81.0071 66.4851
81.0791 66.4902
80.9515 66.4367
80.9901 66.4690
81.0723 66.3373
81.2239 66.4824
80.9981 66.5316
81.0519 66.4453
80.9322 66.5118
80.7621 66.5113
80.9754 66.5868
81.0144 66.4160
80.9435 66.4621
80.9910 66.4285
81.0170 66.5768
81.1213 66.6235
81.0260 66.5787
80.9882 66.3968
81.0682 66.6583
81.0229 66.4753
81.0569 66.4787
80.9590 66.4181
80.9833 66.4939
80.8075 66.2541
81.0914 66.5343
80.9581 66.5461
80.8895 66.5348
80.9191 66.4605
80.9671 66.4877
80.8483 66.4412
80.9489 66.5084
81.1423 66.5817
81.1022 66.4711
80.9020 66.5412
80.9865 66.5181
81.0391 66.5861
80.8875 66.6069
81.0981 66.4057
81.1389 66.5220
80.9456 66.5565
81.0378 66.5749
80.9194 66.6381
80.8820 66.5219
80.9159 66.5606
80.9258 66.4708
80.9888 66.5020
80.9824 66.5718
80.9287 66.5657
80.9898 66.4391
81.0108 66.5501
81.1200 66.5078
80.9810 66.4354
80.8108 66.1206
80.7109 66.1519
80.7464 66.2518
80.8013 66.2261
80.8098 66.2461
80.7649 66.2028
80.8183 66.2241
80.5730 66.2583
80.8527 66.2959
80.8131 66.2843
80.7686 66.3674
80.7969 66.0936
80.6434 66.2223
80.8583 66.0033
80.7204 66.2753
80.8440 66.2882
81.0931 66.4051
80.7291 66.1466
80.7626 66.5493
80.7718 66.4761
80.7009 66.4956
80.6134 66.5873
80.7219 66.6004
80.6684 66.6231
80.7641 66.6271
80.7866 66.5114
80.7185 66.5720
80.5990 66.4213
80.7039 66.5741
80.7665 66.5340
80.4813 66.4135
80.7436 66.5899
80.7026 66.4583
80.5603 66.4651
80.8305 66.5291
80.6606 66.4767
80.7342 66.3766
80.6896 66.4466
80.7414 66.4345
80.8997 66.7745
81.0796 66.7149
80.7694 66.3924
80.9663 66.7306
81.1161 66.7965
81.2427 66.3909
81.2037 66.3911
81.0206 66.4310
80.8797 66.2344
80.5174 66.5309
81.1756 66.3806
81.1460 66.4435
80.7956 66.4192
80.6992 66.4371
80.9963 66.5174
80.6868 66.6838
81.1392 66.4426
81.1788 66.5640
80.8055 66.5548
80.8754 66.6625
81.0232 66.4140
81.0518 66.5669
81.0274 66.5480
80.8925 66.7360
80.9335 66.4822
81.1325 66.5032
80.8800 66.6567
81.2006 66.6494
81.2435 66.2631
81.0948 66.4744
80.9172 66.8439
81.0742 66.6993
81.1587 66.7162
80.5826 66.2464
80.8148 66.4355
80.8238 66.6783
81.0125 66.4317
81.2518 66.4567
80.7129 66.6143
81.1761 66.5074
80.9620 66.3748
81.0857 66.4043
80.7967 66.4087
81.3209 66.4824
80.8598 66.5623
80.9138 66.5332
80.9746 66.6124
80.7464 66.3620
81.0354 66.6634
80.6718 66.6196
80.8732 66.5365
81.2006 66.6989
80.9148 66.6727
81.2525 66.5012
80.6444 66.5823
81.2128 66.4603
80.9565 66.2493
80.8711 66.3544
81.1449 66.4051
81.3756 66.5745
80.7777 66.4427
80.8282 66.7906
81.0419 66.4189
80.9942 66.6926
80.9403 66.5489
81.1179 66.2766
81.3377 66.4707
81.1398 66.5311
80.9381 66.3019
80.9470 66.5082
80.8832 66.8299
81.1258 66.7208
81.0389 66.5679
80.9384 66.4474
81.0876 66.2804
81.1614 66.8558
80.8018 66.3511
80.6398 66.6116
81.1572 66.6192
81.0254 66.6715
80.6691 66.5736
81.3060 66.2991
80.8888 66.5589
80.9290 66.5007
80.9041 66.8658
80.9825 66.2966
80.9565 66.4627
80.8085 66.5430
81.1820 66.7282
80.7479 66.0308
81.0384 66.3023
80.9265 66.6838
81.3159 66.3747
81.0137 66.5368
80.8247 66.6338
80.9296 66.6152
81.0738 66.3322
80.9811 66.9218
80.4926 66.5071
81.3677 66.5461
80.8745 66.4560
80.7090 66.6873
81.0630 66.5112
80.9444 66.5642
80.9645 66.5542
80.7967 66.3395
80.8293 66.2545
80.9479 66.2250
80.8205 66.1403
80.8126 66.2094
80.8639 66.0911
80.8240 66.3444
80.8753 66.1806
80.8898 66.1974
80.8223 66.1558
80.8735 66.1328
80.8485 66.1061
80.9583 66.2373
80.8364 66.3353
80.8121 66.4464
80.8200 66.2967
80.8112 66.3403
80.8238 66.3765
80.7445 66.4139
80.7867 66.2993
80.8218 66.4770
80.7345 66.3193
80.7538 66.4369
80.6776 66.3871
80.7245 66.5649
80.6605 66.7242
80.7083 66.5708
80.6784 66.4332
80.7932 66.5899
80.7947 66.4134
80.6492 66.5398
80.6881 66.5798
80.6973 66.5901
80.7249 66.5335
80.6294 66.5491
80.7020 66.5720
80.6621 66.5660
80.6712 66.6164
80.7062 66.5723
80.6779 66.1951
80.8789 66.1416
80.9452 66.2263
80.8794 66.0402
80.9031 66.3390
80.8371 66.2409
80.8360 66.3468
80.8904 66.1728
80.8255 66.0924
80.8773 66.0289
80.7759 66.4538
80.8958 66.3954
80.8980 66.2384
80.8817 66.2577
80.9083 66.1988
80.7574 66.1626
80.9031 66.2444
80.9293 66.4275
81.0079 66.4251
80.9916 66.4006
80.9237 66.2387
80.8241 66.1615
80.9022 66.1545
80.9408 66.2773
80.8952 66.2886
80.9050 66.2312
80.9122 66.1893
80.8178 66.1305
80.9118 66.2475
80.9874 66.2731
80.8665 66.2127
80.7664 66.3292
80.7288 66.1280
80.9123 66.2470
80.8205 66.2478
80.8149 66.2673
80.8762 66.2233
80.9950 66.2895
80.8471 66.2045
80.7931 66.2646
80.9132 66.2520
80.8979 66.2332
80.8317 66.1910
80.8407 66.3154
80.7716 66.1959
80.8917 66.3377
80.8097 66.2497
80.7233 66.2765
80.7889 66.1656
80.8029 66.1755
80.8666 66.2005
80.9538 66.2217
80.8852 66.2891
80.8485 66.1109
80.9978 66.4000
80.9838 66.1950
80.9810 66.1753
80.9341 66.2137
80.7409 66.2271
80.8925 66.2481
80.7638 66.2200
80.8342 66.3567
80.7926 66.2235
80.9048 66.2105
80.6462 66.6382
80.7705 66.5024
80.6823 66.5546
80.6649 66.5323
80.8079 66.5783
80.6874 66.5862
80.6918 66.4734
80.6403 66.5357
80.6587 66.5053
80.7081 66.5763
80.8173 66.4257
80.5985 66.5849
80.6776 66.5694
80.6791 66.4008
80.7295 66.5446
80.6251 66.4221
80.6190 66.5591
80.5877 66.5896
80.7563 66.5204
80.6174 66.4923
80.7109 66.4924
80.6647 66.5832
80.6591 66.4560
80.6632 66.5735
80.6536 66.4673
80.7160 66.5248
80.5969 66.4500
80.6495 66.6096
80.7257 66.6559
80.5424 66.4965
80.6985 66.5858
80.6825 66.5287
80.6014 66.5240
80.7454 66.5968
80.6786 66.5670
80.7885 66.4708
80.6420 66.3943
80.6603 66.5762
80.7218 66.5598
80.5683 66.5065
80.7852 66.6070
80.7322 66.5848
80.7466 66.3886
80.7256 66.5032
80.5137 66.5984
80.6011 66.5224
80.7877 66.5212
80.7827 66.5312
80.5099 66.5595
80.6149 66.5539
80.6760 66.4587
80.8215 66.5254
80.6485 66.5756
80.7043 66.5583
80.6638 66.5158
80.7094 66.5478
80.6409 66.5154
80.7162 66.6353
80.5857 66.4661
80.7374 66.5487
80.6581 66.5918
80.5869 66.4674
80.7105 66.4660
80.7180 66.4599
80.7505 66.6730
80.6596 66.5723
80.7545 66.5570
80.6936 66.6268
80.8256 66.5048
80.5688 66.3915
80.7600 66.6271
80.7844 66.4462
80.6750 66.5682
80.6143 66.5096
80.7274 66.4997
80.6870 66.5442
80.7333 66.4386
80.6052 66.6181
80.7580 66.4217
80.7601 66.4608
80.7741 66.5111
80.6650 66.5173
80.7184 66.6700
80.6156 66.5256
80.6844 66.5734
80.6418 66.5784
80.6595 66.4810
80.6154 66.4857
80.6265 66.5571
80.6730 66.5373
80.6726 66.3191
80.7391 66.4770
80.7478 66.5326
80.6203 66.6376
80.6124 66.6793
80.7083 66.5896
80.7027 66.5194
80.6319 66.6236
80.5940 66.5186
80.6506 66.5603
80.5207 66.5781
80.6555 66.5481
80.6566 66.6629
80.8497 66.4462
80.6930 66.5597
80.7047 66.5386
80.5435 66.4555
80.7158 66.4879
80.6934 66.5979
80.6351 66.5652
80.5862 66.4901
80.7021 66.5455
80.7057 66.4432
80.6287 66.5633
80.6409 66.4689
80.6824 66.5840
81.0199 66.3817
80.6614 66.5338
80.7253 66.4402
80.7042 66.5604
80.5851 66.4887
80.7185 66.5093
80.7667 66.5717
80.7799 66.4828
80.6658 66.5755
80.6070 66.5423
80.6280 66.5236
80.7736 66.2324
80.7072 66.5785
80.5871 66.5591
80.6182 66.4733
80.9528 66.1495
80.9791 66.0069
