6.3366 62.7525
6.2214 62.7311
6.1066 62.6136
6.1092 62.6312
6.1856 62.7037
6.2178 62.6356
6.1810 62.6598
6.1531 62.6159
6.2358 62.6540
6.1685 62.6730
6.1957 62.6742
6.2068 62.6376
6.1377 62.6515
6.2160 62.6769
6.2460 62.5919
6.4009 62.6369
6.7388 62.2861
6.6886 62.3790
6.2588 62.6986
6.5435 62.7250
6.6013 62.8031
6.6420 62.6376
6.5041 62.6600
6.5107 62.7646
6.5924 62.8324
6.7696 62.5601
6.4469 62.6535
6.7058 62.6933
6.6214 62.6772
6.7399 62.8465
6.6354 62.7456
6.4458 62.6511
6.7215 62.6156
6.5476 62.5834
6.5307 62.8593
6.5479 62.8062
6.6810 62.8332
6.7046 62.6853
6.6842 62.9643
6.5349 62.7817
6.5895 62.6352
6.5594 62.7021
6.6784 62.7989
6.5644 62.7125
6.4819 62.5344
6.5292 62.6244
6.6743 62.7043
6.4906 62.7691
6.6300 62.6798
6.5401 62.8834
6.6509 62.7152
6.5499 62.6770
6.4848 62.7720
6.4775 62.4906
6.5130 62.4029
6.4682 62.3012
6.5499 62.4026
6.5674 62.5116
6.4426 62.3723
6.3942 62.3751
6.4705 62.3001
6.5464 62.3456
6.6241 62.2980
6.4352 62.6747
6.3479 62.2307
6.4181 62.3561
6.4596 62.3106
6.5130 62.4197
6.5139 62.3756
6.3189 62.4161
6.5188 62.3351
6.5114 62.5288
6.6642 62.7634
6.6108 62.6968
6.7962 62.6983
6.7230 62.7008
6.6996 62.6325
6.6348 62.6782
6.6915 62.6437
6.6571 62.8040
6.6772 62.5949
6.4890 62.6925
6.8189 62.4525
6.6284 62.7529
6.8300 62.7423
6.6284 62.7881
6.5059 62.6789
6.7283 62.6581
6.9634 62.5984
6.7387 62.7026
6.6819 62.7002
6.5410 62.6850
6.5761 62.6773
6.7853 62.7534
6.5686 62.7591
6.7603 62.6227
6.6146 62.6487
6.7063 62.5616
6.5448 62.6448
6.6514 62.6442
6.7441 62.7457
6.6551 62.7062
6.7704 62.6009
6.6965 62.7921
6.5003 62.7614
6.7845 62.6324
6.6109 62.7612
6.5512 62.6544
6.6635 62.6770
6.7043 62.5218
6.6049 62.6738
6.8527 62.6551
6.5306 62.8010
6.7564 62.6556
6.5477 62.7199
6.7880 62.5782
6.7127 62.6902
6.5826 62.7276
6.6222 62.7365
6.7190 62.4343
6.2751 62.5629
6.2816 62.5530
6.5364 62.4733
6.5146 62.3092
6.4781 62.5271
6.4764 62.4332
6.7207 62.4784
6.6684 62.3934
6.5622 62.3761
6.6054 62.3259
6.4666 62.3807
6.6246 62.3729
6.6767 62.3445
6.5526 62.2558
6.5737 62.4268
6.4866 62.3505
6.6113 62.3397
6.3190 62.3948
6.5078 62.4998
6.5434 62.4448
6.7720 62.5221
6.5619 62.4810
6.3484 62.2604
6.5847 62.2748
6.5595 62.4155
6.4656 62.4909
6.5047 62.4717
6.4887 62.2212
6.3539 62.2377
6.3796 62.4392
6.6618 62.3713
6.5720 62.4567
6.4012 62.4259
6.4713 62.4644
6.6373 62.5523
6.2872 62.5093
6.6167 62.4114
6.4850 62.4980
6.6203 62.3145
6.4958 62.5185
6.5480 62.3258
6.4144 62.2607
6.4668 62.5002
6.4239 62.5173
6.4231 62.4290
6.4167 62.4387
6.4487 62.3193
6.3480 62.4152
6.5168 62.1175
6.6463 62.3940
6.1860 62.4708
6.6113 62.3410
6.4571 62.3865
6.5416 62.5075
6.5888 62.4009
6.4242 62.5538
6.5782 62.3172
6.4586 62.3536
6.3677 62.4806
6.4634 62.4446
6.5907 62.4474
6.2965 62.5452
6.4475 62.2710
6.3614 62.4213
6.4885 62.3938
6.4605 62.4316
6.3482 62.3869
6.3323 62.5890
6.8018 62.2121
6.4600 62.8646
6.5015 62.4850
6.3734 62.3079
6.5130 62.3585
6.2247 62.5795
6.4217 62.4407
6.5617 62.3672
6.3980 62.2730
6.5193 62.4654
6.5352 62.4382
6.4904 62.4716
6.5192 62.4256
6.4966 62.4270
6.4308 62.4159
6.5312 62.4282
6.4794 62.4338
6.5375 62.4443
6.4810 62.4198
6.4467 62.4405
6.5441 62.4132
6.5255 62.4895
6.4922 62.4399
6.4577 62.4375
6.5186 62.4415
6.1877 62.6308
6.2830 62.6959
6.4156 62.5833
6.3421 62.6159
6.2054 62.5593
6.1409 62.7141
6.2330 62.8377
6.2686 62.8108
6.3145 62.5411
6.3153 62.6714
6.2509 62.7435
6.4240 62.6053
6.3874 62.7627
6.3358 62.8259
6.4033 62.6116
6.3629 62.6148
6.3314 62.6668
6.1810 62.7074
6.2401 62.7396
6.2740 62.6557
6.3651 62.6812
6.3974 62.6002
6.1416 62.3735
6.4300 62.3017
6.4210 62.4173
6.3840 62.4176
6.5776 62.3528
6.5262 62.3306
6.5253 62.3255
6.5830 62.3877
6.5411 62.6836
6.7683 62.5972
6.8338 62.7219
6.6934 62.6003
6.7367 62.5062
6.7470 62.7575
6.6740 62.6519
6.6385 62.7129
6.6239 62.4969
6.9095 62.6780
6.7222 62.6860
6.6908 62.6451
6.6236 62.6716
6.6762 62.6322
6.4533 62.6146
6.1920 62.5922
6.3134 62.7446
6.4690 62.5448
6.2859 62.7695
6.2069 62.7729
6.3847 62.5500
6.3413 62.7462
6.2925 62.5290
6.4016 62.5857
6.3273 62.7397
6.2833 62.6425
6.3258 62.6009
6.3710 62.6429
6.3410 62.5589
6.3150 62.6597
6.3147 62.6487
6.2325 62.6236
6.4041 62.5751
6.0932 62.5590
6.4962 62.4738
6.4002 62.6425
6.3963 62.6768
6.2290 62.6821
6.3337 62.5183
6.1346 62.7355
6.3112 62.6838
6.2230 62.6098
6.2596 62.5212
6.3839 62.7758
6.2462 62.5536
6.3142 62.4976
6.3086 62.6175
6.0854 62.4557
6.6425 62.7478
6.7598 62.4693
6.5182 62.6412
6.6331 62.9467
6.5811 62.4387
6.8058 62.6396
6.7622 62.5211
6.8775 62.7854
6.4679 62.6552
6.7761 62.6121
6.6044 62.5268
6.6788 62.6871
6.7175 62.6148
6.7452 62.7055
6.6187 62.5939
6.6125 62.6035
6.8936 62.6138
6.7560 62.4982
6.7397 62.5764
6.6084 62.6173
6.6036 62.4828
6.7556 62.6047
6.6820 62.5460
6.7616 62.5888
6.8256 62.5936
6.8197 62.5807
