7.8467 81.9700
7.7145 82.0731
7.5553 81.9991
7.4487 82.0192
7.7032 82.0734
7.7549 82.1063
7.7210 82.1499
7.6961 82.0295
7.7342 82.1287
7.6282 82.1523
7.3524 82.2634
7.8567 82.1166
7.6639 82.0339
7.6549 82.0177
7.7354 81.8692
7.6706 82.5165
7.9096 82.1453
7.9063 82.2388
8.0511 82.3062
8.2255 82.2197
7.9285 82.2719
8.0371 82.1379
7.5536 82.3411
7.3702 82.3759
7.6212 82.3390
7.6966 82.3580
7.8188 82.5627
7.6626 82.2739
7.7376 82.3868
7.8080 82.3762
7.5695 82.3052
7.6950 82.3907
7.5775 82.3012
7.7730 82.6085
7.8050 82.4092
7.5522 82.4276
7.5638 82.4242
7.7155 82.5791
7.8125 82.5132
7.6987 82.4320
7.6806 82.5577
7.6697 82.4741
7.7180 82.5237
7.8509 82.4888
7.5946 82.4796
7.7500 82.3685
7.5798 82.4730
7.5837 82.4870
7.7144 82.4705
7.6172 82.4031
7.6088 82.4500
7.6093 82.2665
7.6594 82.4091
7.7478 82.5876
7.7795 82.4146
7.4678 82.3126
7.7170 82.3177
7.6284 82.3564
7.6613 82.4559
7.4819 82.1985
7.6719 82.4393
7.6030 82.4486
7.6402 82.4126
7.6963 82.5414
7.4987 82.4745
7.5794 82.5611
7.7569 82.3195
7.6586 82.3544
7.7052 82.4594
7.7527 82.5433
7.6872 82.4438
7.5574 82.1954
7.6881 82.4105
7.7672 82.4202
7.7088 82.3035
7.8349 82.6146
7.8112 82.3761
7.5175 82.3996
7.6573 82.2213
7.5455 82.4772
7.7444 82.5151
7.7548 82.2693
7.6921 82.5121
7.6997 82.4530
7.8339 82.4224
7.6753 82.1623
7.7521 82.5522
7.6524 82.4166
7.6281 82.2920
7.7340 82.5340
7.7126 82.4555
7.6120 82.2123
7.5923 82.2912
7.6988 82.3971
7.6321 82.3574
7.7354 82.4156
7.9038 82.4358
7.7563 82.4827
7.8055 81.9730
8.1110 82.1818
8.0520 82.2103
8.1128 82.2287
8.0520 82.1693
8.0223 82.4307
7.9974 82.2710
8.1277 82.3473
8.1167 81.9687
8.1046 82.4039
8.1160 82.1781
8.1666 82.1098
7.9877 82.3417
7.8619 82.1912
8.1083 82.1986
8.0056 82.3230
8.2250 82.4925
7.8627 82.5965
7.9081 82.0237
7.6730 82.0972
7.3487 82.2073
7.7563 82.2469
7.8088 82.3806
7.6330 82.3445
7.8700 82.5165
7.7206 82.3325
7.7175 82.4224
7.8412 82.5146
7.8357 82.4286
7.8256 82.5338
7.8591 82.3835
7.6981 82.4853
7.8086 82.4742
7.8880 82.3902
7.6149 82.3798
7.5287 82.2162
7.8573 82.3570
7.7774 82.4774
7.8015 82.2906
7.7290 82.5712
7.8024 82.4436
7.8808 82.4975
7.7781 82.3014
7.7862 82.3793
7.8111 82.3467
7.7121 82.4536
7.7949 82.4914
7.6202 82.4058
7.7219 82.2226
7.7447 82.2750
7.9070 82.5428
7.7328 82.3707
7.6722 82.4382
7.5712 82.4745
7.5525 82.5890
7.6274 82.3296
7.8910 82.4796
7.6970 82.4035
7.6154 82.3205
7.7519 82.3771
7.7517 82.4361
7.6970 82.3718
7.7481 82.2863
7.6757 82.5066
7.7258 82.3422
7.7963 82.1654
7.7289 82.3924
7.8792 82.4341
7.6653 82.2709
7.6508 82.4162
7.7093 82.3898
7.7856 82.4969
7.7308 82.4105
7.7167 82.4944
7.8425 82.5631
7.7273 82.3492
7.6801 82.4148
7.7659 82.5489
7.8362 82.5883
7.8593 82.5345
7.9288 82.5538
7.7706 82.5992
7.7944 82.4629
7.5562 82.4234
7.7868 82.4608
7.6811 82.4737
7.6956 82.4271
7.7287 82.3790
7.5841 82.4348
7.8401 82.3184
7.7721 82.3732
7.8111 82.3566
7.7612 82.4409
7.7388 82.4537
7.7467 82.2504
7.7308 82.3819
7.8091 82.4636
7.6378 82.4473
7.5639 82.5543
7.7060 82.4200
7.8233 82.3989
7.6639 82.6074
7.7531 82.5561
7.8085 82.4381
7.5941 82.3838
7.6995 82.4731
7.8613 82.4702
7.7970 82.2499
7.6514 82.3284
7.7702 82.2265
7.7509 82.3332
7.6538 82.5618
7.6245 82.4981
7.6780 82.4296
7.6136 82.4280
7.7864 82.4933
7.7945 82.6812
7.9693 82.4180
7.5654 82.5026
7.7151 82.4239
7.7991 82.4275
7.7236 82.4396
7.7133 82.3148
7.7863 82.3652
7.7897 82.3661
7.6877 82.2898
7.8587 82.4028
7.7109 82.4839
7.7656 82.3131
7.8742 82.4962
7.8577 82.1851
7.8537 82.4804
7.6113 82.2754
7.6950 82.6129
7.7678 82.5013
7.7103 82.5081
7.5832 82.4220
7.8204 82.2880
7.6856 82.5331
7.7769 82.4454
7.7788 82.3582
7.6201 82.5181
7.6425 82.4079
7.6344 82.4235
7.6401 82.4544
7.6508 82.3935
7.6468 82.4700
7.8454 82.4370
7.6694 82.5486
7.7036 82.3732
7.7738 82.4034
7.5200 82.3026
7.6978 82.5120
7.6838 82.1900
7.7168 82.4727
7.7273 82.4787
8.1946 82.5183
8.2643 82.2142
7.8456 82.3915
8.1318 82.5845
8.1090 82.4790
8.2185 82.3834
7.9274 82.4490
8.0621 82.6569
8.0448 82.5447
8.1652 82.3551
7.8561 81.9957
7.7849 82.1306
8.0549 82.1317
8.0558 82.1438
8.1832 82.4136
8.1700 82.0982
8.0466 82.4515
8.1326 82.2839
8.1261 82.2475
8.0034 82.1697
8.0224 82.0809
8.1012 82.2285
8.0081 82.3610
7.8942 82.3007
8.1200 82.2043
8.0776 82.2035
7.7948 82.3257
7.9556 82.3796
8.0763 82.3815
8.0476 82.4490
7.8306 82.2469
7.7537 82.1944
7.8960 82.1752
7.9572 82.1434
7.8492 81.9300
7.6514 82.2197
7.7369 82.0717
7.9388 82.1713
7.7353 81.9917
7.7538 82.0348
7.8918 81.9849
7.9006 82.1989
7.6778 82.1000
7.7418 82.2148
7.8655 81.9060
7.7703 82.0593
7.8295 82.1202
7.7691 81.9926
7.7205 82.0342
7.7921 82.1136
7.8547 82.0121
7.8522 82.1987
7.7710 82.1748
7.7740 82.0518
7.8088 82.0144
7.7537 82.0060
7.8575 82.0508
7.6943 82.1280
7.6227 82.1680
7.5472 82.1692
7.7690 82.3339
7.9049 82.0667
7.8670 82.0121
7.8223 81.9439
7.8469 82.0889
7.7905 82.0492
7.8900 82.1586
7.7196 81.9871
7.8633 82.1449
7.9366 82.1795
7.6971 82.0041
7.8914 81.9545
7.7310 82.0666
7.8603 82.0934
7.9178 82.1898
7.6611 82.1005
7.7031 82.0090
7.6925 82.2574
7.7746 82.0709
7.7985 81.9859
7.7515 82.2799
7.7219 82.2275
7.8773 82.0518
7.7682 82.1584
7.6223 82.0601
7.8472 82.0314
7.8397 82.1097
7.6627 82.1170
7.9984 82.2210
8.0129 82.2862
8.1227 82.2780
8.1835 82.3094
8.0900 82.2126
7.9436 82.2953
7.9234 82.1323
8.0034 81.9222
8.0910 82.1517
8.1582 82.2405
8.1026 82.1978
8.1357 82.2335
8.1558 82.1826
8.1600 82.2408
8.1389 82.2066
8.1884 82.2423
8.1585 82.0194
7.8399 82.3324
8.1843 82.2365
7.9801 82.2222
7.9364 82.1740
8.0779 82.3381
8.2040 82.1966
8.1545 82.2883
8.1917 82.3095
8.1546 82.2361
8.0996 82.2664
8.2193 82.3424
8.1262 82.3190
8.0795 82.4104
8.0258 82.1386
7.9990 82.2745
8.0891 82.3142
7.9676 82.3630
8.0866 82.2224
8.1609 82.1358
8.2193 82.2193
8.1180 82.2856
8.0595 82.2922
8.0062 82.1949
8.0648 82.1249
8.0540 82.3264
8.0108 82.1605
8.0645 82.0112
8.1503 82.2566
8.0356 81.9781
8.1195 82.2300
8.0984 82.5190
8.2089 82.3260
7.9896 82.2700
8.0956 82.0778
8.0160 82.1547
7.6803 82.0665
8.1237 82.3623
7.9274 82.1607
7.9923 82.1963
8.0886 82.2163
8.0875 82.2171
8.1528 82.3192
8.1014 82.1848
8.0658 82.2984
8.0997 82.2405
8.0099 82.3988
8.2304 82.5655
8.0549 82.2877
8.0203 82.4667
8.1226 82.4320
8.1195 82.4184
8.0880 82.1572
8.0386 82.2548
8.2133 82.2984
8.1152 82.2928
8.1422 82.2331
7.9993 82.2028
8.0988 82.3407
8.1699 82.3351
8.0859 82.4179
8.1077 82.2167
8.1475 82.3557
8.1512 82.2476
8.1335 82.2417
8.0399 82.4034
8.1161 82.0381
8.1139 82.2992
8.1339 82.2872
8.1528 82.2356
8.1177 82.2629
8.1640 82.1987
8.1669 82.1996
8.2295 82.2928
8.2121 82.2387
8.0886 82.3021
8.1499 82.3202
8.1127 82.3321
8.1686 82.2202
8.1336 82.3143
8.1502 82.2200
8.1310 82.2891
8.1086 82.2211
8.0630 82.2054
8.2165 82.2475
8.1709 82.1913
8.0937 82.2058
8.1778 82.2504
8.0944 82.2821
8.1191 82.3781
8.0757 82.2765
8.1410 82.1993
8.1203 82.1814
8.0226 82.2580
8.2155 82.2830
8.0511 82.3230
8.2026 82.3506
8.1005 82.1975
8.1059 82.0155
