111.6528 87.6010
111.6501 87.3824
111.5231 87.6076
111.5034 87.6370
111.4731 87.5947
111.4898 87.4752
111.5548 87.5335
111.4867 87.3730
111.3648 87.3257
111.2960 87.3260
111.2838 87.4879
111.4150 87.3259
111.3280 87.2930
111.3670 87.4155
111.1598 87.2868
111.2126 87.3529
111.2563 87.2509
111.3457 87.1587
111.2981 87.2217
111.2822 87.4228
111.5437 87.3285
111.2330 87.4481
111.5484 87.1964
111.2213 87.3477
111.3527 87.3959
111.3698 87.2789
111.3479 87.1872
111.4008 87.3436
111.4508 87.4176
111.2400 87.2602
111.3585 87.4044
111.2286 87.5653
111.2527 87.6462
111.4399 87.5833
111.2748 87.5919
111.0610 87.5803
111.2217 87.6365
111.2185 87.5862
111.0929 87.4666
111.1364 87.5832
111.1075 87.5976
111.1798 87.6582
111.2274 87.6855
111.3091 87.7146
111.2159 87.7707
111.4717 87.6654
111.1586 87.6141
111.1961 87.6689
111.3470 87.7172
111.3152 87.6734
111.4163 87.6623
111.2919 87.6765
111.0942 87.5619
111.2728 87.5789
111.2350 87.6241
111.3741 87.7892
111.4113 87.4905
111.3323 87.6363
111.0872 87.6448
111.2914 87.7272
111.3593 87.5340
111.2105 87.8091
111.0616 87.5557
111.5976 87.3382
111.2583 87.5336
111.2621 87.4043
111.4755 87.5033
111.3711 87.3226
111.3047 87.3532
111.2108 87.2310
111.2166 87.2342
111.2155 87.2962
111.3506 87.2757
111.4422 87.2841
111.4273 87.3060
111.3602 87.2164
111.4187 87.2871
111.4325 87.1779
111.3600 87.4299
111.1426 87.2828
111.5361 87.2125
111.0914 87.2761
111.2928 87.3109
111.4782 87.3298
111.3352 87.2123
111.3203 87.2693
111.3579 87.2765
111.3313 87.3243
111.3635 87.4029
111.3455 87.2438
111.4213 87.3331
111.3621 87.3711
111.3523 87.3583
111.3959 87.3003
111.2958 87.4465
111.3234 87.2877
111.3380 87.3330
111.2825 87.3731
111.3337 87.5178
111.3521 87.4022
111.3828 87.2258
111.4803 87.4870
111.2876 87.1992
111.3311 87.3478
111.3213 87.2543
111.3834 87.2388
111.2854 87.3550
111.2169 87.3916
111.3087 87.3890
111.2940 87.2852
111.4261 87.2454
111.2501 87.5066
111.2741 87.3762
111.3351 87.3339
111.2665 87.3772
111.2932 87.2749
111.2209 87.3033
111.3081 87.3232
111.3142 87.4109
111.3093 87.3620
111.2593 87.3700
111.3277 87.3117
111.3186 87.2928
111.2391 87.3484
111.3306 87.3450
111.2523 87.3612
111.3000 87.3622
111.2920 87.3154
111.2949 87.3326
111.2795 87.3378
111.3361 87.4514
111.2897 87.3055
111.2868 87.3307
111.2885 87.2953
111.3425 87.3848
111.2451 87.3464
111.2775 87.3445
111.2649 87.3326
111.2599 87.3708
111.2914 87.3573
111.3233 87.3508
111.2559 87.2784
111.2841 87.3480
111.2685 87.3693
111.3224 87.3694
111.2272 87.3983
111.3412 87.3488
111.2879 87.3219
111.2692 87.4099
111.2985 87.3610
111.2661 87.3946
111.3192 87.3514
111.2887 87.3492
111.3098 87.3357
111.3320 87.3293
111.3006 87.3531
111.3314 87.3512
111.3108 87.2743
111.2916 87.3180
111.2994 87.3021
111.2664 87.3207
111.3352 87.3685
111.3398 87.3114
111.2589 87.4287
111.2929 87.3666
111.2766 87.3594
111.2385 87.3413
111.2898 87.3593
111.3457 87.3274
111.2395 87.3655
111.2361 87.3005
111.2242 87.3446
111.2733 87.2963
111.2602 87.3300
111.2751 87.3317
111.3155 87.3181
111.2594 87.3403
111.3471 87.2941
111.2724 87.4211
111.3277 87.3721
111.3132 87.3466
111.2124 87.3097
111.3215 87.3625
111.2580 87.2945
111.3036 87.3637
111.2688 87.3434
111.2589 87.3156
111.2743 87.3352
111.3795 87.3132
111.2697 87.3549
111.2922 87.3810
111.2380 87.3732
111.2657 87.3580
111.3433 87.3630
111.2763 87.3521
111.2654 87.3161
111.2588 87.3665
111.2768 87.3313
111.3066 87.3525
111.2097 87.3464
111.3379 87.3688
111.3004 87.3218
111.3205 87.3476
111.3201 87.3743
111.3063 87.3062
111.3147 87.3962
111.2253 87.3682
111.3086 87.3716
111.3407 87.3407
111.2616 87.3575
111.3022 87.3915
111.2839 87.2786
111.2639 87.3870
111.3197 87.3676
111.3460 87.3661
111.2706 87.3306
111.2419 87.3685
111.2444 87.2974
111.2364 87.3291
111.2908 87.3167
111.2393 87.3061
111.2846 87.4040
111.2151 87.3929
111.3539 87.3200
111.3241 87.3572
111.2976 87.3444
111.2058 87.3110
111.3548 87.4093
111.2254 87.3534
111.2857 87.3427
111.2980 87.2854
111.2490 87.4114
111.3753 87.3585
111.2540 87.3262
111.3366 87.3212
111.3643 87.3688
111.2579 87.3193
111.2781 87.2858
111.3564 87.4411
111.2831 87.3657
111.2449 87.3775
111.3042 87.3588
111.3052 87.3876
111.2954 87.3102
111.2717 87.3594
111.3416 87.3238
111.2730 87.3133
111.3131 87.3986
111.2603 87.2740
111.2335 87.3347
111.2873 87.3952
111.2976 87.3453
111.2737 87.3055
111.3280 87.3122
111.2941 87.3196
111.2785 87.3350
111.3127 87.3607
111.3214 87.3597
111.2814 87.3285
111.3471 87.3539
111.2488 87.3416
111.3105 87.3497
111.3166 87.2810
111.2623 87.3568
111.2590 87.3478
111.2435 87.3161
111.2589 87.2854
111.2965 87.3661
111.2906 87.3537
111.2831 87.3573
111.2860 87.3059
111.3070 87.3868
111.3228 87.3483
111.2822 87.2925
111.3714 87.3161
111.2937 87.2934
111.3123 87.3331
111.3512 87.2950
111.2618 87.3475
111.3034 87.3200
111.3246 87.2905
111.4173 87.3243
111.2206 87.3880
111.2745 87.3668
111.2675 87.3212
111.3510 87.3318
111.2695 87.3591
111.2503 87.3415
111.3026 87.3323
111.2791 87.3798
111.3367 87.3076
111.2973 87.3121
111.3139 87.3477
111.3464 87.3298
111.2805 87.3830
111.3060 87.2769
111.2856 87.3078
111.3076 87.3720
111.2740 87.3801
111.3117 87.3813
111.2900 87.3592
111.3142 87.3418
111.2625 87.3101
111.2876 87.3198
111.3272 87.3536
111.2875 87.3629
111.2968 87.2939
111.2703 87.3176
111.3455 87.3220
111.2918 87.3717
111.2699 87.3500
111.2863 87.2909
111.2910 87.2783
111.3069 87.2933
111.3171 87.3059
111.2911 87.3312
111.2747 87.3840
111.3213 87.2964
111.2714 87.3081
111.3138 87.3428
111.2799 87.3428
111.2746 87.3424
111.2282 87.3225
111.2663 87.4001
111.2584 87.3534
111.3126 87.4093
111.2665 87.3616
111.2956 87.3377
111.3358 87.3437
111.3167 87.3705
111.2901 87.3333
111.2978 87.3492
111.2947 87.2861
111.3035 87.3065
111.3450 87.3151
111.3440 87.2555
111.3119 87.2577
111.3172 87.3195
111.3125 87.3337
111.2834 87.3892
111.2730 87.3715
111.2690 87.3367
111.3167 87.2927
111.3816 87.3648
111.3019 87.3123
111.3412 87.3082
111.3072 87.3495
111.3498 87.2947
111.2990 87.2814
111.3048 87.3746
111.3145 87.3288
111.1829 87.3214
111.2673 87.3284
111.3686 87.3733
111.2577 87.3096
111.2973 87.3937
111.3903 87.3428
111.3538 87.2961
111.2712 87.3676
111.4314 87.5906
111.2390 87.5304
111.0797 87.3764
111.5541 87.5807
111.4861 87.4709
111.7560 87.5110
111.6811 87.4807
111.5084 87.5819
111.5943 87.5255
111.6215 87.5112
111.5551 87.5642
111.6058 87.5138
111.6111 87.4509
111.4890 87.4158
111.5369 87.4873
111.5927 87.5417
111.6582 87.4843
111.5230 87.4607
111.7768 87.4023
111.1931 87.7465
111.3753 87.4430
111.4567 87.6321
111.1301 87.5844
111.3249 87.6815
111.2766 87.6106
111.2720 87.7246
111.2291 87.5978
111.3050 87.6742
111.2866 87.6236
111.2930 87.5731
111.3802 87.7195
111.2150 87.6338
111.2599 87.5914
111.3421 87.6709
111.2275 87.5413
111.2050 87.6532
111.3110 87.5465
111.3274 87.7997
111.3365 87.5936
111.2619 87.6049
111.1880 87.5783
111.2332 87.5527
111.1058 87.5021
111.3798 87.4961
111.2233 87.6201
111.2792 87.5981
111.2253 87.5621
111.5999 87.5264
111.5375 87.4268
111.6252 87.4037
111.6775 87.6766
111.7314 87.4623
111.6114 87.4104
111.4509 87.4427
111.3968 87.6047
111.4734 87.5596
111.3497 87.5781
111.2688 87.4401
111.2540 87.8558
111.2938 87.6219
111.2456 87.7382
111.2851 87.6312
111.2795 87.5998
111.2439 87.6373
111.2308 87.6884
111.5705 87.5875
111.5297 87.9715
111.7092 87.4050
111.8246 87.4548
111.6359 87.3358
111.7208 87.3108
111.7033 87.5977
111.7414 87.4445
111.8275 87.4913
111.7400 87.4427
111.7704 87.5277
111.8239 87.4890
111.5969 87.3074
111.5604 87.4314
111.7764 87.3650
111.6546 87.4538
111.7051 87.6278
111.6906 87.3942
111.7045 87.5040
111.7512 87.2939
111.6778 87.4703
111.7975 87.3314
111.7617 87.3251
111.8392 87.4489
111.9340 87.5060
111.6223 87.2887
111.6564 87.4904
111.7660 87.5649
111.7864 87.4321
111.6946 87.3278
111.7608 87.3918
111.7130 87.4684
111.6314 87.5603
111.5491 87.5349
111.7170 87.3381
111.8462 87.2905
