148.8593 101.8228
148.8101 101.7105
149.1119 101.9359
148.4873 102.1980
148.5726 102.0935
148.9056 102.3038
148.7177 102.0548
148.8827 101.8243
149.0650 102.2433
148.6692 102.1207
148.8466 102.2188
148.8582 102.0719
148.7398 102.2192
148.7757 102.2969
148.6742 102.1698
148.7237 102.1145
148.6620 101.9947
148.7759 102.1957
148.5648 102.2584
148.6981 102.1784
148.5576 101.9938
148.9944 102.3514
148.7365 101.8900
148.9412 101.9387
148.8404 101.9266
148.8488 101.9256
148.7267 101.7365
148.7089 101.9816
148.7712 102.0049
149.1834 101.8348
148.5970 101.8711
148.7313 101.6092
149.0977 101.7454
149.0977 101.9325
149.0341 101.7234
149.0801 101.8491
149.0551 101.9129
149.2105 101.9052
149.1010 101.8053
149.0179 102.1131
148.9220 101.8203
149.0460 102.1051
149.2088 101.8317
149.0812 101.9560
148.8027 101.9951
149.0107 101.9306
149.0972 102.1308
149.0169 101.8148
148.9258 102.0784
149.0385 101.9070
149.0824 102.1387
148.8421 101.9401
149.1943 101.9597
149.1847 102.0544
148.7195 101.7847
149.1654 101.7737
149.1675 101.8113
148.9174 101.7733
149.2157 101.8363
149.0015 101.8110
148.8402 101.9496
148.9598 101.5650
148.9613 102.1094
148.6602 102.0314
148.8326 101.7805
148.9892 101.6838
148.9037 101.9141
148.6806 101.7895
148.8121 101.9270
148.8397 101.8517
148.7885 101.8820
148.7710 101.8354
148.7702 101.8133
148.7769 101.8220
148.8528 102.2121
148.7484 102.2631
148.7791 101.9181
148.7394 102.2113
148.6337 102.1144
148.6836 102.0877
148.6300 101.8770
148.9549 102.0995
148.5909 101.9711
148.8573 102.1562
148.9018 102.1693
148.8033 102.0181
148.7777 102.1686
148.7944 102.0478
148.9156 102.0654
148.7112 102.2043
148.5788 102.1013
148.8350 102.0732
148.7353 102.0453
148.6682 102.0617
148.7456 102.0641
148.8192 102.0997
148.8655 101.8984
148.8948 101.9693
148.8724 102.1715
148.7817 102.1428
148.5740 102.1715
148.4843 102.2247
148.7760 102.1347
148.6408 102.0145
148.9873 102.0112
148.8728 102.1158
148.8591 102.0503
148.7057 102.1332
148.7502 102.0874
148.6875 102.0000
148.6752 102.2071
148.6983 102.1347
148.6973 102.1398
148.9174 102.0219
148.5961 102.0265
148.8108 102.1999
148.7468 101.9699
148.6696 102.1170
148.8395 102.0461
148.6193 102.0626
148.7764 102.0947
148.6439 102.1765
148.6927 101.9772
148.7342 102.0219
148.8343 102.0678
148.9166 101.9830
148.6483 102.1625
148.8005 102.1346
148.5657 102.0775
148.4688 102.0618
148.8151 102.1016
148.7666 102.0854
148.9949 102.1977
148.5603 101.9839
148.7037 102.0369
148.6136 102.2260
148.7735 101.9217
148.5948 102.1263
148.6778 101.9973
148.7315 102.1060
148.6238 101.9789
148.6593 101.9527
148.7946 102.0063
148.8310 102.1115
148.7581 101.9882
148.6405 102.2443
148.6784 102.1867
148.6277 102.0247
148.5757 102.1823
148.7774 101.9392
148.5824 102.0498
148.6851 102.1585
148.6430 102.1488
148.8963 102.1399
148.7677 101.9536
148.7792 102.0190
148.8049 102.0683
148.7048 102.1911
148.5362 102.1048
148.8226 102.0474
148.5805 102.0447
148.8509 101.9046
148.6114 102.1554
148.7072 102.0940
148.6459 102.1725
148.5987 102.2002
148.7643 102.0247
148.6189 102.0955
148.6938 101.9922
148.6524 102.0612
148.7601 102.0644
148.7397 101.9506
148.5976 102.1478
148.7016 101.9863
148.7401 102.1573
148.7353 102.1075
148.6719 102.1225
148.7361 102.2079
148.6726 102.1768
148.8191 102.1732
148.7383 102.0133
148.6838 102.2725
148.6609 101.9861
148.5984 102.0643
148.8150 102.1522
148.8712 102.0829
148.6667 102.0423
148.8309 102.1767
148.9017 101.9820
148.8150 102.0290
148.6712 102.0943
148.8076 102.1279
148.7894 102.1674
148.6992 101.9931
148.6864 101.9887
148.5614 101.8966
148.8723 102.1214
148.7445 102.0319
148.5900 102.0305
148.8731 102.1530
148.7376 102.2949
148.7046 101.9960
148.4974 102.1242
148.7611 102.1003
148.7017 101.9311
148.8157 102.0872
148.7695 101.9699
148.6117 102.2111
148.6391 102.0559
148.5591 102.0613
148.6754 102.1049
148.6828 102.2110
148.7397 102.1240
148.7340 102.1172
148.5994 102.1350
148.7839 102.2039
148.8354 102.0205
148.7289 102.0913
148.7193 102.1255
148.6953 102.2767
148.8262 101.6852
148.8576 101.8755
148.8920 101.5204
148.8066 101.6040
148.7077 101.6971
148.6381 101.7024
148.8297 101.7403
148.8768 101.8035
148.7747 101.7390
148.7352 101.8237
148.7322 101.6798
148.7938 101.6483
148.7007 101.7107
148.6891 101.7586
148.8741 101.6809
148.8206 101.5665
148.6885 101.8004
148.7708 101.7749
148.7305 101.8844
148.8144 101.5990
148.9492 101.6832
148.7132 101.7883
148.8607 101.8286
148.8082 101.7151
148.7988 101.7775
148.8673 101.8383
148.9280 101.7389
149.1374 102.2780
148.7755 102.0664
148.6460 102.2245
149.1548 102.0135
148.5885 101.7760
148.8363 101.5502
148.6694 101.5893
148.8607 101.8516
148.7566 101.4597
148.6509 101.8744
148.8678 101.9511
148.7562 101.5500
148.8434 101.5634
148.6230 101.7695
148.7813 101.6231
148.7108 101.6121
148.6665 101.5397
148.7903 101.6271
149.1890 101.7998
148.7566 101.4588
148.9712 101.8389
148.8424 101.8392
148.8567 101.6657
148.8084 101.6840
148.7680 101.7702
148.9087 101.7372
148.5553 101.6339
148.8488 101.4565
148.6043 101.8079
148.7129 102.2353
148.8515 102.1004
148.6775 101.8476
148.7295 101.6259
148.6948 101.7485
148.5899 101.6367
148.9273 101.6205
148.8060 101.6614
148.8198 101.7977
148.8717 101.6738
148.7084 101.7741
148.6769 101.7755
148.8565 102.0179
149.0427 102.1813
148.7255 102.0079
148.6861 102.1601
148.6897 102.2213
148.8483 102.0883
148.9034 102.1534
148.8796 102.2860
149.0244 102.0362
148.8080 101.9163
148.7993 101.9906
148.6193 102.2269
148.8415 102.0785
148.6497 101.9716
148.9722 102.1634
148.8092 102.0090
148.8254 102.0979
148.8342 102.1220
148.6530 102.0674
148.8773 102.2766
148.9106 102.1824
148.7389 101.9862
148.8200 102.2324
148.8759 102.1624
148.8888 102.1542
148.8100 102.0630
148.8440 102.1642
148.8929 102.2098
148.8460 102.1020
148.7968 102.1336
149.0233 102.1260
148.9587 101.9462
148.5887 102.0344
148.9031 102.2175
149.0604 102.2946
148.9092 102.3134
148.8465 101.8788
148.7959 102.1094
148.7601 102.1230
148.6980 102.1050
148.7304 102.0996
148.7989 102.1058
148.8073 102.0619
148.7558 102.0413
148.7771 102.0627
148.8135 102.0081
148.7283 101.9975
148.9242 101.7100
148.7433 101.6253
148.6344 101.5865
148.8796 101.8302
148.7914 101.7578
148.7388 101.6426
148.8806 101.5831
148.7134 101.7124
148.7380 101.8045
148.8206 101.7403
148.7144 101.7731
148.9497 101.7957
148.7778 101.6443
148.7126 101.7123
148.8711 101.6185
148.8415 101.8276
148.8276 101.7830
148.8020 101.7147
148.7427 101.6894
148.8215 101.7380
148.9197 101.7534
148.8985 101.6698
148.7036 101.6327
148.8317 101.7183
148.8688 101.7366
148.4975 101.8906
149.1315 101.9142
148.9953 101.7627
149.0008 101.8937
149.2012 101.9689
148.6471 101.9979
148.5817 102.1629
149.1566 101.8149
149.1645 101.9318
149.0990 101.8390
148.8160 102.0537
148.5936 101.9466
148.7003 101.9884
148.8733 102.1475
148.7999 102.0233
148.7634 102.1470
148.7312 102.1472
148.7054 101.9450
148.7994 101.9739
148.6918 102.0421
148.8410 101.4887
148.6488 101.7490
148.9417 101.6686
148.9100 101.6095
148.6419 101.5880
148.4461 101.7585
148.4971 101.7287
148.8541 101.6271
148.9653 101.6184
148.9377 101.6247
148.7916 101.6733
148.7246 101.7465
148.8952 101.7678
148.9343 101.9216
148.8994 101.9653
148.9497 101.7652
148.5886 101.8263
149.0831 101.8072
148.8284 101.6736
148.9897 101.7889
148.7842 101.6564
148.9344 101.5871
148.8422 101.6916
149.0590 101.7845
148.7902 101.5762
149.0505 101.6875
148.7961 101.7794
148.7824 101.6400
148.7686 101.8014
148.6745 101.6406
148.7752 101.5981
148.8385 101.8934
148.6870 101.6814
148.8480 101.5587
148.8699 101.5176
148.9588 101.7592
148.7533 101.7265
148.5262 101.8229
148.7998 101.7417
148.6771 101.5423
148.8512 101.6366
148.9543 101.7154
148.7944 101.7900
148.7182 101.6655
148.9283 101.6389
148.8557 101.7615
148.9043 101.6971
148.9871 101.6659
148.8830 101.7533
148.7236 101.7189
148.8386 101.9700
148.7230 102.1724
148.8664 102.0533
149.0022 102.2295
148.7502 101.9407
149.0544 101.9337
149.2276 101.9275
149.1949 101.7653
149.0946 101.7582
149.1006 101.9694
149.1016 101.6961
149.2883 101.8007
149.1024 101.9348
149.1695 101.8821
149.0363 101.8918
149.2101 101.8343
149.1535 101.9710
149.0456 101.8951
149.1485 101.8821
149.1951 101.9561
149.2541 101.8468
149.2201 101.9199
149.1694 101.8027
149.0966 101.8054
149.1184 101.7532
149.1013 101.9115
149.1787 101.8189
149.1708 101.8563
149.2808 101.8056
149.2339 101.9969
149.3211 102.0192
149.0661 101.9513
149.1363 101.8928
149.1151 101.8838
149.1550 101.8329
149.0862 101.8607
149.1771 101.7054
149.1762 101.8806
149.1906 101.8286
149.2161 101.8500
149.2730 101.7579
149.2186 101.7972
149.0766 101.9313
149.1193 101.8639
149.2229 101.8834
149.1517 101.8500
149.2641 101.8409
149.2292 101.8853
149.1974 101.8405
149.1025 101.7832
149.1091 101.8764
149.1840 101.8336
149.1564 101.8604
149.1614 101.9192
149.1006 101.8737
149.1651 101.9062
149.1442 101.9160
149.1507 101.8857
149.1697 101.8639
149.0878 101.9014
149.1440 101.8588
149.1676 101.8565
149.1818 101.8718
149.1672 101.9959
149.1022 101.9972
148.9199 101.9453
148.8523 101.8225
148.7878 101.9582
148.9403 102.1543
148.8441 101.9555
148.8189 102.0504
148.8058 102.1086
148.8720 102.0337
148.8296 102.0649
148.8096 102.0451
148.7834 102.0509
148.8805 101.9312
148.7681 102.0809
148.9009 102.0591
148.8921 102.0968
148.9318 102.1049
148.8157 101.9268
148.9518 102.1347
148.7830 102.0502
148.8203 102.1970
148.8938 102.1945
148.8928 102.0746
148.8752 101.9852
148.8855 102.1536
148.7831 102.0673
148.9567 102.1232
148.9478 101.9457
148.6718 102.1706
148.9608 102.0717
148.6149 102.0750
148.9959 102.0221
148.7814 102.0335
148.9586 102.3073
148.6913 102.1311
148.8012 102.2766
148.8297 102.1263
148.9444 102.2117
148.8350 102.0271
148.6829 102.1191
148.9964 101.9622
148.8665 101.9996
148.8512 102.0978
148.7394 102.0303
148.7063 102.0533
148.7473 102.0491
148.7216 102.0661
148.7956 101.9711
148.9320 102.0898
148.9118 102.0177
148.8209 102.0423
148.8376 102.0487
148.8119 102.1087
148.9719 102.3029
148.9267 102.1173
148.9092 102.1146
148.8035 102.0631
148.7354 102.0968
148.8676 102.1938
148.7950 102.0286
148.7975 102.1287
149.0224 102.1517
148.8022 101.9089
148.8155 101.9807
148.7693 102.1855
148.8638 102.0104
148.8277 101.9996
148.7755 102.0817
148.7320 102.1601
148.6246 101.9853
148.8956 101.9926
148.6482 102.1630
148.8351 101.9555
148.8023 101.8966
149.0097 101.4558
148.8214 101.6077
148.9046 101.6948
148.8373 101.4706
148.9002 101.6338
148.9507 101.6567
148.9739 101.6009
148.9388 101.5353
149.1672 101.8087
149.1702 101.8966
149.1574 101.9229
149.1511 101.9821
149.1874 102.0075
149.3114 101.9143
149.1534 101.8393
149.2432 101.9067
149.1496 101.8490
149.1493 101.9720
149.1587 101.9655
149.1208 101.8643
149.0612 101.8563
149.1421 101.5449
149.0557 101.6465
149.1279 101.5116
148.9705 101.6447
148.9742 101.6422
148.8849 102.1423
148.7726 102.0471
148.7495 101.6552
