184.4899 131.4315
184.6920 131.4134
184.3418 131.3563
184.6862 131.4829
184.3905 131.5430
184.3366 131.6178
184.5264 131.5246
184.2326 131.2896
184.3537 131.2953
184.4139 131.4378
184.5993 131.2449
184.3418 131.4102
184.5733 131.4291
184.2359 131.6888
184.3593 131.6485
184.6303 131.3750
184.4746 131.5619
184.3297 131.6244
184.5366 131.3180
184.2250 131.4866
184.5967 131.2635
184.4380 131.4548
184.0565 131.5197
184.0958 131.3893
184.4663 131.5590
184.3958 131.2325
184.5501 131.6964
184.4129 131.3299
184.0523 131.5153
184.4858 131.3722
184.4668 131.6287
184.4534 131.3582
184.3195 131.2763
184.3328 131.5423
184.3056 131.4582
184.4551 131.4083
184.4503 131.5419
184.4896 131.2878
184.4231 131.4904
184.1934 131.6970
184.5896 131.2399
184.4876 131.5424
184.8782 131.5298
184.2985 131.5672
184.3554 131.5623
184.4315 131.4285
184.2885 131.2976
184.2902 131.5751
184.9603 131.6693
184.4443 131.3148
184.3077 131.4925
184.0035 131.6819
184.3904 131.4926
184.6697 131.5207
184.3430 131.4567
184.4779 131.5246
184.7814 131.3992
184.6239 131.3190
184.6456 131.5008
184.2943 131.5759
184.4445 131.5907
184.5206 131.5664
184.4108 131.2884
184.4256 131.4248
184.3470 131.4803
184.3899 131.4002
184.3462 131.2759
184.6152 131.6150
184.3799 131.3228
184.4013 131.5563
184.0915 131.8013
184.3498 131.5083
184.5015 131.5164
184.3643 131.4158
184.4163 131.4185
184.2545 131.4596
184.3123 131.4134
184.6077 131.7821
184.5662 131.6232
184.4035 131.3728
184.6758 131.3259
184.3569 131.3594
184.5152 131.5096
184.3051 131.8176
184.5741 131.4879
184.2424 131.5816
184.5371 131.5443
184.4729 131.4971
184.4752 131.4351
184.4852 131.7543
184.2753 131.5154
184.4694 131.6369
184.4407 131.7713
184.3306 131.4792
184.4543 131.2400
184.4821 131.4568
184.4486 131.6807
184.4653 131.3218
184.1853 131.6776
184.5093 131.3687
184.0565 131.7003
184.3621 131.5339
184.4319 131.5547
184.3798 131.6256
184.2639 131.4750
184.3015 131.4512
184.7299 131.7384
184.5219 131.8635
184.6321 131.8694
184.2850 131.7074
184.5800 131.7004
184.3068 132.0452
184.6295 131.9880
184.7914 131.9557
184.3130 131.7740
184.6948 131.5280
184.5518 132.0969
184.3587 131.9940
184.4989 131.9442
184.7061 131.2870
184.3098 131.8335
184.6190 131.8196
184.5396 131.7849
184.5930 131.9492
184.7090 131.5711
184.2607 132.0526
184.6227 131.6339
184.4782 132.1425
184.9076 131.8374
184.5643 131.8502
184.4208 131.7433
184.7390 131.9005
184.3723 131.2569
184.5305 131.6884
184.7786 132.0302
184.9457 131.8355
184.7032 132.0738
184.4925 132.1273
184.4305 131.6913
184.5937 131.6983
184.5736 131.6837
184.7136 131.8870
184.5892 132.1125
184.8301 131.8426
184.8155 131.9688
184.5695 131.7635
184.1976 132.0508
184.5834 131.9111
184.6174 131.9621
184.6186 131.8996
184.4848 131.5401
184.6075 132.0886
184.4041 131.7294
184.6905 131.6959
184.6492 131.5612
184.6286 132.1019
184.7127 131.5758
184.7513 131.6329
184.6907 131.7702
184.3212 131.9483
184.3826 131.7194
184.1453 131.9308
184.5427 131.2778
184.1450 131.5261
184.0240 131.5135
184.0713 131.4793
184.2801 131.7279
184.0944 131.6884
184.1280 131.6936
184.1929 131.7068
184.2320 131.6796
184.1714 131.6134
184.6423 131.9780
184.5029 131.3312
184.5755 131.4667
184.3972 131.9987
184.4150 131.4491
184.5257 131.5149
184.6507 131.5873
184.6340 131.3690
184.4707 131.5118
184.4020 131.2709
184.3629 131.5648
184.2696 131.3167
184.3840 131.4532
184.2786 131.3977
184.4072 131.5304
184.6781 131.5415
184.2193 131.6452
184.6094 131.6102
184.6338 131.3882
184.3852 131.4297
184.3561 131.3767
184.5340 131.5401
184.2900 131.6211
184.4989 131.6901
184.6282 131.8220
184.4310 132.0195
184.5446 131.5663
184.5308 131.8015
184.7539 131.7458
184.6618 131.6531
184.7789 131.7715
184.7802 131.7902
184.6993 131.5985
184.6865 131.8284
184.7223 131.8033
184.6209 131.7727
184.6474 131.8456
184.5914 131.7198
184.7052 131.7214
184.7704 131.7033
184.6779 131.7353
184.3049 132.0230
184.5947 131.6301
184.8823 131.7303
184.7323 131.6976
184.7303 131.6644
184.9343 131.8315
184.9172 131.6873
184.6308 131.6816
184.7784 131.6357
184.8782 131.9158
184.6311 131.9295
184.6551 131.8202
184.3830 131.9175
184.7081 131.7278
184.9305 131.8464
184.3435 131.8380
184.6620 131.7191
184.6204 132.0182
184.5655 131.7110
184.7024 131.7671
184.6005 131.6259
184.6018 131.7783
184.4765 131.7264
184.7274 131.8191
184.8423 131.7113
184.7041 131.7247
184.7346 131.6579
184.7555 131.6777
184.7341 131.8579
184.7401 131.6330
184.4687 131.6048
184.6908 131.8236
184.5119 131.4271
184.8811 131.7743
184.9325 131.8699
184.5725 131.7756
184.6085 131.8730
184.7968 131.7262
184.7631 131.7167
184.7419 131.6398
184.6899 131.6867
184.4979 131.8509
184.4437 131.7845
184.3890 131.8314
184.4636 131.7118
184.5049 131.7681
184.6541 131.7856
184.7469 131.7551
184.5354 131.9242
184.6547 131.9667
184.6372 131.8515
184.8321 131.7241
184.6829 131.7734
184.8390 131.7660
184.7290 131.8696
184.8185 131.7189
184.7186 131.8041
184.6802 131.7554
184.7527 131.7196
184.6627 131.7699
184.7122 131.8127
184.7548 131.7443
184.6299 131.8140
184.2104 131.8309
184.3757 131.6013
184.4477 131.4003
184.5007 131.6375
184.4139 131.5296
184.2673 131.3801
184.4751 131.3849
184.4331 131.5396
184.3393 131.6767
184.4902 131.6838
184.3936 131.7531
184.4290 131.6400
184.4494 131.7538
184.5891 131.5864
184.2587 131.5405
184.6064 131.3747
184.3499 131.5721
184.6141 131.5010
184.5419 131.4782
184.5742 131.5444
184.5744 131.4701
184.3526 131.3613
184.3889 131.5186
184.5378 131.3839
184.4432 131.4967
184.3132 131.5190
184.3612 131.5400
184.4192 131.4649
184.4131 131.5789
184.4879 131.4427
184.5551 131.5367
184.5479 131.3883
184.4580 131.5583
184.3045 131.4244
184.5278 131.5408
184.5523 131.5663
184.3780 131.6084
184.4797 131.3907
184.2925 131.6858
184.4800 131.5046
184.5429 131.4759
184.3450 131.4810
184.5865 131.6686
184.2967 131.5307
184.4782 131.4316
184.4747 131.5946
184.2448 131.4353
184.4879 131.4224
184.5408 131.5074
184.5009 131.5533
184.3149 131.5582
184.5694 131.5765
184.3558 131.6995
184.4469 131.4297
184.4158 131.5392
184.4797 131.5730
184.4670 131.4962
184.5728 131.3956
184.3303 131.6759
184.4686 131.2679
184.4422 131.4607
184.4719 131.3711
184.5324 131.5597
184.4749 131.4309
184.4814 131.3284
184.3345 131.5461
184.3620 131.4814
184.3100 131.4512
184.4291 131.3416
184.4628 131.4420
184.6438 131.5332
184.6462 131.5506
184.4531 131.5956
184.3385 131.3509
184.4997 131.5509
184.4796 131.4624
184.3925 131.4744
184.2774 131.4969
184.6568 131.5805
184.4019 131.4581
184.4940 131.5192
184.5802 131.6308
184.2341 131.4248
184.4854 131.4629
184.3479 131.5978
184.4902 131.4490
184.2966 131.5602
184.2841 131.5733
184.3660 131.6110
184.3570 131.5887
184.3285 131.7981
184.5253 131.5183
184.5373 131.4249
184.7724 131.6438
184.7173 131.9017
184.6150 131.8016
184.6803 131.8975
184.4865 131.4665
184.8649 131.6631
184.5417 131.8970
184.8159 131.8026
184.7606 131.7693
184.7541 131.6538
184.7719 131.7550
184.7977 131.7897
184.6184 131.6393
184.6933 131.6383
184.6662 131.7675
184.6774 131.7958
184.7575 131.8346
184.7102 131.8552
184.6518 131.7726
184.7159 131.8067
184.6251 131.7240
184.7741 131.6974
184.1521 131.9309
184.1480 132.0521
184.3646 131.6330
184.2401 131.9911
184.3019 131.8186
184.2757 131.6908
184.2716 131.8062
184.4049 131.8593
184.2816 131.7528
184.4543 131.5166
184.2841 131.7221
184.0857 131.6125
184.3716 131.6599
184.2090 131.8603
184.4903 131.7465
184.4384 131.6974
184.2081 131.5155
184.3146 131.5570
184.1436 131.8630
184.2547 131.8978
184.5604 131.6592
184.2762 131.8268
184.3048 131.6757
184.4406 131.5795
184.1515 131.8368
184.1367 131.9022
184.3868 131.7809
184.2065 131.7979
184.3344 131.5624
184.2630 131.8238
184.1542 131.6944
184.4579 131.7211
184.1765 131.8952
184.3660 131.8568
184.1984 131.7960
184.2868 131.8577
184.4064 131.8644
184.2801 131.7878
184.2344 131.6548
184.3249 131.8653
184.1288 131.6284
184.2745 131.9410
184.2397 131.7076
184.1049 131.8490
184.2587 131.9701
184.3275 131.7643
184.2786 131.6036
184.4172 131.8500
184.4424 131.8239
184.1688 131.7371
184.5010 131.7235
184.2143 131.6915
184.4022 131.7361
184.2348 131.7507
184.2684 131.6902
184.3591 131.9862
184.4576 131.8869
184.3097 131.7600
184.6157 131.6677
184.3150 131.8513
184.2500 131.9572
184.4606 131.6964
184.1514 131.7937
184.4203 131.7578
184.2831 131.7398
184.4383 131.7926
184.3883 131.7845
184.1933 131.7589
184.3773 131.9436
184.7183 131.7199
184.0390 131.7600
184.2310 131.7425
184.2937 131.8640
184.3168 131.7456
184.5126 131.7685
184.4392 131.9568
184.3364 131.7403
184.3488 131.7348
184.4649 131.7273
184.4279 131.8533
184.3664 131.8010
184.2161 131.6673
184.2348 131.8046
184.3610 131.7364
184.4577 131.7236
184.4211 131.5837
184.4089 131.6920
184.2516 131.8331
184.2158 131.8431
184.0858 131.7829
184.3750 131.6896
184.1631 131.9254
184.2983 131.7249
184.3679 131.8075
184.3486 131.5326
184.2136 131.7314
184.2939 131.7704
184.3032 131.7647
184.1197 131.8182
184.4558 131.4659
184.5977 131.5633
184.6463 131.6080
184.6862 131.4218
184.5358 131.2803
184.4388 131.4417
184.6100 131.6199
184.1304 131.5481
184.4187 131.6992
184.4519 131.5184
184.6182 131.4076
184.5997 131.5227
184.5651 131.5263
184.5823 131.4081
184.2727 131.5676
184.6592 131.4304
184.5119 131.5442
184.3318 131.7071
184.4646 131.5268
184.5703 131.4916
184.5016 131.3002
184.4187 131.5145
184.5743 131.4318
184.2871 131.6240
184.3400 131.5191
184.3842 131.4505
184.3508 131.6279
184.6663 131.3168
184.5788 131.3584
184.5277 131.4790
184.5084 131.7666
184.5442 131.6243
184.5877 131.3368
184.5521 131.6997
184.5257 131.4380
184.3902 131.6068
184.3995 131.5857
184.4080 131.5215
184.5842 131.5275
184.4354 131.4307
184.4425 131.5276
184.4938 131.4180
184.5491 131.4057
184.5041 131.4702
184.4737 131.2700
184.4068 131.7412
184.5256 131.5289
184.4163 131.6205
