194.2086 142.0197
194.5646 141.5801
194.4120 141.9023
194.4313 141.5687
194.1210 141.5052
194.1569 141.6359
194.0814 141.5671
194.2271 142.1099
194.1778 141.8911
194.0108 141.9010
194.3988 141.9901
194.4544 142.0606
194.5426 142.2325
194.1222 141.8892
194.3374 142.2819
194.6043 141.8905
194.6759 142.0928
194.1841 141.8294
194.5413 141.8784
194.4722 141.8236
194.6549 142.1877
194.5908 141.7358
194.2447 142.0667
194.8157 141.8184
194.7234 141.6543
194.7970 142.1456
194.7100 142.0661
194.6441 141.6046
194.4283 142.0774
194.2077 142.1927
194.2606 142.0887
194.4259 142.0413
194.4515 142.0862
194.0457 141.6996
194.1326 142.1376
194.2622 142.0686
194.6481 141.9424
194.1944 141.7449
194.2384 142.0084
194.2158 142.1487
194.0090 141.9116
194.2647 141.6917
194.3700 141.9398
194.4983 142.1530
193.9988 141.9354
194.1341 141.8162
194.2598 142.0170
194.0355 141.8351
194.5406 141.4713
194.1990 141.5378
194.1760 141.6626
194.2796 141.7365
194.1405 141.8556
194.6509 141.4511
194.0820 141.8422
194.2616 141.7241
194.7298 141.7419
194.1919 141.7579
194.4331 141.8078
194.5280 141.7543
194.1332 141.7894
194.4098 141.4843
194.2853 141.6603
194.2724 141.5726
194.1420 141.8328
194.6117 141.5883
194.5341 141.6749
194.2744 141.7965
194.0458 141.5803
194.3019 141.7266
194.6848 141.7606
194.4053 141.6815
194.5170 141.6857
194.1394 141.6054
194.0657 141.8071
194.2590 141.5959
194.2111 141.5222
194.1932 141.5579
194.7514 141.4142
194.2852 141.7810
194.1418 141.4951
194.1655 141.5407
194.5399 141.4873
194.3796 141.6572
194.2838 141.5145
194.3441 141.6469
194.1860 141.6144
194.1293 141.7396
194.3791 141.6915
194.4579 141.6878
194.0182 141.6721
194.1535 141.6050
194.2469 141.5300
194.5016 141.7268
194.4301 141.6136
194.8140 141.7661
194.3253 141.7323
194.5406 141.4610
194.2822 141.5491
194.4169 141.8703
194.4062 141.3390
194.2726 141.8232
194.3557 141.7239
194.1627 141.7798
194.2606 141.9702
194.4853 141.3264
194.4928 141.5706
194.5073 141.6436
194.1589 141.7529
194.3697 141.5746
194.6424 141.5998
194.2670 141.6507
194.1793 141.5369
194.1973 141.8766
194.3563 141.5935
194.3569 141.4169
194.2594 141.6184
194.3037 141.9068
194.3143 141.7410
194.2968 141.9773
194.1950 141.5641
194.5094 141.7179
194.3208 141.4545
194.5308 141.6721
194.5762 141.4741
194.2159 141.8521
194.2462 141.9918
194.0744 141.7761
194.3020 141.8426
194.2478 141.8378
194.3290 141.6763
194.1776 141.8795
194.3541 141.6751
194.2806 141.8944
194.2728 141.8153
194.0049 141.6736
194.1378 141.8063
194.5036 141.4581
194.2180 141.5640
194.1094 141.7811
194.4933 141.9243
194.5352 141.8102
194.3293 141.7539
194.3661 141.5651
194.1113 141.7188
194.3084 141.4377
194.4053 142.0386
194.2266 141.7507
194.5442 141.6262
194.0689 141.7858
194.4462 141.5744
194.8273 141.8699
194.0552 141.8527
194.2168 141.7478
194.4587 141.9598
194.4511 141.6566
194.6586 141.5067
194.6990 141.9521
194.4431 141.6523
194.1262 141.5398
194.3750 141.6614
194.5599 141.9294
194.4616 141.4685
194.4317 141.7265
194.1465 141.6837
194.3511 141.6875
194.7102 141.6063
194.2908 141.6508
194.3345 141.4389
194.2025 141.6523
194.6016 141.7107
194.4385 141.5071
194.1671 141.7294
194.0523 141.6212
194.0963 141.5005
194.3037 141.6455
194.6060 141.7026
194.3559 141.8098
194.3225 141.4517
194.1741 141.6841
194.1373 141.6840
194.2736 141.6512
194.1207 141.6828
194.3627 141.6531
194.5633 141.6618
194.4057 141.7930
194.4289 141.6988
194.2573 141.5040
194.3585 141.7042
194.0945 141.6598
194.4256 141.7860
194.2077 141.5706
194.2123 141.6871
194.1111 141.5848
194.1757 141.6199
194.2467 141.6913
194.2469 141.5650
194.2766 141.5952
194.2279 141.6842
194.3415 141.8641
194.6464 141.7107
194.6097 141.7963
194.4573 141.7711
194.4787 141.7825
194.6593 141.7641
194.5646 141.7715
194.6616 141.7593
194.3127 142.0553
194.2735 142.0711
194.2853 141.9582
194.3712 142.0271
194.2409 141.8794
194.2937 141.9412
194.3766 141.9755
194.4099 142.0313
194.4253 141.9533
194.7057 141.7494
194.7952 141.7469
194.7808 141.8816
194.5504 141.9334
194.5966 141.8926
194.8907 141.6976
194.6063 142.0840
194.5774 141.6970
194.9200 141.7619
194.4833 141.9455
194.3154 141.7684
194.8827 141.8298
194.6629 141.8954
194.7506 141.7784
194.5143 141.7543
194.5230 141.8310
194.6896 141.7112
194.7100 141.7379
194.4628 142.2143
194.6232 141.7042
194.7969 141.6943
194.5043 141.9378
194.8884 141.5936
194.5636 141.8967
194.9447 141.9146
194.2526 142.0867
194.3542 142.2278
194.7033 142.0078
194.5213 141.8492
194.6944 142.0510
194.8349 142.0671
194.6977 141.8905
194.7323 141.8151
194.7798 141.9510
194.6094 141.9480
194.5208 141.8933
194.7555 142.0387
194.9165 142.0278
194.7323 142.1277
194.8060 141.4881
194.6143 141.9047
194.6073 141.8338
194.5045 141.8909
194.2186 141.4397
194.1610 141.6402
194.1321 141.5452
194.2040 141.6368
194.5843 141.5411
194.5790 141.9455
194.3678 142.0324
194.2873 141.9188
194.2710 142.1379
194.5191 141.9051
194.2919 142.1058
194.6166 142.1208
194.3101 141.9457
194.3822 141.9992
194.3701 141.9642
194.6850 142.0931
194.1505 142.0693
194.4979 141.8492
194.4025 142.0328
194.4648 141.8944
194.3289 142.0585
194.4238 142.1158
194.4652 142.0081
194.4828 141.8680
194.1799 142.0101
194.3899 141.9365
194.3753 141.9433
194.2951 142.0508
194.4808 141.7615
194.4625 142.0387
194.1342 141.8758
194.4157 141.8486
194.7237 142.1337
194.3347 142.0522
194.3504 142.0358
194.5348 142.0088
194.4526 142.0092
194.5904 142.0345
194.1015 141.9165
194.4418 141.8446
194.2838 141.9304
194.4484 141.8828
194.4290 142.0430
194.3210 141.7740
194.3121 141.7051
194.4387 141.8705
194.6759 142.0126
194.5338 142.0884
194.4091 141.8858
194.3273 141.9084
194.4265 142.0035
194.5468 141.8802
194.3386 142.0353
194.5218 141.9107
194.4365 141.8944
194.5015 141.8006
194.5301 141.8614
194.6031 141.9346
194.3326 142.0139
194.7361 141.9774
194.4976 141.8448
194.4471 141.7873
194.3416 141.9136
194.6926 141.9778
194.4353 141.9237
194.6340 141.9091
194.3453 141.9049
194.5810 141.9157
194.6947 141.8458
194.4775 141.9507
194.5400 141.9881
194.4575 141.9936
194.5424 141.9209
194.4634 141.8561
194.4369 141.8987
194.5503 142.0011
194.4211 141.9769
194.5092 141.8529
194.4436 142.0158
194.5016 141.7174
194.4058 141.8785
194.5210 142.0100
194.4144 141.9718
194.3506 141.9472
194.6420 141.9451
194.5262 141.8854
194.5912 142.0145
194.4581 141.9543
194.3261 142.0450
194.4059 141.8109
194.5442 141.9264
194.5396 141.8777
194.3416 141.9418
194.4877 141.9799
194.6637 141.8110
194.3473 141.9166
194.6117 141.8804
194.3450 142.0484
194.3448 141.8401
194.4515 141.7680
194.4167 141.9130
194.3784 141.9164
194.4402 141.9169
194.4772 141.9559
194.5574 141.8485
194.3605 141.7998
194.4406 141.8779
194.5119 141.9844
194.2077 141.9786
194.1662 142.0398
194.1065 141.9535
194.3424 141.8726
194.2332 141.9225
194.1742 141.7365
194.0477 142.0393
194.3731 142.2405
194.3200 141.8845
194.2943 142.0351
194.3778 141.9388
194.0698 142.0175
194.2959 141.9297
194.2172 141.9980
194.2907 141.9055
194.3457 141.8317
194.3281 142.0118
194.2886 142.1087
194.3097 141.8078
194.1771 142.0142
194.2393 141.9182
194.4322 141.7747
194.4478 142.1030
194.5843 142.0674
194.5843 142.0116
194.4658 142.0258
194.3274 142.1871
194.2523 142.1114
194.4828 141.8408
194.2347 141.8163
194.2832 142.1199
194.4729 141.6202
194.7449 142.2008
194.1008 142.0096
194.2644 142.1536
194.4911 142.2488
194.2937 142.0182
194.1167 141.7210
194.3354 142.1732
194.3780 141.8508
194.2536 141.9207
194.0865 142.0447
194.5795 142.0216
194.1656 141.9068
194.3925 142.0396
194.4469 141.9108
194.4686 141.9111
194.2900 142.0192
194.4575 141.8506
194.3022 141.8815
194.5236 141.9904
194.4599 141.9060
194.4778 142.0246
194.3674 141.8959
194.3082 141.9385
194.3863 142.0990
194.6066 142.1822
194.4053 141.9442
194.2916 142.0832
194.4737 142.1551
194.3716 141.8586
194.5197 141.9303
194.6522 141.8272
194.3228 142.1598
194.3002 141.9575
194.3918 142.0964
194.3830 141.8391
194.3631 142.0039
194.4910 141.8983
194.3045 142.0986
194.4027 142.0269
194.2082 141.8721
194.1985 142.0801
194.6083 141.6768
194.3354 142.0926
194.5508 141.9103
194.5006 142.1351
194.4227 142.1404
194.2729 142.0414
194.4026 141.9515
194.1701 142.1011
194.2436 142.0336
194.1440 142.0045
194.0670 141.6850
194.1654 141.9842
194.5511 142.1196
194.7858 141.8709
194.2718 142.2559
194.4106 141.9748
194.4210 141.8016
194.2240 141.7542
194.2633 141.9928
194.4351 142.0370
194.5426 142.0073
194.4538 141.8880
194.3077 141.8198
194.1541 142.1799
194.3265 142.2504
194.2078 142.1099
194.3580 142.1145
194.3833 141.9402
194.3406 141.8436
194.2933 141.8760
194.2939 142.0444
194.0903 141.8141
194.1516 142.0421
194.4103 141.8705
194.4339 142.0542
194.4683 142.0352
194.3049 141.9971
194.0574 141.6895
194.3951 141.8895
194.4908 142.0277
194.1976 141.9629
194.2961 141.8020
194.6122 141.9557
194.3901 141.9605
194.3721 141.6837
194.3819 141.9647
194.2584 141.9787
194.5100 141.9395
194.3562 141.7760
194.2980 141.9214
194.4273 141.9814
194.4750 141.9300
194.3260 142.0858
194.5646 142.1635
194.5426 141.9070
194.3682 142.1681
194.4727 141.9100
194.2406 141.9146
194.4381 141.9468
194.3835 142.1144
194.4152 142.0297
194.3912 142.0836
194.4718 141.9931
194.3823 141.9471
194.5389 142.0862
194.2098 142.0287
194.5023 141.8892
194.4686 142.0167
194.5116 142.0479
194.3309 141.8164
194.4291 141.9066
194.2343 142.0181
194.3262 141.8894
194.4431 141.8150
194.4499 141.9280
194.3213 141.8589
194.2644 142.1362
194.3954 142.0305
194.5579 141.8170
194.3654 142.0751
194.3495 141.9824
194.3930 142.0286
194.3325 141.8780
194.5129 142.1923
194.4370 142.0308
194.2968 141.9316
194.2424 141.9159
194.5814 141.8194
194.3118 141.8600
194.4128 141.8333
194.6955 141.7709
194.5199 141.7563
194.6862 141.8884
194.7232 141.7654
194.6356 141.8665
194.6553 141.8407
194.5780 141.8624
194.6442 141.8421
194.6031 141.8323
194.6004 141.8319
194.6875 141.8779
194.4886 141.8105
194.6537 141.7919
194.6429 141.8605
194.6243 141.8564
194.7156 141.8437
194.5031 141.9296
194.6428 141.8960
194.6725 141.7375
194.5713 141.8506
194.0630 141.8973
194.0978 141.6864
194.3880 141.7317
194.3390 141.5020
194.3009 141.7306
194.2012 141.6805
194.2806 141.9655
194.3531 141.5751
194.3837 141.8579
194.5233 141.6805
194.3467 141.7230
194.3283 141.8028
194.3478 141.7762
194.5063 141.7411
194.1661 141.6945
194.6063 141.3931
194.4155 141.4829
194.4896 141.6476
194.1039 141.6556
194.4556 141.6620
194.5910 141.8377
194.6676 141.7741
194.2753 141.7175
194.2365 141.8345
194.3438 141.8448
194.4893 141.5952
194.3917 141.7012
194.4854 141.3792
194.6778 141.7890
194.3448 141.7036
194.3317 141.8808
194.1491 141.5776
194.6877 141.4696
194.5786 141.8075
194.3372 141.7647
194.3119 141.8127
194.4491 141.8360
194.6552 141.7535
194.6029 141.5172
194.6649 141.7045
194.4103 141.8832
194.3134 141.5384
194.1124 141.8176
194.4198 141.5899
194.4049 141.4392
194.2124 141.6321
194.2722 141.6524
194.1967 141.7463
194.4234 141.8505
194.3279 141.4967
194.3451 141.6270
194.0844 141.6787
194.2011 141.7451
194.1687 141.8074
194.2639 141.8408
194.3155 141.7145
194.7773 141.5125
194.3244 141.6220
194.6047 142.1953
194.5194 141.5803
194.3780 141.7625
194.4763 141.9025
194.4225 141.6529
194.4417 141.8164
194.3737 141.6548
194.2069 141.9686
194.1460 141.8027
194.6588 141.6909
194.3952 141.6146
194.3286 141.7594
194.3117 141.5278
194.5078 141.5710
194.5704 141.4295
194.2943 141.7744
194.5031 141.8897
194.3228 141.5968
194.4399 141.6340
194.5891 141.8091
194.4655 141.7039
194.6822 141.5292
194.5259 141.6326
194.4601 141.9437
194.2231 141.8587
194.3902 141.7078
194.3899 141.9159
194.3205 141.5852
194.1902 141.7917
194.3103 141.6718
194.2807 141.6839
194.3443 141.6814
194.3573 141.6479
194.2002 141.7178
194.2239 141.5984
194.5974 141.6906
194.5363 141.5805
194.4841 141.7022
194.3405 141.7177
194.4847 141.9949
194.1407 141.9920
194.4929 141.9470
194.3241 141.9860
194.3693 142.0277
194.3969 141.9449
194.2742 142.0489
194.3757 142.0485
194.4358 142.0290
194.4647 141.9041
194.3511 141.8205
194.3331 141.9230
194.5757 141.6845
194.0350 141.8782
194.2934 142.1568
194.4601 141.7932
194.4855 141.9572
194.5980 141.8356
194.2834 141.9529
194.4010 142.0350
194.5846 142.0457
194.4374 141.8519
194.5156 141.7734
194.2347 141.8455
194.3929 141.9511
194.4163 141.9644
194.4334 142.1863
194.3210 142.0181
194.3152 141.9712
194.6078 142.1139
194.3388 141.8998
194.4628 141.9766
194.4472 141.8715
194.4593 141.9498
194.4161 141.8653
194.3800 141.9995
194.2805 142.1449
194.5495 142.0317
194.5518 142.0113
194.5352 141.9825
194.5906 141.9605
194.4031 142.1206
194.3402 141.8390
194.7140 141.9131
194.1045 141.8130
194.5780 141.9373
194.6419 142.1818
194.4082 142.1075
194.2830 141.9675
194.4365 141.9274
194.3304 141.9480
194.4148 141.9671
194.3948 142.0500
194.2961 142.2005
194.6034 141.9653
194.3209 141.9026
194.2043 142.0537
194.5004 142.1588
194.4098 141.8875
194.5292 141.8654
194.3060 141.9305
194.2734 142.1466
194.3472 141.9565
194.2987 141.9964
194.4224 141.9122
194.2348 141.8650
194.3210 141.9879
194.3632 142.0342
194.1280 142.0584
194.2699 141.8258
194.1962 142.0078
194.4301 142.1097
194.3577 142.1224
194.4170 141.8831
194.4561 141.8857
194.5651 142.1124
194.2783 141.7939
194.2676 142.0290
194.4929 141.6802
194.3520 142.0466
194.5852 141.9945
194.3977 142.2280
194.3690 142.0813
194.2007 141.8858
194.3510 141.8614
194.3551 141.7804
194.4931 141.9709
194.6790 141.8756
194.3011 141.8921
194.5653 141.6227
194.6422 142.1707
194.6530 142.1102
194.8394 141.8044
194.7335 142.0852
194.3484 142.0749
194.2335 141.6836
194.9613 141.8795
194.7641 141.9467
194.8110 141.7548
194.8173 141.5223
194.5932 141.8115
194.8855 141.5944
194.6798 141.9501
194.8056 141.7361
194.7558 142.1602
194.5483 141.7971
194.5726 142.0459
194.5666 141.6841
194.6436 141.8365
194.6623 141.9712
194.5401 141.8336
194.5459 141.9892
194.1316 142.1326
194.6875 142.0966
194.7574 141.6687
194.7747 141.7404
194.7207 141.7346
194.5499 141.5907
194.6415 141.9272
194.6102 141.8186
194.7374 141.7500
194.6786 141.8602
194.7091 141.8759
194.5121 141.9109
194.7970 141.9921
194.8968 142.0618
194.4059 141.8006
194.7558 141.8728
194.6001 141.9105
194.6509 141.5977
194.8434 141.7446
194.9108 141.8395
194.7033 141.7287
194.6774 141.7853
194.7208 141.9144
194.6396 141.6968
194.4434 141.7072
194.3083 141.9579
194.5011 142.1239
194.5023 141.7150
194.5795 141.5914
194.7433 141.8499
194.7364 141.7536
194.4489 141.9482
194.7117 141.9329
194.7052 141.8016
194.6857 141.7515
194.6640 141.8194
194.8260 141.8195
194.8622 142.0287
194.9518 141.9015
194.8206 141.7464
194.8911 141.7595
194.6433 141.8856
194.9329 142.0159
194.7495 141.9734
194.4476 142.0897
194.7794 142.0762
194.8648 141.8353
194.6634 141.7046
194.8775 142.0093
194.7363 141.5654
194.6640 141.7448
194.6344 141.8170
194.5739 142.0298
194.5492 141.6713
194.7568 142.1692
194.3791 141.8589
194.8486 141.8805
194.6150 141.7797
194.6529 141.8467
194.5412 142.0175
194.5362 141.8540
194.6669 141.9082
194.6213 141.9509
194.5813 141.8777
194.6366 141.9246
194.6518 141.8597
194.7369 141.8739
194.6337 141.8535
194.5739 141.8446
194.4822 141.7584
194.5914 141.8431
194.5065 141.9427
194.7542 141.7239
194.6805 141.8696
194.7988 142.0159
194.5960 141.9324
194.6188 141.8444
194.6044 141.9028
194.7257 141.7827
194.7354 141.7814
194.7118 141.8146
194.7195 141.8203
194.5942 141.8007
194.5690 142.0900
194.5539 141.8650
194.7023 141.9393
194.6513 141.8911
194.6472 141.9093
194.6402 141.7929
194.6189 141.8494
194.6349 141.8452
194.6259 141.8738
194.5472 141.8202
194.6853 141.8593
194.5519 141.8660
194.6427 141.8337
194.6389 141.7240
194.5478 141.8972
194.7780 141.9113
194.7120 141.7821
194.7126 141.7717
194.5733 141.7702
194.6018 141.7703
194.6989 141.8405
194.7129 141.8205
194.7681 142.0089
194.5821 141.8299
194.6319 141.8397
194.6264 141.6136
194.7650 141.9005
194.6043 141.7141
194.5942 141.7811
194.5659 141.8133
194.7072 141.8506
194.5800 141.8351
194.4545 141.9027
194.6312 141.9186
194.6777 141.9304
194.6423 141.8063
194.6556 141.7020
194.7957 141.7821
194.6366 141.7259
194.7388 141.7881
194.7149 141.9197
194.7120 142.0393
194.6127 141.9239
194.5831 141.8432
194.7315 141.7784
194.7605 141.7792
194.7384 141.8699
194.6512 141.9012
194.6524 141.8593
194.5770 141.8379
194.6104 141.9843
194.7537 141.8221
194.7270 141.8186
194.6396 141.8091
194.6077 141.7589
194.7554 141.8885
194.6656 141.8099
194.5867 141.8166
194.6727 141.8509
194.7289 141.8222
194.7187 141.7730
194.5795 141.8747
194.6723 141.9469
194.7087 141.9027
194.6793 141.7851
194.7416 141.8208
194.6454 141.8301
194.6337 141.8520
194.6470 141.8038
194.6801 141.7793
194.6209 141.7460
194.5753 141.8239
194.7120 141.9484
194.6445 141.8894
194.5677 141.9283
194.7038 141.7902
194.7061 141.8545
194.6037 141.8823
194.6583 141.7922
194.7308 141.8699
194.6884 141.8743
194.6892 141.8941
194.7495 141.7784
194.6821 141.9474
194.6449 141.8218
194.5948 141.7944
194.6934 141.8866
194.6906 141.8378
194.6260 141.8572
194.5588 141.7470
194.5712 141.8563
194.5634 141.8136
194.6970 141.7944
194.6253 141.8238
194.6616 141.8173
194.6653 141.8714
194.6646 141.8669
194.6148 141.8306
194.6666 141.8150
194.6059 141.8923
194.6252 141.9071
194.6586 141.8879
194.7443 141.8267
194.6306 141.8024
194.6011 141.8571
194.6685 141.8649
194.7133 141.8972
194.6420 141.7851
194.6761 141.8936
194.5851 141.9735
194.6762 141.8294
194.7402 141.8276
194.7213 141.8583
194.6138 141.8494
194.5856 141.7815
194.6285 141.8942
194.7205 141.8246
194.7082 141.8566
194.6382 141.8360
194.6880 141.8447
194.6642 141.8663
194.6625 141.7525
194.6450 141.9580
194.5987 141.9279
194.6283 141.8833
194.6391 141.8816
194.7625 141.8902
194.6873 141.7889
194.6615 141.7132
194.6319 141.8148
194.6801 141.9004
194.6663 141.9163
194.7045 141.9028
194.7279 141.8494
194.7028 141.7968
194.6790 141.8079
194.6681 141.7631
194.6304 141.8186
194.6088 141.8460
194.6739 141.9881
194.7128 141.9749
194.6489 141.8801
194.7269 141.8392
194.6270 141.8510
194.7485 141.8472
194.7165 141.8447
194.7629 141.9146
194.7123 141.8574
194.6371 141.8577
194.6579 141.8435
194.6692 141.7977
194.6650 141.8267
194.6024 141.8750
194.6311 141.8507
194.6803 141.8514
194.6798 141.7615
194.6699 141.7819
194.7577 141.8064
194.7566 141.7966
194.6025 141.8552
194.6886 141.8988
194.7559 141.8209
194.6320 141.8761
194.6085 141.8927
194.6230 141.8999
194.7195 141.8993
194.6927 141.7894
194.7513 141.9628
194.6238 141.8646
194.6769 141.9176
194.6958 141.7760
194.6409 141.8860
194.7303 141.8436
194.6353 141.9311
194.7293 141.9005
194.6727 141.8014
194.7439 141.8569
194.6725 141.8885
194.6279 141.8603
194.7499 141.7982
194.6957 141.8981
194.7611 141.8931
194.7607 141.8777
194.7142 141.9189
194.7519 141.8156
194.7007 141.8209
194.6976 141.8424
194.6561 141.8446
194.6896 141.8695
194.7394 141.8711
194.7600 141.8917
194.6499 141.7823
194.7523 141.9046
194.6540 141.9117
194.7434 141.7827
194.7454 141.9191
194.6872 141.8670
194.6287 141.8138
194.8731 141.7757
194.7313 141.9120
194.7596 141.8783
194.6503 141.8566
194.7954 141.8212
194.7794 141.8830
194.6584 141.8407
194.7374 141.8779
194.6729 141.8367
194.6830 141.9167
194.7110 141.8568
194.7277 141.8632
194.7575 141.8502
194.6698 141.8731
194.6822 141.7989
194.6629 141.8392
194.7346 141.8623
194.6265 141.9080
194.6598 141.7896
194.6985 141.7492
194.6446 141.9133
194.7116 141.7674
194.6746 141.8140
194.7198 141.8827
194.6906 141.8301
194.6587 141.8137
194.7294 141.8918
194.6723 141.9244
194.6824 141.8365
194.6401 141.8215
194.6789 141.9504
194.6660 141.8266
194.6423 141.8391
194.7115 141.8472
194.7531 141.9259
194.7517 141.8125
194.8040 141.8468
194.6607 141.8408
194.7107 141.9335
194.7222 141.8972
194.7000 141.8723
194.6226 141.8534
194.6883 141.8177
194.6234 141.8952
194.6657 141.8757
194.6038 141.8243
194.7296 141.7778
194.5908 141.9085
194.6355 141.7819
194.7053 141.8242
194.7094 141.7549
194.7001 141.8549
194.6927 141.8807
194.7022 141.8232
194.7366 141.9147
194.6669 141.8399
194.6905 141.8107
194.7362 141.8522
194.6440 141.8236
194.7265 141.7940
194.5384 141.7793
194.6889 141.7292
194.6353 141.7883
194.5778 141.8533
194.6875 141.7542
194.5749 141.8138
194.5479 141.8449
194.6630 141.7717
194.6541 141.8098
194.7001 141.7955
194.5405 142.0698
194.6131 141.8811
194.6587 141.8609
194.6109 141.8540
194.6392 141.8318
194.5923 141.7823
194.6310 141.7688
194.7014 141.8366
194.6599 141.7088
194.6301 141.7334
194.6202 141.8485
194.1510 141.7567
194.5303 141.8291
194.6131 141.7569
194.6416 141.7881
194.6839 141.8502
194.7541 141.7927
194.6016 141.7336
194.6177 141.8147
194.6103 141.8511
194.6219 141.7952
194.6552 141.8489
194.6606 141.8410
194.6084 141.7542
194.6986 141.8540
194.6815 141.7211
194.5810 141.8000
194.5888 141.7685
194.5982 141.7601
194.6511 141.8239
194.5702 141.7447
194.6348 141.7756
194.6152 141.7732
194.5929 141.7870
194.6263 141.8237
194.5836 141.7949
194.6690 141.7796
194.5984 141.7723
194.7039 141.7670
194.5839 141.7826
194.5537 141.7963
194.5946 141.8056
194.6203 141.7936
194.6500 141.7977
194.6809 141.7128
194.6158 141.8057
194.6596 141.7647
194.6519 141.7685
194.5904 141.8478
194.6140 141.8003
194.4877 141.7086
194.7161 141.8709
194.6150 141.8758
194.6918 141.8063
194.6773 141.8378
194.5673 141.8939
194.7008 141.8097
194.6743 141.8181
194.6615 141.8149
194.7324 141.8631
194.6697 141.8099
194.6867 141.7939
194.6828 141.8660
194.7448 141.8084
194.6409 141.8665
194.6958 141.8131
194.7278 141.8217
194.7541 141.8224
194.7017 141.8079
194.6372 141.8606
194.7153 141.7255
194.6649 141.7717
194.6916 141.7115
194.6600 141.8169
194.6721 141.8273
194.7698 141.8362
194.7209 141.8102
194.7220 141.7582
194.7182 141.8231
194.6960 141.8227
194.6116 141.7908
194.6599 141.8787
194.7115 141.8815
194.7067 141.8541
194.7032 141.8541
194.6778 141.8798
194.7405 141.8189
194.6982 141.8209
194.6714 141.8296
194.6483 141.8412
194.6165 141.8455
194.6809 141.8178
194.6538 141.7751
194.7199 141.8554
194.6369 141.8312
194.6998 141.8150
194.7550 141.8423
194.6644 141.8631
194.7503 141.7274
194.6456 141.7940
194.7229 141.8202
194.7422 141.8534
194.7346 141.7888
194.6618 141.8468
194.6290 141.8032
194.6733 141.8607
194.7106 141.8806
194.7035 141.7854
194.6925 141.8539
194.7646 141.7210
194.6549 141.7597
194.7307 141.8016
194.7033 141.8082
194.7572 141.7856
194.6589 141.8590
194.6768 141.8367
194.7392 141.7857
194.7178 141.8974
194.7607 141.7366
194.6784 141.8050
194.6893 141.8053
194.6026 141.8211
194.6869 141.8493
194.7109 141.8003
194.7094 141.8322
194.6547 141.7391
194.6972 141.7749
194.7265 141.9370
194.6457 141.8018
194.7804 141.7801
194.8587 141.8436
194.7416 141.8573
194.6885 141.8532
194.6771 141.8239
194.6983 141.7234
194.7157 141.8333
194.6396 141.8912
194.7235 141.8534
194.7314 141.9036
194.6491 141.8853
194.6353 141.8982
194.6664 141.8067
194.7229 141.7294
194.6824 141.9057
194.6498 141.8930
194.7778 141.6948
194.6909 141.9059
194.7055 141.8705
194.6566 141.7579
194.6583 141.8728
194.6760 141.7579
194.6457 141.8438
194.6429 141.8557
194.7240 141.7827
194.6908 141.8627
194.6974 141.8696
194.6958 141.7899
194.6577 141.8399
194.6654 141.7985
194.7963 141.8380
194.7626 141.8691
194.6833 141.8327
194.6840 141.9057
194.7420 141.8025
194.8017 141.8298
194.6121 141.7715
194.7124 141.8304
194.6076 141.8040
194.6440 141.8129
194.7220 141.8499
194.7324 141.8683
194.6646 141.7459
194.7936 141.8533
194.6908 141.8310
194.7865 141.7908
194.7877 141.8678
194.7121 141.8883
194.6447 141.8238
194.6951 141.7084
194.6919 141.8240
194.7690 141.8768
194.6585 141.7892
194.6554 141.9157
194.2920 141.9333
194.2470 142.1587
194.5343 142.0632
194.4716 141.9378
194.3283 141.8700
194.3378 141.8653
194.4865 141.9440
194.2781 142.2601
194.5319 141.9359
194.5357 141.9033
194.3450 142.0615
194.2911 142.1168
194.4614 142.1384
194.4053 142.1312
194.4590 141.8940
194.4325 141.9025
194.4207 142.1000
194.1975 141.7280
194.3302 141.9694
194.3072 142.1309
194.3885 141.8865
194.2994 142.1139
194.2865 142.1042
194.5438 142.0105
194.5117 141.9582
194.4043 141.9121
194.5642 141.8366
194.3630 142.0188
194.1332 142.0368
194.3874 142.0926
194.2883 142.1875
194.3466 142.0392
194.4285 142.0075
194.2524 141.8446
194.3669 142.0977
194.3391 141.9369
194.4430 141.9989
194.2568 141.9811
194.3064 142.0311
194.4920 141.9078
194.4754 142.0709
194.4687 141.9387
194.3881 142.0216
194.3990 142.2139
194.4545 141.8085
194.4760 142.0203
194.2694 142.1429
194.2091 142.0245
194.4736 142.0425
194.4702 142.0157
194.3932 141.6702
194.6208 141.8477
194.3871 142.1887
194.2984 141.8714
194.5546 142.0902
194.2633 142.0715
194.3539 141.8562
194.3250 141.8251
194.4004 142.0011
194.2874 141.9324
194.2215 141.8180
194.2578 141.9805
194.3594 141.9268
194.4196 142.0432
194.4143 141.9971
194.4454 141.8340
194.4553 141.9462
194.3380 141.9812
194.3696 141.7780
194.4131 141.9784
194.4445 142.0581
194.4296 141.8544
194.4462 142.0273
194.3318 141.9677
194.2880 142.0300
194.3769 141.8986
194.3338 141.8791
194.3712 141.9675
194.3778 141.9791
194.2701 142.0182
194.3612 141.9158
194.3490 141.9369
194.3398 141.9482
194.4292 142.0177
194.4319 141.9214
194.4101 142.0911
194.3717 141.9981
194.4579 142.1028
194.3726 141.9711
194.4364 141.9210
194.3224 141.9837
194.3881 141.9942
194.4177 141.9930
194.3357 141.9954
194.2811 142.0306
194.4056 141.9774
194.4199 141.9621
194.3225 142.0304
194.4345 141.9886
194.4639 141.9902
194.3755 141.9792
194.3927 141.9840
194.3480 141.9747
194.3158 142.0801
194.3726 142.0253
194.3836 141.9622
194.4293 142.0583
194.3079 141.9003
194.3873 142.0065
194.4169 141.9910
194.3114 141.9053
194.3980 141.9780
194.3870 141.9771
194.3509 141.9300
194.4039 142.0094
194.3628 141.9816
194.3749 142.0253
194.4071 141.9837
194.3983 142.0292
194.4275 141.8804
194.3064 141.9905
194.4475 142.0575
194.4026 141.9699
194.3833 142.0332
194.4386 142.0137
194.3805 142.0030
194.4171 142.0993
194.3585 141.9577
194.4941 142.0246
194.3535 141.9886
194.3924 142.0075
194.3232 141.9938
194.3798 141.8984
194.5115 141.9968
194.3479 142.0038
194.4905 142.0204
194.3559 142.0170
194.3900 141.9252
194.7076 142.0272
194.3129 142.1104
194.3522 142.0177
194.2785 142.0072
194.3491 141.9986
194.3610 141.9505
194.3516 141.9754
194.3165 142.0071
194.4238 142.0152
194.3370 141.9716
194.3955 141.9849
194.3939 141.9801
194.2242 142.0230
194.3454 142.1407
194.4014 141.8980
194.3613 142.0154
194.3304 141.8973
194.3153 141.9838
194.3163 142.0445
194.3476 141.9921
194.3519 142.0023
194.4241 142.1051
194.4125 142.0811
194.4222 141.9618
194.2542 142.0580
194.3856 142.0028
194.4459 141.9651
194.3853 142.0200
194.4137 142.0730
194.4783 141.9843
194.3540 141.9202
194.4438 142.0543
194.3921 141.9750
194.3849 141.8679
194.3748 141.9286
194.3415 142.0296
194.3828 141.9675
194.3230 142.0540
194.4206 141.9940
194.4913 141.9133
194.3817 141.9895
194.3331 141.9085
194.3748 141.9493
194.3774 141.9784
194.3543 142.0531
194.3501 141.9704
194.4028 141.9986
194.4357 141.9747
194.3280 141.9070
194.2886 141.9853
194.3801 141.9997
194.3515 141.9854
194.4791 141.9998
194.3752 141.9887
194.3446 141.9581
194.4176 141.9872
194.3091 142.0032
194.4051 142.0018
194.3507 141.9557
194.3898 141.9533
194.3266 141.9778
194.3782 142.0218
194.2913 142.0260
194.2888 141.9179
194.4028 141.9789
194.4908 142.0114
194.3569 141.9291
194.3243 142.0203
194.3667 141.9571
194.4045 142.0737
194.4091 142.0358
194.4063 142.0338
194.3353 142.0288
194.4662 141.9854
194.3953 142.0107
194.3131 142.0913
194.3851 141.9778
194.4667 141.9484
194.4054 142.0162
194.3019 141.9650
194.4179 142.0841
194.2896 142.0802
194.3916 142.0105
194.4161 141.9289
194.4620 142.0478
194.3865 142.0492
194.3064 141.9412
194.3186 142.0096
194.4444 141.9410
194.3189 141.9942
194.3849 141.9705
194.3106 142.0571
194.3644 141.4861
194.4934 141.7071
194.3998 141.6761
194.5076 141.7248
194.6719 141.6811
194.5885 141.7161
194.1828 141.8985
194.5810 141.8559
194.3760 141.8006
194.2633 141.6070
194.5600 141.3761
194.3114 141.5897
194.7150 141.6129
194.2381 141.5346
194.4734 141.7393
194.4619 141.4621
194.2804 141.3701
194.4889 141.8528
194.4318 141.8176
194.5868 141.9138
194.2259 141.9706
194.5328 141.8445
194.2217 141.8902
194.3441 141.9440
194.1649 141.8892
194.4868 141.6520
194.3383 141.5381
194.4463 141.5156
194.5580 141.6128
194.4609 141.5814
194.3240 141.6869
194.3429 141.6382
194.4805 141.6456
194.4294 141.7525
194.3318 141.6515
194.5251 141.7221
194.5706 141.6472
194.2794 141.5094
194.3405 141.4786
194.8262 141.7278
194.6379 141.7715
194.7058 141.4615
194.6080 141.5122
194.4211 141.7241
194.4846 141.6004
194.3878 141.6514
194.3936 141.4931
194.4113 141.6328
194.4584 141.7561
194.3704 141.6663
194.4612 141.6059
194.3931 141.6991
194.3972 141.6974
194.5092 141.6364
194.4058 141.6997
194.4869 141.7232
194.4548 141.6728
194.4311 141.7425
194.3680 141.7665
194.4831 141.7467
194.4620 141.6310
194.3871 141.6375
194.5074 141.6859
194.3908 141.6903
194.5034 141.7307
194.5212 141.6153
194.4818 141.5950
194.3914 141.6496
194.4797 141.6615
194.4014 141.7023
194.3649 141.7823
194.4196 141.7008
194.4008 141.6968
194.4818 141.6870
194.5293 141.6117
194.3933 141.6459
194.5567 141.6922
194.5333 141.7109
194.4814 141.7130
194.4053 141.5825
194.3771 141.6902
194.3919 141.6401
194.4881 141.6063
194.3981 141.7286
194.3643 141.6489
194.5302 141.7741
194.4831 141.7535
194.3745 141.6756
194.3850 141.6281
194.4761 141.7014
194.4564 141.7012
194.4310 141.6833
194.3824 141.6793
194.3632 141.6920
194.4779 141.7419
194.4801 141.6689
194.3970 141.6610
194.5168 141.6457
194.4405 141.5677
194.3962 141.7215
