54.6095 165.3217
54.7662 165.5257
54.5969 165.5076
54.4508 165.8270
54.3730 165.9995
54.3684 165.9427
54.3982 165.8991
54.6153 165.6345
54.6995 165.3327
54.9276 165.6922
54.5017 165.7132
54.5187 165.4770
54.5560 165.4671
54.7202 165.5710
54.5046 165.4023
54.5710 165.4651
54.7365 165.5070
54.6749 165.7515
54.5156 165.5188
54.5102 165.3175
54.4113 165.3752
54.6038 165.5414
54.5484 165.5003
54.4984 165.5076
54.5560 165.8264
54.6175 165.5848
54.7846 165.4467
54.9172 165.6575
54.5732 165.4698
54.6028 165.5249
54.5424 165.5615
54.7231 165.6769
54.5294 165.3795
54.6155 165.6210
54.3153 165.4493
54.6958 165.9660
54.6744 165.4787
54.5426 165.2939
54.5413 165.6981
54.6090 165.3937
54.8547 165.8113
54.3539 165.4965
54.3830 165.6220
54.3518 165.7110
54.7180 165.5637
54.5619 165.5237
54.6309 165.8127
54.3679 165.6067
54.6357 165.4910
54.6142 165.6671
54.3660 165.4697
54.5131 165.9694
54.3978 165.7621
54.5472 165.7794
54.3557 165.7455
54.4411 165.7292
54.4353 165.6567
54.4041 165.9436
54.3094 165.8222
54.4767 165.9297
54.2633 165.7339
54.2939 165.6980
54.4368 165.8278
54.5391 165.7110
54.3716 165.8171
54.4926 165.8591
54.5253 165.6949
54.3789 165.7813
54.2981 165.7977
54.2862 165.8799
54.5300 165.7880
54.4638 165.9713
54.4573 165.9939
54.3606 165.6699
54.2180 165.7638
54.4397 165.8670
54.5283 165.9501
54.4748 165.7716
54.2585 165.9501
54.3523 165.9616
54.4102 165.9703
54.4723 165.7200
54.3520 165.6981
54.5593 165.8308
54.1721 165.8622
54.3404 165.7858
54.2796 165.8945
54.4859 165.8937
54.5742 165.9227
54.3183 165.9893
54.6188 165.7681
54.4034 165.7540
54.2872 165.7640
54.4601 165.9066
54.2310 165.8182
54.1793 165.9671
54.4521 165.7440
54.1378 166.0195
54.4285 165.8586
54.3882 165.8748
54.3351 165.7686
54.3491 165.7645
54.7713 165.5242
54.5201 165.5284
54.5094 165.4736
54.5065 165.4785
54.4507 165.3806
54.6580 165.6686
54.5308 165.6534
54.9004 165.8828
54.8247 165.8313
54.7462 165.7757
54.7046 165.6719
54.7892 165.7383
54.7764 165.7785
54.8482 165.9354
54.7423 165.7069
54.7588 165.7138
54.6853 165.7876
54.8617 165.8314
54.9377 165.8074
54.7195 165.6306
54.7411 165.8173
54.9108 165.8405
54.6978 165.8396
54.6367 165.7953
54.8266 165.9093
54.2109 165.8885
54.3980 165.8466
54.4563 165.6976
54.5000 165.8701
54.4387 165.8220
54.4789 165.7383
54.4230 165.8256
54.3108 165.8017
54.5672 165.9712
54.3521 165.8616
54.7449 165.8529
54.4422 165.8567
54.4591 165.8577
54.4657 165.7723
54.7680 165.9293
54.7724 165.7937
54.7324 165.8196
54.7476 165.8580
54.7370 165.8429
54.8006 165.7898
54.1786 166.1388
54.4107 165.4384
54.7180 165.4186
54.6318 165.5206
54.5130 165.4703
54.6859 165.4315
54.6158 165.6018
54.6380 165.4578
54.5042 165.4939
54.6143 165.3975
54.5870 165.6026
54.5151 165.5344
54.7363 165.5166
54.6467 165.5209
54.6721 165.4941
54.7491 165.5031
54.6328 165.4348
54.7062 165.5581
54.7405 165.6433
54.6541 165.3386
54.6595 165.4331
54.5738 165.3834
54.6073 165.4213
54.5226 165.6565
54.5851 165.5085
54.6198 165.3936
54.7123 165.5475
54.5130 165.4989
54.5957 165.5309
54.5034 165.4944
54.5339 165.5271
54.4861 165.5891
54.5555 165.4699
54.6059 165.4230
54.5700 165.5159
54.5176 165.6398
54.5804 165.4778
54.5524 165.6510
54.6119 165.5900
54.7473 165.5755
54.6025 165.5519
54.6394 165.6547
54.6679 165.6206
54.4229 165.8694
54.4326 165.6835
54.5290 165.5064
54.5363 165.5140
54.5794 165.4839
54.5939 165.4814
54.6160 165.4985
54.6103 165.4974
54.5770 165.4943
54.5921 165.4994
54.6325 165.5345
54.5732 165.5072
54.4414 165.4753
54.5255 165.5919
54.4272 165.8642
54.4229 165.8720
54.3529 166.0714
54.8889 165.9510
54.1415 165.9829
54.5559 165.8346
54.7044 165.7792
54.8139 165.8517
54.7431 165.8216
54.6005 165.8411
54.8075 165.7770
54.6636 165.7763
54.6303 165.8424
54.6926 165.8410
54.7839 165.8717
54.7215 165.7872
54.7256 165.7186
54.7565 165.9081
54.6409 165.7669
54.6008 165.6649
54.7255 165.8301
54.6443 165.8112
54.5956 165.9210
54.9168 165.7611
54.5550 166.1264
54.6236 165.8811
54.3485 165.6350
54.9569 165.7714
54.8592 165.7409
54.7009 165.9905
54.6268 165.7530
54.6821 165.8898
54.6103 165.9731
54.8111 165.9421
54.7239 165.9666
54.7695 165.6547
54.6678 165.7870
54.7236 165.8641
54.6594 165.9878
54.6771 165.7343
54.5733 165.8660
54.8620 165.9843
54.7761 165.9728
54.9157 165.9173
54.4996 165.8304
54.7256 166.0528
54.5207 165.8596
54.7863 165.6709
54.6920 165.8054
54.3847 165.6631
54.5079 165.7229
54.6936 166.0186
54.4876 165.9747
54.7550 166.1340
54.6690 165.5442
54.5349 165.4410
54.5245 165.5308
54.7025 165.4537
54.7744 165.6055
54.3334 165.7153
54.5185 165.7700
54.5695 165.8495
54.4198 165.7889
54.4955 165.7779
54.5418 165.9096
54.4634 165.8469
54.4687 165.8000
54.3808 165.8819
54.5173 165.8100
54.7022 165.7844
54.8393 165.8535
54.6867 165.7300
54.3468 165.8105
54.5243 165.8273
54.4359 165.7894
54.4490 165.8098
54.4704 166.0772
54.4350 165.8721
54.4512 165.7891
54.5145 165.9160
54.6293 165.7722
54.8112 165.8464
54.8327 165.8152
54.8335 165.9705
54.7542 165.8423
54.8706 165.9104
54.7986 165.8044
54.7956 165.8993
54.7618 165.7381
54.7302 165.9189
54.8378 165.9698
54.8414 165.8364
54.8669 165.8702
54.8181 165.8409
54.7414 165.9547
54.7493 165.8579
54.8839 165.8980
54.6792 165.7684
54.7954 165.9225
54.8854 165.8797
54.7512 165.8185
54.8369 165.8127
54.7993 165.8717
54.8140 165.8155
54.8071 165.8813
54.7258 165.8218
54.6873 165.9069
54.9018 165.7734
54.8884 165.8495
54.7721 165.7829
54.8301 165.8295
54.7275 165.8349
54.8840 165.8624
54.7925 165.7892
54.8926 165.8607
54.7951 165.7524
54.8113 165.8257
54.8278 165.8936
54.8526 165.8481
54.8922 165.9102
54.8200 165.8923
54.7701 165.8584
54.8103 165.8400
54.7041 165.8372
54.9213 165.8411
54.2139 165.6642
54.7647 165.9344
54.6229 165.5314
54.6953 166.0198
54.0230 165.7204
54.7157 166.0262
54.6269 166.2528
54.7600 165.7501
54.4283 165.8810
54.7948 165.8377
54.9096 165.6943
54.7373 165.9774
54.8263 165.8438
54.6454 165.8327
54.5379 165.8448
54.5426 165.4585
54.7215 165.7647
54.8117 166.0587
54.6417 165.9115
54.3542 166.1942
54.3619 166.1815
54.3940 166.1387
54.3739 166.2101
54.4233 166.1570
54.6383 165.9741
54.4125 165.7946
54.2938 165.7124
54.7167 165.9267
54.9218 165.7468
54.7649 165.8909
54.8157 165.8152
54.8322 165.8358
54.7673 165.8623
54.8631 165.9383
54.7356 165.8550
54.8405 165.9437
54.8210 165.8551
54.8009 165.8922
54.8695 165.8440
54.8067 165.9271
54.7617 165.8851
54.8601 165.6700
54.6820 165.5414
54.7127 165.7929
54.7913 165.7086
54.7434 165.7404
54.7621 165.7811
54.7550 165.7287
54.8191 165.7418
54.8301 165.8320
54.7572 165.8030
54.6401 165.7442
54.8227 165.4923
54.6503 165.5618
54.7628 165.7472
54.6956 165.7891
54.7423 165.6769
54.7892 165.7482
54.7256 165.7507
54.7172 165.7533
54.7690 165.7058
54.7162 165.7076
54.7133 165.7162
54.6945 165.7266
54.7600 165.7070
54.7418 165.7427
54.6964 165.7517
54.7834 165.7367
54.7107 165.8118
54.7285 165.7727
54.7118 165.7566
54.7541 165.7763
54.6858 165.7077
54.7049 165.7418
54.7670 165.7434
54.7716 165.7873
54.7057 165.7537
54.7325 165.7882
54.7139 165.7358
54.7163 165.7090
54.6752 165.7259
54.8365 165.7414
54.7490 165.7290
54.7163 165.8141
54.6671 165.6693
54.7783 165.7443
54.7371 165.7589
54.7784 165.7033
54.7218 165.7883
54.6820 165.7291
54.6356 165.7753
54.3232 166.0434
54.3658 165.9301
54.3633 165.9626
54.5296 165.8881
54.2759 165.9580
54.4655 165.7581
54.4869 165.7858
54.4910 165.8276
54.4701 165.7758
54.6505 166.1410
54.3260 166.2101
54.8409 165.9383
54.8937 165.8810
54.9340 165.8734
54.8640 165.9041
54.8562 165.9496
54.8464 165.9043
54.7536 165.8958
54.7930 165.9376
54.8344 165.7948
54.6133 165.8935
54.8547 165.8878
54.7988 165.9417
54.7706 165.8800
54.7878 165.9045
54.7652 165.8981
54.8012 165.9669
54.8312 165.8768
54.8945 165.8507
54.8140 165.8751
54.7783 165.8552
54.7916 165.8412
54.8823 165.9187
54.8594 165.9178
54.7925 165.8824
54.7694 165.8842
54.8263 165.8868
54.7740 165.9018
54.8271 165.8756
54.7810 165.8824
54.8096 165.8689
54.8255 165.8515
54.8460 165.9053
54.8105 165.8979
54.8007 165.9121
54.8468 165.8840
54.7956 165.9075
54.7859 165.8483
54.8332 165.8538
54.8453 165.8843
54.7781 165.9049
54.8348 165.8928
54.8269 165.8550
54.8026 165.8820
54.8661 165.8488
54.7885 165.8449
54.8458 165.9006
54.8019 165.9142
54.8065 165.8808
54.8334 165.8860
54.7883 165.8739
54.8128 165.9298
54.7543 165.8988
54.8548 165.8674
54.8372 165.8671
54.7708 165.8608
54.8114 165.9173
54.8561 165.8876
54.7926 165.8441
54.8171 165.8699
54.8108 165.8765
54.8293 165.9268
54.8085 165.8416
54.8093 165.9036
54.8160 165.8401
54.8245 165.8563
54.8481 165.9148
54.8224 165.8988
54.8205 165.8726
54.8086 165.8988
54.7831 165.9093
54.8247 165.7250
54.4089 165.7620
