95.3091 116.0413
95.1446 115.9748
94.9401 116.0365
95.1383 116.0737
95.1728 116.0163
95.0379 115.9621
95.0962 116.0027
95.1378 116.0250
95.1413 116.1040
95.1401 116.0398
95.0958 116.0212
95.0892 116.1451
95.1446 116.0298
94.8321 116.0602
95.1239 116.1906
94.8758 116.0907
94.9867 116.0350
94.9623 115.8665
95.2409 116.0793
95.2381 115.7821
95.2214 116.1330
95.0078 116.1121
94.9917 116.1710
95.0350 116.1514
95.0872 116.1230
95.1002 116.0343
95.0786 115.9648
95.2352 116.0020
95.2025 116.0678
94.8476 116.1614
95.2315 116.0906
95.0176 116.0494
95.2053 116.2755
94.9994 116.1189
95.2134 116.0670
95.1004 115.9973
95.1103 116.0708
95.0929 115.8992
95.0855 115.9877
95.4057 116.0072
95.3379 116.1594
95.1162 115.9964
95.1160 115.9820
95.1191 116.0866
95.1000 116.0907
95.3251 116.0642
95.1729 115.9606
95.2252 116.0329
95.0636 116.0709
95.0385 116.1235
94.9829 115.9703
95.1121 115.9694
95.0191 115.9929
95.0589 116.0823
95.0831 116.0057
95.0799 116.0752
94.9570 116.0281
95.2470 116.0315
95.1239 116.1170
95.2160 116.1512
95.2329 116.1010
94.9164 116.0526
95.0491 116.2110
95.3104 116.0283
95.1332 116.3810
95.1829 116.0242
95.2629 116.0044
95.1779 116.1918
94.9887 116.0572
95.3421 115.9988
95.0565 116.0447
94.9677 115.9165
94.9662 115.9528
95.0283 116.1374
95.0709 116.0893
95.1161 116.0345
95.0886 116.1867
95.2585 116.0107
95.1692 116.0322
95.1115 116.0954
95.1164 115.9907
95.1373 115.9041
95.1410 116.0378
95.2414 115.9866
95.1020 115.9997
95.0412 116.1071
95.1124 116.0233
95.0427 115.9062
95.0969 116.3088
95.0053 115.9270
95.1547 116.2066
95.2104 116.0548
95.0294 115.9940
95.0622 116.0975
95.1100 116.0067
95.0636 116.1030
95.0777 115.9604
95.2872 116.0769
95.1803 115.9840
95.1114 115.9930
95.2343 116.0885
95.1294 116.2290
95.2901 116.1587
95.1362 116.1230
95.1231 116.1933
95.1449 116.0532
95.1493 115.9470
95.1488 116.0423
94.8884 116.0167
95.3004 115.9268
95.2827 115.8455
95.3524 116.0023
95.4523 115.9930
95.1452 116.0981
95.1282 116.1451
95.0499 116.1251
95.0365 115.8881
95.1879 116.0436
95.2455 115.9598
95.1311 116.0220
95.4437 116.1475
94.9031 116.0436
95.1942 115.9762
95.1516 116.1773
95.3143 116.0401
95.2433 115.9998
95.2188 116.2836
95.3813 116.0558
95.2142 116.1345
95.0673 116.0451
95.0917 115.9345
95.0343 116.1078
95.1996 115.9802
95.0008 116.0543
95.2188 116.0987
95.2013 116.1258
95.0475 116.0530
95.2229 116.0814
95.0893 115.8883
95.1428 115.9996
94.9887 115.9758
95.3006 116.0499
95.0786 115.9537
95.0630 116.0104
95.2606 115.9743
94.9808 115.9932
95.1060 115.9308
95.1331 116.0438
95.2964 116.1096
95.3180 116.0363
95.2116 115.7847
95.2119 116.0273
95.1619 116.1357
94.9133 116.0749
95.0228 116.0103
95.0205 115.8634
95.2229 116.0045
95.0353 115.8930
95.1091 116.1076
95.0971 116.0654
95.0090 115.8418
95.0358 116.0006
95.1671 116.0598
95.0737 116.0683
95.2175 116.1244
94.9400 116.0412
95.2517 115.9126
95.1109 116.0903
95.1090 116.1010
95.1724 116.1552
95.2723 116.0092
95.1245 115.9069
94.9129 116.0037
95.4932 116.3137
95.4987 116.2112
95.3493 116.3964
95.3083 116.3578
95.3772 116.3843
95.3356 116.4343
95.2561 116.6330
95.2643 116.3755
95.3151 116.4117
95.1956 116.2648
95.3631 116.2427
95.1971 116.1065
95.3325 116.3640
95.2653 116.5175
95.1762 116.4164
95.2930 116.5607
95.1760 116.4459
95.5237 116.5094
95.0414 116.4377
95.3063 116.4061
95.5452 116.0819
95.4753 116.1068
95.2562 116.4723
95.1566 116.4286
94.9304 115.9539
95.5366 116.1266
95.3450 116.0348
95.5724 116.2261
95.5500 116.0949
95.6354 116.2277
95.6717 116.0688
95.6529 116.0734
95.4657 116.0638
95.6204 116.0533
95.6460 116.1532
95.5400 116.0544
95.3706 115.9126
95.3489 116.2330
95.5180 116.0902
95.6468 116.1020
95.6345 116.1572
95.6347 116.1069
95.3742 116.1552
95.5935 116.3302
95.3800 116.1768
95.2967 116.1417
95.6688 116.1493
95.5002 115.8488
95.5692 115.9991
95.6118 116.0878
95.6234 116.0172
95.5532 116.1702
95.6090 116.0720
95.3115 116.3825
95.1756 116.4111
95.3004 116.3246
95.2954 116.3767
95.1999 116.3148
95.2823 116.4046
95.0592 116.2896
94.9927 116.2598
95.3651 116.4324
95.3912 116.3555
95.3934 116.3841
95.4317 116.4297
95.7132 116.2302
95.2566 116.0372
95.4135 116.4569
95.5213 116.1713
95.3717 116.5171
95.4532 116.2988
95.2446 116.3685
95.6620 116.0798
95.5028 116.4217
95.4727 116.3903
95.7203 116.2481
95.4670 116.3498
95.3448 116.4918
95.4877 116.3107
95.2757 116.3162
95.3506 116.3681
95.2706 116.1727
95.2076 116.3678
95.4712 116.4733
95.2921 116.2512
95.3409 116.4644
95.2137 116.4609
95.3639 116.4704
95.4145 116.3812
95.3632 116.2346
95.2731 116.3480
95.2085 116.2150
95.3513 116.3939
95.3004 116.2958
95.2547 116.3326
95.2532 116.1794
95.2929 116.3461
95.3002 116.3601
95.3536 116.2239
95.4171 116.2381
95.3201 116.1779
95.1617 116.3239
95.2464 116.6044
95.3687 116.4060
95.2537 116.3944
95.5289 115.9605
95.4293 116.4725
95.3460 116.3323
95.4292 116.4323
95.2393 116.3539
95.3359 116.2680
95.2020 116.3983
95.5351 116.1344
95.5868 116.0705
95.5282 116.0716
95.4896 116.0186
95.5302 116.0601
95.5560 115.9718
95.5975 116.0599
95.5503 116.0328
95.5267 115.9836
95.4170 116.3533
95.3134 116.4638
95.2783 116.2453
95.3212 116.4823
95.3770 116.4146
94.9268 116.1865
95.4428 116.3123
95.3189 116.2998
95.1847 116.5050
95.2424 116.4317
95.4137 116.1282
95.0483 116.3808
95.2305 116.3772
95.0806 116.5586
95.3245 116.2476
95.6928 116.1719
95.4792 116.4409
95.1705 116.5487
95.4133 116.3447
95.6366 116.3861
95.3777 116.3508
95.3684 116.4705
95.3135 116.3883
95.4881 116.1098
95.3289 116.2474
94.9348 116.2419
95.4908 116.2961
95.4422 116.3434
95.2119 116.3331
95.1509 116.5051
95.2635 116.2875
95.2159 116.3042
95.3307 116.3064
95.2798 116.3205
95.3729 116.2305
95.0623 116.3515
95.3802 116.4367
95.2868 116.4255
95.3355 116.3238
95.2945 116.0759
95.2328 116.1411
95.3464 116.2337
95.2669 116.4419
95.3583 116.3195
95.2059 116.3088
94.8160 116.2507
95.5530 116.2160
95.2995 116.2800
95.3254 116.3211
95.5347 115.8273
95.3343 116.3872
95.1885 116.3127
95.5223 116.5861
95.1116 116.2027
95.3263 116.6374
95.2348 116.3417
95.2552 116.3043
95.5139 116.3628
95.2828 116.4322
95.7648 116.3346
95.7362 116.3101
95.6706 116.3614
95.0959 116.3661
95.3767 116.3038
95.3704 116.3048
95.6883 116.3601
95.7549 116.2703
95.4702 116.0587
95.6007 116.0554
95.4654 116.0360
95.6303 116.0780
95.5781 116.0630
95.5706 116.1167
95.5847 116.0824
95.6111 116.1332
95.6095 116.1458
95.5741 116.1081
95.6309 116.0801
95.5768 116.1152
95.5653 116.1036
95.6069 116.0110
95.4629 116.0428
95.6214 116.0451
95.6324 116.1220
95.5861 116.0475
95.6539 116.1423
95.6509 116.0406
95.6225 116.1109
95.6071 116.0408
95.6244 115.9975
95.7478 116.1887
95.6296 116.1280
95.7722 116.1170
95.6129 116.0325
95.5885 116.0511
95.4899 116.0738
95.6624 116.0721
95.6104 116.0857
95.5049 116.0097
95.4622 116.1249
95.4009 116.2119
95.5804 116.1416
95.6245 115.9046
95.5945 115.9238
95.5123 115.9512
95.6281 116.1438
95.5735 116.4645
95.6784 116.0234
95.6091 116.2276
95.3227 116.1436
95.3700 116.1765
95.6974 116.1078
95.5777 116.1893
95.6929 116.0343
95.5716 116.1054
95.7573 116.0640
95.5723 116.0849
95.5660 115.9894
95.6683 116.1188
95.6710 116.0611
95.5914 116.0355
95.6203 116.1215
95.5676 116.1026
95.5934 116.1793
95.5571 116.0837
95.5348 116.1346
95.6741 116.0190
95.5528 116.2029
95.6746 116.1350
95.4833 115.9480
95.5409 116.0413
95.6009 116.1378
95.5851 116.1346
95.5570 116.1305
95.6137 116.0853
95.6039 116.1039
95.5573 116.0520
95.6028 116.0665
95.5653 116.1466
95.2922 116.3097
95.5200 116.2202
95.4432 116.3037
94.9498 116.3753
95.2813 116.1827
95.0055 116.5394
95.6889 116.3483
95.4938 116.1065
95.5254 116.1151
95.3774 116.4061
95.3396 116.2215
95.4686 116.4860
95.4903 116.4863
95.3051 116.2897
95.5653 116.3845
95.2073 116.3259
95.4105 116.4153
95.3849 116.3899
95.4422 116.3194
95.6346 116.1418
95.6899 116.4494
95.4096 116.5116
95.5525 116.3955
95.2080 116.4273
95.2345 116.3539
95.3544 116.4264
95.3020 116.4325
95.3398 116.3481
95.3179 116.2134
95.2849 116.6347
95.4787 116.2381
95.2767 116.3734
95.2509 116.3347
95.2534 116.4001
95.5002 116.2905
95.1623 116.3060
95.2422 116.2605
95.2881 116.3227
95.2912 116.1818
95.1112 116.4906
95.4208 116.3823
95.2079 116.3040
95.2917 116.3885
95.3581 116.4312
95.4455 116.4663
95.0893 116.3094
95.3105 116.4105
95.5011 116.2696
95.4183 116.4200
95.5107 116.3152
95.5037 116.3322
95.1163 115.9073
95.3619 115.9941
95.3522 116.0430
95.1895 116.1523
95.3328 116.0576
95.4408 116.2106
95.2912 116.0575
95.0769 116.0112
95.3100 116.1726
95.6768 116.1251
95.2270 115.9837
94.9825 115.9748
95.2395 116.0480
95.3015 115.9133
95.2293 116.0332
95.2126 115.9523
95.4726 115.9589
95.3627 115.9242
95.3767 115.9211
95.1226 116.1125
95.2354 115.9796
95.2377 115.9965
94.9607 116.0169
95.3184 116.1153
95.2862 116.0042
95.2950 115.9857
95.3301 116.0166
95.2501 115.9134
95.2133 115.8013
95.3226 115.9842
95.3296 115.9363
95.1781 116.0982
95.1866 115.9647
95.1852 115.8373
95.1102 115.9214
95.3479 116.0078
95.3020 115.9670
95.3413 116.0774
95.1474 116.2268
95.3043 115.9672
95.3027 116.0980
95.2864 115.8694
95.1627 116.1070
95.3638 115.9125
95.2849 115.9541
95.1623 116.0513
95.1523 116.2350
95.2277 115.9110
95.1211 116.0321
95.3030 116.2847
95.3392 116.1272
95.6095 116.1597
95.5482 116.1410
95.7340 116.1396
95.6299 116.1260
95.6230 116.1017
95.6194 116.1636
95.6297 116.1110
95.6930 116.1579
95.5609 116.1430
95.6434 116.0515
95.6535 116.1910
95.6613 115.9507
95.6620 116.1128
95.6903 116.2505
95.5148 116.0449
95.6307 116.1807
95.7438 115.9651
95.6174 116.0712
95.5968 116.0696
95.5838 116.0659
95.6042 116.0408
95.6096 116.1012
95.6244 116.1176
95.5911 116.0638
95.6009 116.0971
95.6019 116.1134
95.6063 116.0749
95.6362 116.1197
95.6044 116.1221
95.6327 116.0709
95.6315 116.0825
95.6026 116.1256
95.6012 116.1678
95.6396 116.1664
95.6248 116.0604
95.6901 116.1405
95.5853 116.0738
95.6651 116.0911
95.6337 116.1095
95.6055 116.1156
95.6864 116.0231
