123.7269 146.7373
123.7819 146.4565
124.1721 146.3811
123.5913 146.8105
123.8220 146.8394
123.9247 146.6384
123.8745 146.7736
124.0286 146.8619
123.6265 146.9047
123.6846 146.8463
123.6393 146.7043
123.7249 146.8382
124.1373 146.8283
123.7217 146.9032
123.8183 146.7926
123.8073 146.6054
123.9084 146.5681
124.3590 146.2807
123.5623 146.6675
123.7941 146.8608
123.9132 146.8137
123.9320 146.8382
123.8715 146.8761
123.9630 146.9042
123.9214 146.8287
123.8845 146.8610
123.8295 146.8423
123.8404 146.7838
123.9518 146.8467
123.9398 146.8479
123.9042 146.8704
123.9551 146.8296
123.9128 146.8625
123.8831 146.8720
123.8954 146.8601
123.8638 146.8402
123.8435 146.8164
124.0502 146.5163
123.8147 146.4564
123.7496 146.4774
123.7204 146.6072
123.6189 146.5432
123.7151 146.6153
123.6686 146.4693
123.7916 146.4331
123.6738 146.5309
123.9077 146.5090
124.0716 146.4866
124.0618 146.2956
123.9286 146.3310
123.8908 146.4139
123.9096 146.5582
123.9898 146.5192
123.5570 146.5762
123.8909 146.3188
123.9752 146.5233
123.8767 146.6016
123.7308 146.4586
123.9399 146.6192
123.8388 146.2361
123.9334 146.1530
123.7809 146.9158
123.7997 146.3037
123.8163 146.2445
123.6604 146.8058
123.8792 146.4737
123.9402 146.3423
123.6322 146.3833
124.0495 146.2537
123.6517 146.5636
123.8923 146.6345
123.9996 146.5579
124.1375 146.5774
123.8506 146.6203
124.2509 146.3573
124.1150 146.5070
124.0857 146.5035
124.1297 146.5130
123.9199 146.4231
124.2590 146.5956
124.3010 146.6060
123.8795 146.5197
124.1564 146.5277
124.0524 146.6903
124.1047 146.4727
124.0512 146.6655
124.0171 146.5798
123.9827 146.5508
124.0289 146.5472
124.2931 146.6222
124.0738 146.5802
124.1070 146.3191
124.2865 146.6749
124.0269 146.5811
124.2342 146.7049
124.2942 146.4786
123.8266 146.5463
124.3328 146.3991
124.2956 146.8486
124.0080 146.6468
123.7452 146.5707
123.9627 146.6376
124.1526 146.6495
123.9115 146.5917
124.2550 146.4846
124.0594 146.7556
124.1289 146.6704
123.9908 146.5918
123.9475 146.3861
124.3452 146.5569
124.1339 146.5093
124.0615 146.6013
124.1311 146.6663
124.0767 146.6141
123.5522 146.5999
123.7595 146.4232
123.8937 146.5895
123.7418 146.5660
123.7169 146.3891
123.6796 146.4375
123.8981 146.4373
123.7044 146.4318
123.9137 146.4549
123.8680 146.5047
123.7962 146.4780
123.8694 146.4824
123.7703 146.4624
123.7679 146.5002
123.7765 146.4943
123.8424 146.4830
123.8203 146.5322
123.7931 146.4692
123.8351 146.4453
123.8939 146.5406
123.8385 146.4964
124.1153 146.5198
123.9741 146.5182
124.1487 146.6231
123.7875 146.5628
124.1454 146.7028
123.9613 146.6303
124.0705 146.5117
124.1212 146.6576
124.0269 146.7163
124.0607 146.5751
123.8824 146.7260
123.9885 146.8659
123.8296 146.9597
123.7571 146.8215
123.6560 146.6911
123.8965 146.8726
123.8415 146.7761
123.7231 146.9794
123.7246 146.8897
123.8113 146.7623
123.7806 146.8094
123.7807 147.0158
123.7905 146.7320
123.8782 146.9180
123.7563 146.8946
124.0167 146.9515
123.8861 146.6750
124.0202 146.7135
123.7205 146.7071
123.7558 146.9482
123.8563 146.7627
123.8099 146.8562
123.7284 146.9561
123.7365 146.8352
123.7597 146.8507
123.9698 146.8683
123.9382 147.0825
123.7677 146.7422
123.7978 146.6630
123.7305 146.6129
123.9577 147.0580
123.9934 146.7116
123.6525 146.8343
123.8259 146.8377
123.6665 146.8833
123.7123 146.7320
123.8598 146.8565
124.2050 146.6755
123.8728 146.7832
123.8389 146.7950
124.0499 146.6894
124.0017 146.8036
123.8138 146.2958
123.6707 146.8914
124.0403 146.4678
123.8343 146.8373
123.9723 147.0956
123.6727 146.7597
123.6277 146.7455
123.7253 146.6553
123.9269 146.7542
123.6155 146.6109
123.7624 146.7278
124.0706 146.8854
123.9507 146.9069
123.6672 146.7913
124.0806 146.8609
124.2498 146.4568
123.9103 146.5516
123.8332 146.9523
124.0803 147.0796
124.0904 146.7379
124.0727 146.5376
123.8707 147.0259
124.2813 146.7998
123.7779 146.9317
124.1545 146.7163
123.8145 146.8103
123.6984 146.5018
123.7050 146.9517
123.7410 146.4927
123.5924 146.7652
123.9155 147.0326
124.0064 146.6480
123.9673 146.7116
124.1567 146.4320
123.8375 146.8363
123.7912 146.5726
123.5729 146.8302
123.6898 146.9585
124.3306 146.6132
124.2093 146.5130
123.8936 147.0161
124.0385 146.5304
123.7260 146.5869
124.3412 146.5413
123.6628 146.6945
123.9898 146.6220
124.0503 146.8013
123.7367 146.6149
124.3847 146.4205
124.2175 146.5487
124.1602 146.5196
124.3138 146.5717
124.2386 146.6487
124.2912 146.6465
124.1915 146.6114
124.1278 146.5349
124.1221 146.5576
124.0623 146.6999
124.0959 146.7029
123.9628 146.4759
124.0551 146.5126
124.0013 146.6687
124.1244 146.8005
123.9350 146.5262
124.0352 146.5233
123.9102 146.3415
124.1628 146.7029
124.4059 146.5778
123.9778 146.4080
124.1283 146.8527
123.8158 146.7433
124.1888 146.7022
124.1294 146.6056
124.2167 146.5300
124.1602 146.5285
124.0266 146.5716
124.1023 146.5404
124.1373 146.4797
124.1411 146.6483
123.9475 146.5593
124.2272 146.6600
124.2829 146.6390
124.0707 146.5972
124.0556 146.5582
124.0875 146.4895
124.2018 146.4945
124.0341 146.6009
124.2057 146.5293
124.2330 146.5814
124.0800 146.5730
124.0814 146.4435
124.2285 146.3545
124.0999 146.4851
124.0864 146.4914
123.9830 146.4450
124.1692 146.3696
124.1103 146.5803
124.1423 146.5566
123.9787 146.4046
124.0401 146.7307
123.9555 146.8918
123.8058 146.7230
123.8619 146.9738
123.9504 146.8344
124.0853 146.5750
124.0334 146.8368
123.7502 146.8694
123.8413 146.8805
123.8591 146.7015
123.9747 146.6968
123.8036 146.5709
123.8089 146.7423
123.8803 147.0030
123.8870 146.6531
123.9330 146.7235
123.8738 147.0456
123.7690 146.8355
123.9231 146.7588
123.8703 146.8140
123.8884 146.7252
123.8906 147.0840
123.9069 146.8023
123.9546 146.7793
123.8523 146.7320
124.0033 146.7887
123.7014 146.7879
124.0387 146.8751
123.8012 146.6215
123.8743 146.8386
123.9443 146.8895
123.9350 146.9645
123.7729 146.9625
123.7827 146.7271
123.8969 146.9750
124.0955 146.7621
123.9419 146.9788
123.8534 146.8122
124.1942 146.9466
123.9618 146.8322
123.9116 146.8442
123.8873 146.8242
123.9797 146.7853
123.9353 146.8542
123.9109 146.7988
123.9065 146.8672
123.9308 146.7772
123.9221 146.8542
123.9197 146.8809
123.8634 146.8740
123.8698 146.8787
123.9382 146.7822
123.9024 146.8874
123.8917 146.8371
123.8640 146.8016
123.8872 146.8239
124.2393 146.6111
124.1808 146.6125
124.2214 146.6963
