132.3994 104.4769
132.5168 104.5445
132.2925 104.4675
132.4235 104.3191
132.4410 104.2525
132.5347 104.3999
132.4109 104.3810
132.4335 104.4209
132.5058 104.4075
132.5498 104.4046
132.5301 104.3706
132.5363 104.4172
132.4924 104.5666
132.3698 104.5537
132.3949 104.3657
132.3535 104.3796
132.4522 104.3138
132.5327 104.5162
132.3882 104.5370
132.5656 104.4324
132.4565 104.2470
132.3430 104.4470
132.5689 104.4996
132.3740 104.3318
132.5033 104.3135
132.4690 104.4040
132.4711 104.4989
132.5860 104.4191
132.5423 104.4321
132.5320 104.3096
132.3962 104.3651
132.3300 104.4947
132.4761 104.3597
132.5148 104.3636
132.6452 104.4400
132.4024 104.3488
132.3090 104.4173
132.4832 104.2444
132.2993 104.5274
132.2333 104.4755
132.3286 104.3161
132.4339 104.2794
132.4076 104.6502
132.3466 104.4758
132.4306 104.4886
132.4931 104.4295
132.4390 104.3839
132.5878 104.1557
132.4429 104.3694
132.4290 104.5541
132.5690 104.5326
132.5777 104.4312
132.4834 104.4105
132.4498 104.4012
132.6364 104.4819
132.3552 104.4860
132.5011 104.3988
132.4601 104.4357
132.5919 104.3437
132.5626 104.3406
132.3941 104.4414
132.5623 104.4959
132.4805 104.4191
132.6105 104.5591
132.4026 104.3960
132.4492 104.5059
132.4960 104.5530
132.4171 104.1169
132.4870 104.6836
132.5334 104.7380
132.2856 104.5912
132.5316 104.5379
132.4176 104.6781
132.5520 104.5853
132.6816 104.5906
132.3731 104.6092
132.5275 104.3850
132.5346 104.4137
132.6362 104.3418
132.3923 104.6040
132.7282 104.2704
132.7450 104.6252
132.3219 104.4149
132.6881 104.4979
132.5423 104.1324
132.5098 104.2723
132.3186 104.2890
132.3819 104.6461
132.6534 104.2104
132.5886 104.1742
132.2712 104.5601
132.3528 104.3018
132.4871 104.4842
132.4861 104.4344
132.4578 104.3537
132.3946 104.3622
132.3766 104.3748
132.5339 104.6266
132.4430 104.1639
132.5761 104.4587
132.4943 104.4777
132.5022 104.2413
132.4107 104.4226
132.4427 104.6434
132.8357 104.6703
132.7640 104.4405
132.3304 104.4314
132.7143 104.4294
132.7425 104.2376
132.2766 104.3612
132.5286 104.2454
132.5509 104.5403
132.4611 104.4468
133.0079 104.5436
132.6945 104.6575
132.8576 104.6253
132.8588 104.6355
132.7559 104.4676
132.8349 104.6140
132.4081 104.8336
132.8373 104.6260
132.3014 104.6673
132.6095 104.6814
132.5012 104.7592
132.5445 104.7362
132.7936 104.7712
132.4064 104.7146
132.5409 104.8367
132.3890 104.8253
132.4417 104.7212
132.4010 104.7592
132.4915 104.6907
132.6382 104.4027
132.4589 104.1496
132.5041 104.8083
132.5255 104.7260
132.5937 104.7118
132.3337 104.7496
132.4647 104.6198
132.4704 104.6970
132.6848 104.6703
132.3682 104.7868
132.5519 104.6958
132.4351 104.6463
132.6327 104.7540
132.5551 104.9117
132.3247 104.6835
132.6481 104.7149
132.4084 104.7951
132.3933 104.6650
132.6177 104.6496
132.5757 104.6551
132.4438 104.8080
132.5135 104.8013
132.5094 104.6114
132.5934 104.6940
132.4721 104.6986
132.5961 104.8512
132.2916 104.5556
132.4752 104.6873
132.5110 104.6481
132.5448 104.7488
132.4094 104.6968
132.4860 104.8918
132.3574 104.3074
132.9082 104.6463
132.8359 104.4807
132.7612 104.5457
132.9326 104.6397
132.8344 104.5634
132.7466 104.4516
132.8199 104.5799
132.7246 104.4589
132.8208 104.4625
132.8813 104.3545
132.9236 104.4335
133.1650 104.2857
132.7830 104.5943
132.7522 104.5463
132.8488 104.5278
132.8676 104.7380
132.5735 104.7930
132.4387 104.6552
132.5255 104.8916
132.5419 104.6985
132.5791 104.6454
132.4197 104.7106
132.3855 104.8246
132.5598 104.6632
132.4309 104.8149
132.3805 104.6287
132.3899 104.6376
132.4013 104.7966
132.5282 104.7295
132.5649 104.6660
132.6037 104.8167
132.3696 104.7060
132.5454 104.7830
132.5163 104.7501
132.4978 104.7032
132.6435 104.8161
132.4784 104.6923
132.4041 104.7553
132.4299 104.7896
132.5870 104.6534
132.3949 104.7192
132.4304 104.7619
132.5660 104.6425
132.5535 104.8855
132.5754 104.6762
132.5168 104.7525
132.5706 104.6682
132.6057 104.6309
132.7146 104.6727
132.6271 104.7377
132.4960 104.6790
132.4814 104.7376
132.4722 104.7597
132.4959 104.5873
132.5931 104.6077
132.4444 104.7306
132.7017 104.6952
132.4060 104.6855
132.4486 104.8587
132.4949 104.7486
132.5155 104.7196
132.5122 104.7599
132.5236 104.7629
132.4643 104.7840
132.4502 104.8691
132.4741 104.7782
132.5057 104.7853
132.4107 104.7116
132.4153 104.7362
132.5394 104.7646
132.5258 104.7160
132.5004 104.7738
132.4975 104.7702
132.4214 104.6958
132.4657 104.7742
132.4429 104.7473
132.5162 104.6996
132.4663 104.7263
132.4335 104.7147
132.4801 104.7526
132.5401 104.7583
132.4799 104.7573
132.4848 104.7550
132.4737 104.7406
132.4178 104.7519
132.4844 104.7819
132.4307 104.6257
132.9148 104.7178
132.7290 104.5752
132.9330 104.5748
132.8841 104.6201
132.8165 104.5863
132.7911 104.7307
132.7350 104.6834
132.8455 104.4892
132.8572 104.6817
132.6793 104.5143
132.8018 104.5522
132.6461 104.4314
132.7402 104.4931
132.7974 104.7022
132.7258 104.5900
132.8091 104.5548
132.8778 104.6084
132.6909 104.5237
132.7776 104.6648
132.7910 104.4856
132.8803 104.6338
132.8007 104.4601
132.7425 104.6747
132.9283 104.6044
132.8012 104.5670
132.8301 104.4658
132.6845 104.4854
132.8358 104.5418
132.4735 104.6169
132.5662 104.3375
132.4523 104.5714
132.4935 104.4124
132.5262 104.4323
132.4369 104.4522
132.5405 104.4143
132.4817 104.8643
132.3914 104.8281
132.5975 104.8093
132.4311 104.4573
132.4800 104.3918
132.5121 104.4585
132.5305 104.4863
132.4866 104.3526
132.5189 104.4491
132.6690 104.6184
132.5435 104.3969
132.4981 104.2731
132.5940 104.5092
132.3424 104.5713
132.7052 104.4049
132.4839 104.8405
132.4145 104.8151
132.5462 104.8434
132.3188 104.6938
132.8057 104.5894
132.9046 104.5913
132.9732 104.4231
132.9162 104.6599
132.7232 104.6662
132.9260 104.7031
132.9302 104.5294
132.9443 104.5139
132.9835 104.6640
133.0330 104.4261
132.9684 104.6076
132.7272 104.4342
132.6454 104.6782
132.8325 104.5204
132.8979 104.3888
132.8184 104.6151
133.0029 104.4914
132.8923 104.4520
132.6896 104.5227
132.9432 104.5424
132.8209 104.4237
132.9102 104.6210
132.8350 104.5890
132.9461 104.6252
132.9710 104.4746
132.9906 104.6527
132.8721 104.6182
132.9606 104.4540
132.9796 104.6303
132.9068 104.3570
132.7458 104.7584
132.9478 104.5871
132.9247 104.6201
132.5920 104.8645
132.5238 104.8570
132.5779 104.7675
132.5073 104.7976
132.4897 104.8185
132.4834 104.8792
132.6634 104.8425
132.7829 104.5910
132.5351 104.7695
132.5804 104.8129
132.4640 104.8482
132.5697 104.8259
132.5093 104.8398
132.5426 104.8441
132.5329 104.8048
132.5342 104.8136
132.5101 104.8337
132.5424 104.8151
132.5049 104.8249
132.5315 104.8832
132.5363 104.8798
132.4844 104.7867
132.5917 104.8516
132.5524 104.8070
132.5058 104.8848
132.5305 104.8641
132.5048 104.8229
132.5373 104.8239
132.4911 104.7328
132.5224 104.8040
132.5552 104.7906
132.5625 104.7631
132.4964 104.7742
132.5220 104.8721
132.4854 104.8542
132.4757 104.8205
132.5406 104.7861
132.5514 104.7803
