68.7772 188.7733
68.9947 188.4296
69.1232 188.5387
69.0683 188.4127
69.0092 188.5963
69.0529 188.6546
69.1517 188.6827
68.8553 188.6646
69.0205 188.5329
68.9647 188.7393
68.9952 188.6703
68.8377 188.6894
69.0342 188.5712
68.8601 188.8513
68.7205 188.7558
68.9607 188.7473
68.9667 188.8981
69.1794 188.5352
68.9922 188.7732
69.1486 188.5881
69.2315 188.8436
69.0430 188.6856
69.0555 188.6524
68.8846 188.7547
69.0418 188.5045
69.1646 188.7906
68.9625 188.7898
69.2617 188.6814
69.1423 188.6285
69.0612 188.5273
69.0870 189.0614
68.9923 188.6490
69.2166 188.5603
69.1369 188.5730
69.2247 188.5634
69.2477 188.7428
68.8357 188.5789
69.0729 188.5705
68.8624 188.6850
69.0070 188.5497
68.9427 188.6730
69.2628 188.7959
69.0064 188.7181
69.1284 188.6553
69.0019 188.6447
69.0733 188.6755
69.2475 188.7746
69.0789 188.8055
69.0626 188.7643
69.0401 188.7258
68.9793 188.7175
68.9597 188.7245
68.9441 188.6405
69.0040 188.6748
69.2425 188.6441
69.5016 188.3633
69.0782 188.5165
69.2537 188.5207
69.2903 188.6143
69.5637 188.5627
69.5263 188.4737
69.5379 188.6157
69.2875 188.4794
69.3781 188.5450
69.2656 188.5748
69.2755 188.6519
69.4294 188.4656
69.4342 188.7775
69.3718 188.6796
69.3740 188.4438
69.6251 188.6493
69.3127 188.6523
69.3088 188.5954
69.3426 188.6214
69.2882 188.4285
69.5836 188.6489
69.3479 188.5338
69.2704 188.6039
69.3438 188.5421
69.3214 188.7153
69.3588 188.6307
69.2397 188.5102
69.4406 188.7915
69.2480 188.5102
69.3092 188.5684
69.5377 188.6730
69.2324 188.7779
69.5561 188.5903
69.1526 188.7347
69.5003 188.5296
69.2609 188.5803
69.2551 188.3710
69.4252 188.6580
69.4136 188.6378
69.2055 188.5955
69.3782 188.6355
69.3475 188.5455
69.3374 188.5816
69.3590 188.5787
69.3633 188.6200
69.4374 188.6511
69.3470 188.5854
69.4117 188.6361
69.3808 188.5162
69.3837 188.6142
69.4384 188.5515
69.3908 188.6247
69.4964 188.8449
69.1403 188.3673
69.2769 188.3269
69.0240 188.4114
69.0847 188.2855
69.2994 188.3319
69.2067 188.6543
69.1651 188.6061
69.0926 188.2388
69.1324 188.2231
69.0549 188.3874
69.1965 188.3731
69.1770 188.3077
69.2669 188.4633
69.2513 188.3226
69.2081 188.2528
69.2944 188.3674
69.1620 188.2912
69.2504 188.3123
69.2105 188.4012
69.1722 188.3631
69.4085 188.2341
69.3022 188.2902
69.0482 188.4870
69.1393 188.4193
69.0794 188.4288
68.9810 188.3914
69.2686 188.4171
69.0666 188.6644
68.9168 188.4972
69.1768 188.7122
68.9327 188.5853
69.1918 188.6084
69.0615 188.6642
68.9971 188.5269
68.9439 188.5840
69.1848 188.5360
69.1232 188.4755
68.9821 188.5211
69.1871 188.7705
68.8264 188.6772
69.1986 188.4803
69.2022 188.4240
69.3396 188.6077
69.3052 188.4069
69.3176 188.2874
69.1908 188.4299
69.1365 188.2572
69.2193 188.2237
69.3375 188.4072
69.1945 188.5680
69.0840 188.4230
69.1884 188.3465
69.2107 188.3639
69.2170 188.3890
69.2760 188.4069
69.3117 188.3931
69.1286 188.3839
69.3808 188.4427
69.1557 188.3365
69.1660 188.3333
69.1900 188.4361
69.2314 188.4187
69.1601 188.3819
69.2178 188.3640
68.9824 188.5888
68.9612 188.5654
69.1624 188.3063
69.0190 188.4018
69.0448 188.6793
69.0694 188.6621
69.0674 188.5461
69.3372 188.5847
69.5696 188.5550
69.4082 188.5650
69.2109 188.7754
69.5087 188.6858
69.5860 188.7279
69.4974 188.5926
69.5706 188.6639
69.5566 188.5800
69.4402 188.6870
69.4110 188.4778
69.3861 188.7058
68.8314 188.8685
69.6238 188.5330
69.4638 188.7659
69.2225 188.6332
69.4623 188.6380
69.5501 188.6248
69.3104 188.6318
69.5239 188.6045
69.4822 188.7130
69.3491 188.6603
69.4429 188.3220
69.4312 188.7771
69.5402 188.5738
69.4932 188.5104
69.4055 188.8125
69.5032 188.3860
69.5626 188.8598
69.3928 188.8519
69.4824 188.5777
69.4551 188.5838
69.4526 188.6127
69.1443 188.7113
69.4950 188.5723
69.3421 189.0355
69.3486 188.5449
69.3310 188.5420
69.4443 188.6147
69.3354 188.9914
69.4212 188.6731
69.4181 188.5258
69.4153 188.6889
69.3154 188.3882
69.6268 188.6972
69.5169 188.5766
69.2489 188.8448
69.5347 188.6290
69.1707 188.9259
69.5683 188.7671
69.4321 188.7173
69.3633 188.5919
69.4619 188.6215
69.5817 188.9429
69.4886 188.6893
69.1860 188.5822
69.5283 188.6902
69.3922 188.5375
69.3765 188.8843
69.3576 188.7205
69.4098 188.5004
69.5518 188.6769
69.4282 188.6459
69.5663 188.7403
69.4163 188.6677
69.5329 188.5248
69.4648 188.8692
69.5182 188.7189
69.6777 188.7534
69.3941 188.7984
69.5839 188.7446
69.3890 188.6203
69.3633 188.5845
69.4561 188.5395
69.4895 188.5913
69.4360 188.5690
69.4974 188.6305
69.5821 188.5333
69.5318 188.6458
69.4713 188.6178
69.5977 188.4240
69.4435 188.6920
69.1176 188.8111
69.5156 188.6740
69.4428 188.5371
69.3120 188.5587
69.4511 188.5881
69.3969 188.7381
69.4820 188.5764
69.3806 188.7388
69.4547 188.6735
69.3538 188.6350
69.4242 188.6700
69.6269 188.7350
69.5331 188.7199
69.5586 188.7669
69.5740 188.7092
69.4700 188.6241
69.4948 188.7691
69.4430 188.7413
69.4366 188.6230
69.3778 188.6690
69.5704 188.5209
69.3157 188.7755
69.4273 188.7147
69.3883 188.6514
69.4386 188.7391
69.5527 188.6118
69.5390 188.6962
69.5875 188.5711
69.5303 188.6879
69.4164 188.6954
69.4340 188.5936
69.5201 188.6453
69.6276 188.8592
69.4621 188.5784
69.5988 188.5689
69.4879 188.6022
69.5783 188.6999
69.4979 188.6628
69.4785 188.6872
69.4134 188.7227
69.4707 188.5927
69.4559 188.7494
69.5171 188.5869
69.5826 188.6544
69.3052 188.7575
69.2166 188.6840
69.3736 188.7719
69.4666 188.6725
69.4362 188.5958
69.5798 188.6342
69.4063 188.6179
69.4257 188.7226
69.5223 188.6682
69.3704 188.4961
69.4839 188.6810
69.3737 188.9384
69.4259 188.7202
69.4755 188.7736
69.5093 188.6467
69.5521 188.7463
69.5478 188.6471
69.4204 188.6580
69.4696 188.6030
69.5521 188.7341
69.5332 188.7840
69.4584 188.6390
69.4773 188.5679
69.4283 188.6381
69.5173 188.6530
69.4258 188.4805
69.3869 188.7617
69.4240 188.5939
69.4729 188.7744
69.4521 188.7945
69.1715 188.4966
69.3826 188.5167
69.3250 188.5109
