128.2008 147.9547
128.1014 147.7071
128.1786 147.6129
127.9852 147.6289
128.0769 147.8041
127.8523 147.8017
128.0068 147.8071
128.1312 147.6236
128.2729 147.8470
128.1918 147.7179
128.1005 147.7287
128.2854 147.7258
128.3515 147.7251
128.0654 147.6906
128.3073 147.6287
128.1627 147.7146
127.9074 147.8302
128.1765 147.8537
128.1338 147.9927
128.1492 147.6903
128.2874 147.6890
128.1389 147.8754
128.0933 147.7592
128.1608 147.7190
128.0253 147.6794
128.0407 147.7859
128.1946 147.6996
128.2593 147.8345
128.3926 147.6507
128.2506 147.4439
128.1790 147.6237
127.9874 147.8201
128.1212 147.6740
128.2668 147.7313
128.2393 147.8442
128.2115 147.7083
128.2418 147.7753
128.1139 147.8188
128.2216 147.7414
128.2215 147.8146
128.1002 147.7731
128.1145 147.7771
128.1503 147.7655
128.0884 147.8418
128.1494 147.8961
128.4399 147.8444
128.2086 147.7624
128.0714 147.7827
128.1053 147.5729
128.2010 147.5097
128.0317 147.7432
128.0799 147.6313
128.1546 147.4413
128.1568 147.8767
128.2171 147.7600
128.1534 147.6740
128.0315 147.5540
128.0304 147.5714
127.9575 147.9749
128.3781 147.9744
128.1595 147.6850
128.1770 147.6797
128.4250 147.5882
128.1086 147.5313
127.9897 147.6277
127.8255 147.6877
128.1461 147.6494
128.5737 147.8940
128.0740 147.7101
128.0187 147.7074
128.4047 147.8188
128.0881 147.5863
128.5672 147.5067
127.9480 147.4776
128.1108 147.5889
128.5091 147.3717
127.8419 147.6560
128.3927 147.5793
128.1897 147.8683
128.0682 147.8081
128.6179 147.5591
128.4413 147.5957
128.1034 147.7518
128.3192 147.8557
127.8628 147.6010
128.1309 147.9308
128.2700 147.7845
128.0810 147.8328
127.9485 147.7630
128.0794 147.8054
128.0850 147.8904
128.0677 147.4959
128.4194 147.7366
128.0359 147.8787
128.4674 147.5432
128.5551 147.6178
128.1642 147.7639
128.0964 147.7508
128.1603 147.8278
128.1785 147.7008
128.4570 147.7352
128.6794 147.5566
127.9481 147.6099
128.0354 147.6890
128.5499 147.6972
128.2571 147.4396
128.4754 147.7678
128.2021 147.4435
128.0176 147.4567
128.0714 147.5244
128.1282 147.7808
128.3087 147.8140
128.3714 147.7836
128.1675 147.7535
128.1518 147.7165
128.2316 147.7629
128.0268 147.9212
128.2962 147.8092
128.0565 147.9310
128.0939 147.8157
128.1188 147.5443
127.9924 147.4886
128.1127 147.7092
128.0478 147.7737
127.9314 147.6216
128.2299 147.5977
128.2263 147.7680
128.1584 147.3873
128.2085 147.5532
127.8914 147.7412
128.1628 147.8302
128.1313 147.8347
128.0307 147.7087
128.1265 147.3738
128.0703 147.7674
128.2004 147.6407
128.3107 147.9705
128.1586 147.6751
128.4591 147.6365
128.4073 147.9385
128.0690 147.7757
128.3592 147.7407
128.0035 147.6714
128.4480 147.7480
128.1312 147.6310
128.2673 147.9474
128.1062 147.5566
128.4121 148.1027
127.8318 147.7835
128.2123 147.6715
128.5764 147.5291
128.3249 147.7297
128.0303 147.5801
128.3511 147.4692
128.2700 147.7633
128.2363 147.6505
128.1162 147.9352
128.4689 147.4959
128.1596 147.8554
128.2221 147.8590
128.0973 147.7569
127.9622 147.8045
128.0881 147.9104
128.1339 147.6716
128.0869 147.6882
128.1947 147.8247
127.8913 147.5981
127.9630 147.5450
128.3570 147.8817
128.2506 147.5299
128.3465 147.5222
128.0910 147.5147
127.9542 147.5575
128.1735 147.6503
128.0394 147.6644
128.1078 147.5568
128.0291 147.6840
128.1263 147.7700
127.9383 147.4227
128.4434 147.5049
128.4680 147.5788
128.4199 147.5897
128.2790 147.3893
128.6353 147.9241
128.4256 147.8815
128.5833 147.9404
128.4881 147.8749
128.5652 147.9501
128.4604 147.8035
128.4189 148.2023
128.5028 147.9206
128.4595 147.7863
128.6210 147.8806
128.5004 147.8903
128.5417 147.9272
128.4430 147.8709
128.5041 147.9575
128.4450 147.9031
128.3533 147.8500
128.5216 147.8395
128.4949 147.8915
128.4688 147.8568
128.5471 147.9612
128.4570 147.9352
128.1392 147.7814
128.1408 147.7548
128.5067 148.0231
128.6685 147.8510
128.4726 147.8980
128.3790 148.0800
128.6098 147.7947
128.4851 147.8923
128.4597 147.8935
128.4769 147.6846
128.4849 147.9250
128.5576 147.9465
128.5835 147.5928
128.5249 147.5293
128.5411 147.4988
128.4909 147.7000
128.4584 147.5915
128.4805 147.5828
128.4694 147.5287
128.4342 147.6035
128.4484 147.5906
128.5337 147.4935
128.7729 147.5774
128.4817 147.6010
128.4728 147.6706
128.3283 147.6566
128.4299 147.5183
128.5004 147.7256
128.5236 147.6099
128.5521 147.4915
128.4637 147.6923
128.4985 147.6214
128.4379 147.4627
128.4494 147.5598
128.5902 147.7033
128.4876 147.4079
128.4438 147.5686
128.4256 147.4904
128.4543 147.5742
128.3904 147.5351
128.4813 147.5449
128.4887 147.6214
128.3163 147.5273
128.2115 147.8400
128.4071 147.7621
128.1592 147.7379
128.2307 147.7908
128.2132 147.8277
128.1402 147.7980
128.2459 147.8871
128.1584 147.8647
128.2245 147.7728
128.1800 147.7528
128.0983 147.8822
128.2700 147.7595
128.1032 147.8551
128.1129 147.6339
128.1544 147.9231
128.2223 147.8363
128.2926 148.1385
128.0523 147.7048
128.2893 147.9064
128.1647 147.8482
128.0484 147.7196
128.1462 147.6834
128.1463 147.8820
128.0795 147.8860
128.1886 147.7870
128.1927 147.7460
128.3783 147.7501
128.1177 147.5773
128.4169 147.7815
128.0397 147.7994
128.0757 147.9440
127.9946 147.7656
128.3176 147.7384
128.2143 147.8733
128.2453 147.7857
128.0688 147.7791
128.1573 147.9640
