132.9651 128.4433
132.9703 128.5948
133.1143 128.8768
133.0570 128.6820
133.2010 128.7322
132.9599 128.8276
133.1014 128.6321
132.7624 128.7029
133.0159 128.6041
133.0533 128.7213
133.2600 128.5871
133.4085 128.6930
133.0997 128.7273
133.3643 129.1067
133.4206 129.0190
133.3614 128.9957
133.2693 128.8290
133.2036 128.8442
133.5173 129.0331
133.4779 128.9576
133.2902 128.8206
133.3112 128.7944
133.2692 128.9079
133.2971 128.7667
133.0829 129.1418
133.3179 129.0060
133.2019 129.0572
133.3100 128.9300
133.2809 128.8351
133.2696 129.1358
133.3912 128.8498
133.5331 128.9820
133.2047 128.9293
133.2497 129.1814
133.4247 128.9547
133.3114 129.0297
133.2369 128.9633
133.4920 129.0304
133.3557 128.9508
133.2713 128.9247
133.4054 128.9904
133.4538 128.9276
133.3565 128.8295
133.5323 128.9657
133.3308 128.9464
133.3418 128.9730
133.1589 128.9791
133.5311 128.9129
133.2840 129.0058
133.2895 129.0611
133.4185 128.7137
133.4362 128.8199
133.2973 129.0011
133.3516 128.9252
133.4833 128.9525
133.3463 129.0430
133.4789 128.8034
133.2630 128.9137
133.3185 128.9446
132.8414 128.8458
132.9876 128.8026
133.0444 128.6022
132.9253 128.6464
133.0633 128.7730
133.0481 128.7838
132.9659 128.8959
133.2006 128.8689
133.1004 128.8565
133.0535 128.7589
132.9809 128.7825
133.0063 128.7287
132.9958 128.8514
132.9160 128.8061
133.1151 128.7268
132.9139 128.6884
133.1006 128.7629
132.9030 128.6911
132.9013 128.7277
133.0804 128.7316
133.0453 128.8717
133.0037 129.0277
132.9231 128.8416
133.0530 128.7809
132.9827 128.8204
133.0756 128.6714
133.1042 128.8619
133.1178 128.8281
133.0186 128.7408
132.9679 128.7263
133.1159 128.6869
133.0195 128.6710
133.0774 128.8416
133.0517 128.8207
132.9238 128.9216
133.0739 128.7160
132.8351 128.8951
132.8973 128.7990
133.1315 128.8329
132.9131 128.7676
133.0773 128.7984
132.9304 128.6945
132.7987 128.7713
132.9098 128.8704
133.1273 128.7411
132.8372 128.8479
132.9559 128.8083
133.0452 128.8223
132.9716 128.7670
133.0087 128.7368
132.9960 128.6759
133.0963 128.8010
133.1420 128.5917
132.8418 128.8497
132.9630 128.7736
133.0026 128.5370
133.0355 128.7712
132.8832 128.7594
133.0807 128.7849
132.9973 128.7540
133.0169 128.7242
132.9677 128.7209
132.9551 128.7502
133.1022 128.8516
132.9060 128.7915
133.0578 128.9928
132.9545 128.8413
132.8819 128.7195
132.9890 128.9224
132.9959 128.8938
133.1184 128.8370
132.9906 128.8327
133.0199 128.8149
132.9522 128.7505
133.0020 128.8448
132.9930 128.8032
133.0251 128.7415
133.1106 128.7107
133.0152 128.8288
133.0018 128.7825
132.9219 128.8393
133.0344 128.7093
133.1294 128.7683
133.0551 128.9416
133.0785 128.7320
132.9791 128.8006
133.0610 128.7899
132.9741 128.7712
133.0303 128.9082
133.0230 128.7431
133.0295 128.8321
133.1738 128.7406
133.2635 128.7484
133.1483 128.8330
132.9510 128.7842
132.8768 128.7253
133.1131 128.9856
133.0484 129.0088
133.4035 128.8916
133.2870 129.0001
133.3617 128.8723
133.3413 129.0587
133.3492 128.9045
133.2527 128.9383
133.4694 128.9155
133.2836 128.9992
133.3563 128.9346
133.4055 128.9887
133.3900 128.7038
133.1260 128.7088
133.3139 128.5405
133.3833 128.6688
133.0329 128.5298
133.4317 128.7542
133.1618 128.6314
133.3058 128.6635
133.4258 128.5351
133.1903 128.4994
133.3460 128.6235
133.2629 128.7279
133.3800 128.6447
133.2613 128.5331
133.3209 128.6544
133.2795 128.7827
133.1927 128.7052
133.3580 128.5602
133.2113 128.6165
133.3771 128.6084
133.3111 128.5994
133.3187 128.5841
133.2610 128.6412
133.3530 128.5345
133.3787 128.6167
133.3868 128.6463
133.4275 128.5330
133.3413 128.6679
133.4739 128.7503
133.4650 128.5811
133.3090 128.7490
133.3216 128.6131
133.4459 128.6642
133.3668 128.6512
133.3345 128.5896
133.4072 128.5895
133.4110 128.6619
133.3726 128.6622
133.3403 128.6069
133.3088 128.5156
133.3900 128.4362
133.2875 128.6900
133.2707 128.6189
133.3756 128.7718
133.4703 128.5656
133.3768 128.5087
133.0566 128.7728
133.1965 128.9732
133.1397 128.9383
133.0749 128.7070
133.1044 128.7260
133.2152 129.0242
133.1748 128.7691
133.0915 128.7484
133.0875 128.8217
133.1331 128.8768
132.9848 128.9383
133.1132 128.7328
133.3250 128.7691
133.0820 128.8291
133.0963 128.6313
133.1229 128.8507
133.1840 128.6604
133.0519 128.8895
133.1214 128.8638
133.1066 128.8368
133.2071 128.9134
132.9497 128.8430
133.2065 128.9433
133.0813 128.9157
133.1842 128.7907
133.2546 128.6355
133.1655 128.8642
133.1908 128.8692
133.2736 129.0108
133.1424 128.7387
133.0942 128.8308
133.2280 128.8610
133.2206 128.7039
133.1971 128.7547
133.0338 128.7598
132.9995 128.8529
133.1590 128.8043
133.1100 128.8836
133.1148 128.7971
132.9989 128.7881
133.2221 128.7906
133.0303 128.7060
133.1969 128.7578
133.1377 128.7632
133.0604 128.7851
133.0807 128.7864
133.0177 128.7628
133.0904 128.7287
133.0301 128.8527
133.1551 128.8161
133.2022 128.8537
133.0992 128.7705
133.1927 128.7591
133.0347 128.8471
133.1659 128.8103
133.0186 128.9212
