10.3135 63.1224
10.3201 62.7738
10.7430 62.5050
10.5595 62.3991
10.5239 62.4525
10.4049 62.4843
10.5826 62.5140
10.6022 62.4369
10.1584 62.9683
10.4738 62.4762
10.4413 62.5505
10.4831 62.5422
10.4433 62.5474
10.4653 62.4692
10.4674 62.4951
10.4229 62.4617
10.4628 62.4585
10.4266 62.5727
10.4538 62.5510
10.4676 62.5463
10.5124 62.4873
10.6776 62.6350
10.6528 62.3775
10.5640 62.6323
10.6628 62.4609
10.6549 62.5906
10.6029 62.7661
10.7942 62.5360
10.7343 63.0525
10.4584 62.8297
10.6292 62.8461
10.4869 63.0111
10.6000 62.6920
10.5257 63.0418
10.5300 62.7534
10.6265 62.9818
10.5152 63.0342
10.5160 62.7698
10.5009 62.8880
10.6156 62.8524
10.6176 62.8571
10.5989 62.5258
10.5563 62.5829
10.5079 62.5621
10.5686 62.5735
10.5939 62.5626
10.6194 62.5539
10.5092 62.5244
10.6399 62.3302
10.4309 62.4424
10.6446 62.4381
10.5949 62.9195
10.5656 62.8131
10.6642 62.9140
10.5666 62.8594
10.7195 62.7491
10.4354 62.9956
10.4368 62.6431
10.5650 62.6959
10.7062 62.8646
10.6607 62.7045
10.5607 62.9155
10.5851 62.7947
10.6190 62.8307
10.6619 62.9212
10.4684 62.9464
10.3862 63.0201
10.6254 62.8409
10.6698 62.7901
10.6615 62.8583
10.6838 62.7931
10.6261 62.7285
10.5633 63.0973
10.5229 62.9561
10.6111 62.7861
10.6324 62.8210
10.5362 62.9899
10.6115 62.6837
10.5020 62.8483
10.5119 62.8158
10.6674 62.8913
10.5162 62.7236
10.6100 62.7910
10.5525 62.8855
10.6245 62.6396
10.5313 62.8535
10.4313 62.7229
10.7023 62.7534
10.6694 62.9823
10.5405 62.7265
10.6586 62.8817
10.5893 62.8959
10.6254 62.8254
10.6602 62.8514
10.6103 62.7734
10.5103 62.9277
10.5531 62.8382
10.6429 62.6853
10.6786 62.6858
10.5594 62.7514
10.6011 62.7865
10.5991 62.8599
10.5709 62.8639
10.6890 62.7851
10.7081 62.9158
10.6555 62.8225
10.5971 62.9407
10.8301 62.7761
10.6159 62.8132
10.5960 62.7494
10.7176 62.8611
10.5921 62.7805
10.6746 62.9349
10.5625 62.9092
10.5887 62.7834
10.7149 62.8934
10.7782 62.8401
10.5396 62.7748
10.5895 62.9097
10.5980 62.7604
10.6693 62.6889
10.5456 62.8331
10.5518 62.8735
10.6022 62.8619
10.6233 62.8282
10.6394 62.8434
10.6370 62.7728
10.5045 62.8499
10.6075 62.3302
10.7210 62.4274
10.6405 62.3750
10.6814 62.3031
10.6440 62.3848
10.6738 62.3925
10.6570 62.3823
10.6524 62.4216
10.6900 62.3750
10.6890 62.4336
10.6797 62.3750
10.7019 62.3835
10.6885 62.3696
10.6958 62.3979
10.6755 62.4817
10.7138 62.3696
10.6908 62.3964
10.6454 62.3892
10.6315 62.3244
10.6740 62.4048
10.6181 62.4605
10.6686 62.3571
10.6480 62.3731
10.6706 62.2910
10.3050 62.6500
10.3179 62.8534
10.2558 62.3622
10.0482 62.7285
10.1377 62.7144
10.2622 62.6917
10.1168 62.5980
10.2989 62.6308
10.3778 62.7045
10.1876 62.5501
10.3703 62.5782
10.0714 62.7782
10.3193 62.7171
10.1950 62.6440
10.2049 62.6151
10.2068 62.8080
10.2092 62.6738
10.2211 62.5982
9.9947 62.6232
10.3811 62.8127
10.2752 62.6790
10.3453 62.6301
10.2099 62.6469
10.3599 62.6318
10.1723 62.4664
10.3982 62.6367
10.2336 62.5851
10.2833 62.5853
10.1436 62.5646
10.3053 62.5137
10.2914 62.5780
10.3634 62.6107
10.4003 62.3817
10.2464 62.7635
10.3618 62.6413
10.4758 62.5949
10.1421 62.6596
10.3057 62.7322
10.1401 62.6843
10.1188 62.6325
10.2559 62.8151
10.3659 62.5867
10.4794 62.7027
10.2868 62.6136
10.2920 62.7097
10.3379 62.6908
10.2437 62.5799
10.2808 62.6279
10.3062 62.6739
10.2689 62.5575
10.4769 62.4009
10.5910 62.3242
10.7763 62.5003
10.7479 62.3784
10.7271 62.3652
10.4626 62.8393
10.5556 62.6930
10.6611 62.4598
10.6062 62.5277
10.6445 62.4108
10.6106 62.4752
10.8379 62.3918
10.5908 62.5065
10.7765 62.4090
10.6896 62.3637
10.4988 62.4467
10.7799 62.4705
10.7146 62.5111
10.5436 62.4115
10.6770 62.4750
10.6609 62.4331
10.7339 62.4372
10.5818 62.4152
10.5309 62.6079
10.6908 62.6160
10.6937 62.4962
10.6997 62.2943
10.7134 62.5176
10.5527 62.4586
10.5679 62.5691
10.8189 62.5102
10.5939 62.4679
10.6338 62.5123
10.6403 62.2638
10.7155 62.6045
10.6965 62.3639
10.5982 62.4254
10.5206 62.5074
10.6489 62.4884
10.5628 62.4704
10.7430 62.6054
10.5630 62.4636
10.6147 62.6970
10.6509 62.6138
10.6615 62.3937
10.7202 62.5732
10.7714 62.3898
10.7408 62.5488
10.5015 62.4330
10.6354 62.6194
10.7538 62.5943
10.6317 62.3197
10.5804 62.4921
10.7265 62.6442
10.6461 62.3412
10.6244 62.4264
10.6884 62.4270
10.7575 62.5561
10.6851 62.4401
10.6850 62.5300
10.5961 62.4007
10.6475 62.5234
10.5623 62.4612
10.6609 62.4294
10.6264 62.7633
10.7146 62.3520
10.6597 62.4117
10.7579 62.3521
10.3935 62.2926
10.6616 62.4405
10.7647 62.4435
10.6189 62.4630
10.6580 62.4613
10.3471 62.3348
10.4523 62.3972
10.6059 62.4485
10.6772 62.4719
10.6719 62.4038
10.6282 62.4676
10.6894 62.4780
10.6004 62.5223
10.5329 62.5113
10.6261 62.5017
10.5914 62.5000
10.6323 62.4404
10.6625 62.5524
10.6039 62.4584
10.6587 62.4525
10.6326 62.4746
10.5969 62.4698
10.6749 62.4117
10.6325 62.4686
10.5905 62.4834
10.6318 62.4541
10.6874 62.4176
10.5894 62.4459
10.5612 62.5099
10.6154 62.4780
10.6396 62.4893
10.6511 62.4611
10.6943 62.3991
10.6263 62.5792
10.5770 62.4290
10.6980 62.4714
10.5716 62.4698
10.1048 62.5775
10.4868 62.6463
10.6226 62.3794
10.7574 62.4470
10.5764 62.5588
10.6970 62.5310
10.6836 62.6217
10.5486 62.2522
10.7768 62.3462
