35.5757 65.8829
35.6137 65.7993
35.7596 66.0303
35.6040 65.9823
35.6079 65.9258
35.7606 65.8367
35.5088 66.0321
35.4574 65.8977
35.5407 65.8196
35.6118 65.9126
35.7862 65.9272
35.5351 65.7651
35.8548 66.0201
35.6318 65.5829
35.4905 65.7233
35.4632 65.9001
35.4087 65.8206
35.4365 65.8345
35.4493 65.9131
35.4632 65.9801
35.3861 65.8791
35.4502 65.6843
35.5287 65.8166
35.4400 65.7520
35.4825 65.8342
35.5028 65.8209
35.3671 65.8851
35.4030 65.9146
35.3471 65.8192
35.5309 65.8257
35.5017 65.7145
35.4056 65.8686
35.4555 65.9259
35.5131 65.7856
35.3876 65.9211
35.4247 65.7796
35.5951 65.9300
35.3846 65.7980
35.3050 65.7212
35.5849 65.8704
35.4259 65.9566
35.5685 65.7724
35.4441 65.8908
35.3727 65.8419
35.3644 65.8588
35.5101 65.8673
35.4501 65.5488
35.8855 65.9259
35.6672 65.5859
35.7087 65.5499
35.7216 65.6205
35.7449 65.5800
35.7067 65.5877
35.7727 65.6176
35.6541 65.8818
35.7108 65.7937
35.6906 65.9292
35.6448 65.9234
35.6205 65.9109
35.8164 65.8491
35.8406 65.9362
35.7437 65.8327
35.6841 65.8665
35.6796 65.9317
35.6948 65.8651
35.7016 65.9024
35.7371 65.8548
35.6924 65.8746
35.6825 65.8862
35.7761 65.9054
35.7324 65.8915
35.6830 65.8782
35.7117 65.8140
35.6663 65.8390
35.6634 65.8894
35.6647 65.8506
35.6789 65.8520
35.7980 65.7171
35.4254 65.8434
35.3740 65.9546
35.7821 65.5825
35.6990 65.7069
35.6670 65.6904
35.7533 65.5229
35.4871 65.7878
35.6474 65.6681
35.6885 65.5971
35.6886 65.6609
35.7010 65.5404
35.7091 65.5275
35.6782 65.7574
35.7001 65.6254
35.5684 65.6427
35.4684 65.6659
35.5797 65.4711
35.7402 65.5899
35.9173 65.6412
35.6909 65.6384
35.6239 65.5777
35.4233 65.5532
35.7119 65.9499
35.7614 65.8401
35.6545 66.0077
35.8165 65.9581
35.7048 65.8766
35.8220 65.7274
35.8016 65.9349
35.7215 65.7631
35.6944 65.8377
35.6981 65.8181
35.7366 65.9548
35.8074 65.8237
35.6972 65.8568
35.7873 65.8002
35.8310 65.8393
35.5906 65.8606
35.7201 65.8446
35.6831 65.8963
35.7647 65.7476
35.6379 65.8332
35.6958 65.6034
35.7737 65.8655
35.7908 65.7489
35.7834 65.9558
35.7947 65.8406
35.5852 65.8698
35.7348 65.9401
35.6295 65.7789
35.7276 65.8546
35.6745 65.8489
35.7352 65.7079
35.7083 65.8716
35.7181 65.7885
35.7394 65.8964
35.6867 65.9502
35.7694 65.8306
35.7746 65.8710
35.8180 65.8099
35.5790 65.8626
35.8102 65.9139
35.6807 65.8184
35.7734 66.0470
35.7365 66.0827
35.8086 65.9439
35.6841 65.9803
35.7309 65.8118
35.8087 65.8369
35.7539 65.9268
35.7150 65.9647
35.7857 65.9346
35.6623 65.9107
35.7209 65.8886
35.8836 65.8189
35.7402 65.8364
35.7365 65.9275
35.8291 65.7856
35.7365 65.8447
35.6911 65.8429
35.7655 65.6713
35.6510 65.8755
35.7110 65.9764
35.6500 65.9811
35.7696 65.8068
35.6130 65.8450
35.7170 65.7823
35.8319 65.8613
35.7457 65.9377
35.8330 65.9683
35.7153 65.8647
35.7331 65.8268
35.6437 65.6811
35.8115 65.7908
35.6406 65.9233
35.8558 65.8961
35.6775 65.9419
35.5783 65.8091
35.6611 66.0156
35.6284 65.8296
35.7110 65.8249
35.8204 65.7462
35.8084 65.8260
35.6775 65.9350
35.7711 65.7932
35.7132 65.8316
35.8533 65.9185
35.7056 65.7661
35.8174 66.0864
35.7956 65.8955
35.7430 65.8025
35.7357 65.8441
35.8439 65.8253
35.7600 65.8124
35.7283 65.8478
35.6594 65.8361
35.6966 65.7911
35.6734 65.8342
35.6864 65.8611
35.8036 65.8549
35.7634 65.7746
35.7083 65.7986
35.7036 65.8516
35.7774 65.8321
35.8009 65.7633
35.6648 65.9456
35.6829 65.8704
35.7554 65.8238
35.7251 65.8166
35.7314 65.9623
35.6605 65.8554
35.6505 65.8781
35.6447 65.7852
35.7829 65.7894
35.7456 65.7872
35.7593 65.8515
35.7933 65.8496
35.6486 65.7952
35.6586 65.6015
35.7057 65.6028
35.6866 65.3618
35.7616 65.5723
35.6798 65.5622
35.7098 65.5715
35.7058 65.7690
35.8065 65.7924
35.8728 65.6292
35.9316 65.6417
35.8096 65.7954
35.7342 65.8332
35.8003 65.8810
35.6831 65.8015
35.6951 65.9353
35.7480 65.8557
35.8693 65.8470
35.7003 65.6982
35.7496 65.7952
35.6428 65.8061
35.8675 65.7273
35.8812 65.7879
35.6835 65.7870
35.7679 65.8967
35.6916 65.8229
35.8272 65.7449
35.7039 65.6788
35.8533 65.7645
35.8279 65.7617
35.6718 65.8073
35.8805 65.8558
35.8454 65.8831
35.7383 65.8026
35.8188 65.8603
35.7780 65.9279
35.7671 65.6811
35.7499 65.7200
35.7206 66.0582
35.7212 65.8961
35.6997 65.9022
35.7332 65.7661
35.5319 65.8894
35.8009 65.7846
35.7499 65.8798
35.7766 65.8072
35.6328 65.7925
35.6860 65.7903
35.7516 65.7843
35.7589 65.8402
35.7411 65.7491
35.7486 65.6970
35.8727 65.8391
35.8313 65.8654
35.6924 65.9123
35.8754 65.8872
35.8733 65.9262
35.8181 65.9745
35.8104 65.8189
35.7671 65.7334
35.7291 65.8497
35.7937 65.7926
35.7371 65.8046
35.7667 65.9174
35.7424 65.8161
35.5442 65.7613
