160.3201 95.2908
160.4608 95.0797
160.4982 95.2874
160.0621 95.3507
160.4391 95.0571
160.4542 95.5352
160.0840 95.5414
160.5418 95.2216
160.3389 95.2899
160.1559 95.3504
160.0102 95.2118
160.0617 95.3069
160.1436 95.2314
160.1003 95.5544
160.2819 95.3436
160.1807 95.0982
160.4054 95.5170
160.0783 95.3034
160.3178 95.3563
160.6042 95.1611
160.3835 95.4358
160.4305 95.5957
160.3295 95.1204
160.5095 95.1597
160.4111 95.0821
160.0393 95.3121
160.3207 95.3461
160.1959 95.6574
160.2419 95.2247
160.4180 95.3297
160.1559 95.1526
160.4553 95.4081
160.3701 95.1299
160.1111 95.1462
160.1481 95.2677
160.4185 95.5316
160.1977 95.3089
160.4244 95.3781
160.1868 95.1572
160.4537 95.1634
160.3651 95.2125
160.3519 95.1641
160.4432 95.5184
160.2468 95.4231
160.1707 95.5044
160.3764 95.5464
160.5400 95.2404
160.4118 95.2578
160.5150 95.2220
160.2283 95.2775
160.3852 95.4655
160.3971 95.6739
160.1159 95.2421
160.2559 95.4059
160.2246 95.4207
160.4195 95.3551
160.5289 95.5117
160.2141 95.4646
160.3216 95.3993
160.5405 95.4025
160.2931 95.1575
160.1667 95.3487
160.2449 95.4069
160.1118 95.1530
160.2591 95.3977
160.2475 95.6424
160.2327 95.1038
160.2503 95.3298
160.4520 95.6287
160.4135 95.3035
160.2291 95.2273
160.0898 95.3264
159.9730 95.4235
160.1327 95.2768
160.2065 95.3554
160.1452 95.5501
160.3118 95.3480
160.3824 95.4261
160.3094 95.2311
160.0717 95.3604
160.3000 95.2793
160.2670 95.1788
160.2977 95.4943
159.9520 95.2920
160.1706 95.1661
160.3779 95.3790
160.2554 95.4128
160.0007 95.5375
160.5179 95.5027
159.9368 95.3824
160.3049 95.0941
160.6137 95.2255
160.2243 95.2342
160.3728 95.3347
160.4769 95.5789
160.5192 95.5866
160.3749 95.5111
160.1900 95.2587
160.0174 95.5066
160.5471 95.2608
160.3584 95.6839
160.4103 95.2941
160.1724 95.6269
160.2763 95.4302
160.1565 95.4472
160.1574 95.5034
159.9563 95.4427
160.2908 95.1107
160.4523 95.4670
160.1611 95.4407
160.3700 95.3638
160.3666 95.2100
160.4602 95.1304
160.3086 95.3663
160.4621 95.1810
160.1654 95.3501
160.1506 95.2219
160.3351 95.1479
160.0303 95.5211
160.1291 95.2360
160.2385 95.3159
160.0946 95.3182
160.3085 95.2661
160.0450 95.4505
160.7831 95.5465
160.2879 95.6604
160.3655 95.6098
160.4339 95.2783
160.1694 95.5143
160.4035 95.1120
160.7238 95.7565
160.4997 95.5222
160.1089 95.3387
160.0522 95.4653
160.3646 95.3238
160.4308 95.4235
160.3126 95.3213
160.0678 95.1900
160.5660 95.4656
160.1288 95.2442
160.2934 95.5638
160.3799 95.3673
160.6642 95.5301
160.4304 95.5308
160.6521 95.3329
160.7008 95.3907
160.4428 95.1141
160.2516 95.2032
160.3112 95.1975
160.3049 95.2946
160.3198 95.2445
160.1960 95.5012
160.4620 95.4038
160.3203 95.2773
160.3483 95.2479
160.4446 95.0840
160.4556 95.4683
160.2863 95.2228
160.6155 95.5728
160.0608 95.5784
160.3419 95.2453
160.2809 95.2180
160.2179 95.3445
160.0969 95.3367
160.2181 95.2522
160.2486 95.3845
160.2851 95.4080
160.3427 95.3382
160.2829 95.3750
160.2197 95.3237
160.4853 95.7261
160.2320 95.7730
160.1514 95.6373
160.2667 95.8095
160.3569 95.5658
160.1476 95.5380
160.0918 95.8337
160.1029 95.6064
160.3119 95.4186
160.1657 95.5510
160.2551 95.6548
160.1807 95.9106
160.1953 95.5324
160.2327 95.8382
160.1983 95.4313
159.9338 95.7439
160.0964 95.6732
160.0847 95.7585
160.1095 95.6234
160.1951 95.8761
160.3704 95.8608
160.3007 95.6126
160.0386 95.6701
160.2588 95.5622
160.1423 95.6530
160.1350 95.4884
160.1696 95.4403
160.0215 95.5820
160.0081 95.6403
160.1105 95.7644
160.0129 95.6760
160.2809 95.7468
160.2738 95.6709
159.9248 95.6354
160.1152 95.8042
160.1375 95.5181
160.2308 95.6995
160.0625 95.6629
160.1501 95.5968
160.1369 95.6443
160.1248 95.6437
160.1666 95.6425
159.9819 95.7279
160.1839 95.7333
159.9455 95.5333
160.0843 95.6681
159.9853 95.5350
160.1175 95.4883
160.3238 95.7029
160.1973 95.7679
160.2126 95.5356
160.1537 95.6288
160.1869 95.7412
159.9978 95.4536
160.1981 95.6343
160.1108 95.7255
160.1368 95.7023
160.0974 95.8996
160.0722 95.7576
160.1967 95.5046
160.1235 95.5410
160.1451 95.5169
160.0457 95.4174
160.0097 95.8131
160.1173 95.8357
159.9044 95.6502
160.2114 95.3396
160.4060 95.5984
160.1616 95.4212
160.3392 95.4537
160.2372 95.6029
160.1413 95.7819
160.2925 95.4472
160.1118 95.6980
160.1568 95.6112
160.1625 95.6987
160.0083 95.5301
160.3150 95.6161
160.2922 95.3623
160.2557 95.3219
160.0034 95.4225
160.1656 95.5482
160.0433 95.5779
160.1320 95.6366
160.4163 95.8770
160.3272 95.7586
160.2784 95.7021
159.9432 95.7227
159.9311 95.7483
160.2279 95.5359
160.2480 95.6815
160.2048 95.4504
159.9509 95.7693
160.1222 95.7395
160.4093 95.5160
160.0793 95.1709
160.3963 95.6806
160.1948 95.7460
160.6018 95.3327
160.6333 95.6766
160.4566 95.6080
160.7215 95.6006
160.5003 95.6209
160.6754 95.4989
160.3614 95.4558
160.7650 95.7667
160.4050 95.2712
160.2972 95.6023
160.6908 95.4969
160.3988 95.4556
160.7218 95.4947
160.7082 95.4090
160.4388 95.8401
160.7985 95.7243
160.5047 95.7259
160.4950 95.4372
160.3505 95.6615
160.8249 95.4874
160.5809 95.6333
160.6007 95.6224
160.5917 95.2366
160.8159 95.4889
160.7275 95.5804
160.3942 95.3173
160.7351 95.3727
160.5940 95.5529
160.5540 95.7129
160.6058 95.6124
160.5032 95.6278
160.6152 95.6745
160.5825 95.7262
160.4551 95.6264
160.4786 95.5675
160.3121 95.3525
160.6892 95.5351
160.3414 95.5438
160.4698 95.5042
160.3545 95.7126
160.2998 95.7711
160.4453 95.5089
160.4324 95.3650
160.2531 95.4786
160.5136 95.6587
160.5485 95.3622
160.7262 95.4647
160.5880 95.4822
160.5856 95.7088
160.2596 95.4634
160.5493 95.6160
160.6273 95.7131
160.2735 95.6328
160.7427 95.8664
160.3811 95.6337
160.6824 95.8520
160.1690 95.4924
160.0742 95.4468
160.0413 95.5033
160.6696 95.7078
160.4423 95.4459
160.6122 95.2617
160.3916 95.4863
160.5053 95.3775
160.3735 95.3273
160.5458 95.4216
160.3779 95.7129
160.6617 95.4984
160.6191 95.4473
160.4823 95.4950
160.4084 95.4934
160.6596 95.6011
160.1947 95.5762
160.6925 95.1917
160.4518 95.5301
160.4866 95.3944
160.0820 95.1449
160.1576 95.6167
160.0643 95.3547
160.1442 95.2939
160.0980 95.2192
160.1393 95.2828
160.3358 95.1094
160.0807 95.2034
160.5144 95.2348
160.2232 95.3560
160.1309 95.2444
160.3112 95.2784
160.3197 95.2064
160.4711 95.2499
160.3141 95.4715
160.2471 95.3928
160.1483 95.3651
160.8485 95.4185
160.6988 95.5806
160.5602 95.6981
160.4853 95.5957
160.7285 95.3641
160.3598 95.5784
160.2465 95.3103
160.3998 95.3931
160.3205 95.3936
160.3726 95.2937
160.4669 95.2035
160.2895 95.3515
160.4028 95.3953
160.3471 95.2219
160.3532 95.2952
160.3004 95.3234
160.3061 95.2311
160.3364 95.3011
160.4000 95.2686
160.3743 95.2592
160.2645 95.2943
160.3274 95.3002
160.2994 95.2544
160.3276 95.2592
160.2865 95.1914
160.6131 95.4457
160.3212 95.6898
160.3308 95.5950
160.2751 95.5041
160.1645 95.6016
160.2998 95.5608
160.3775 95.5406
160.5941 95.4120
160.5592 95.5217
160.6193 95.4449
160.4671 95.5824
160.7888 95.5012
160.4173 95.4583
160.4872 95.4561
160.6603 95.5617
160.7152 95.4569
160.5156 95.3639
160.6618 95.2915
160.5534 95.6965
160.6169 95.5034
160.6905 95.5559
160.5475 95.7672
160.4247 95.4830
160.6833 95.6498
160.7057 95.4928
160.5297 95.3905
160.4591 95.7330
160.5634 95.4676
160.5863 95.6151
160.6396 95.4641
160.6591 95.4104
160.5203 95.4315
160.4412 95.5476
160.4865 95.5318
160.5676 95.7866
160.6874 95.5623
160.6341 95.6576
160.5666 95.4116
160.6082 95.4094
160.5192 95.5560
160.6404 95.4617
160.3983 95.3381
160.6047 95.4651
160.5586 95.6067
160.5901 95.5554
160.5368 95.5402
160.6033 95.6097
160.6510 95.5396
160.5513 95.4574
160.5889 95.6774
160.6230 95.4524
160.4199 95.5549
160.6174 95.4689
160.4755 95.3737
160.5464 95.6082
160.6384 95.6887
160.6159 95.4406
160.6503 95.4512
160.7177 95.5054
160.8060 95.5630
160.6292 95.5729
160.7438 95.5867
160.6920 95.5787
160.7464 95.5240
160.6208 95.4720
160.4215 95.4907
160.7763 95.6355
160.7835 95.4770
160.4746 95.3643
160.5789 95.2901
160.5432 95.5891
160.5963 95.4957
160.4817 95.4865
160.7617 95.5355
160.5594 95.5170
160.6458 95.5520
160.5483 95.5466
160.4677 95.4831
160.5201 95.6909
160.6060 95.6870
160.5454 95.5691
160.4231 95.5194
160.5705 95.4843
160.5743 95.5510
160.4922 95.5883
160.5002 95.6272
160.4373 95.5945
160.5232 95.5257
160.6386 95.5500
160.6505 95.5918
160.7122 95.4853
160.7394 95.5664
160.5719 95.4625
160.5767 95.4855
160.5466 95.6115
160.5190 95.4825
160.6515 95.5529
160.4481 95.5906
160.6285 95.4268
160.6308 95.6125
160.6712 95.3597
160.5153 95.5095
160.7316 95.5629
160.5894 95.5474
160.8232 95.4856
160.6670 95.4543
160.7610 95.6728
160.5003 95.4268
160.6427 95.6761
160.6786 95.4399
160.7947 95.5545
160.4494 95.4556
160.5667 95.4925
160.5219 95.6381
160.6196 95.5706
160.5045 95.5811
160.5524 95.4905
160.5829 95.4573
160.7247 95.4363
160.5990 95.3967
160.5266 95.6883
160.6139 95.5644
160.6445 95.3615
160.5870 95.5871
160.5916 95.3086
160.4346 95.5773
160.5791 95.5206
160.5490 95.5250
160.7787 95.4509
160.0693 95.6936
160.2019 95.5996
160.2803 95.6420
160.0434 95.5570
160.3173 95.5458
160.4341 95.5216
160.2379 95.6392
160.3422 95.6984
160.3109 95.7559
160.3615 95.6498
160.3163 95.6262
160.5105 95.5889
160.3088 95.7544
160.1963 95.5130
160.3611 95.3475
160.3007 95.7580
160.2206 95.6243
160.2912 95.5463
160.3815 95.4028
160.2498 95.5041
160.2417 95.5483
160.7860 95.6067
160.7090 95.5683
160.0917 95.5122
160.6380 95.4963
160.3453 95.4924
160.3450 95.4671
160.2768 95.7615
