150.7378 132.5575
150.2528 132.5975
150.7068 132.6761
150.5790 132.6630
150.5399 132.5525
150.4598 132.7686
150.2574 132.4405
150.4175 132.7236
150.3503 132.6975
150.4395 133.0725
150.4776 133.0000
150.0276 132.8045
150.1371 132.9463
150.4183 133.1421
150.5271 133.0360
150.5197 133.2128
150.5417 132.9458
150.6890 133.3025
150.5752 132.8310
150.4267 133.1444
150.8184 133.0130
150.7277 133.1814
150.7608 133.2056
150.5108 133.1118
150.4945 133.0855
150.4816 133.1317
150.7256 133.1522
150.6209 132.9173
150.7324 133.0418
150.2184 133.1203
150.4590 133.3275
150.4195 133.1580
150.3966 133.0832
150.6721 133.0391
150.5776 132.9137
150.5734 132.9827
150.6996 133.0522
150.6046 132.9495
150.7772 132.9930
150.3268 133.0244
150.6674 133.1173
150.6997 133.0671
150.4095 133.0328
150.5556 133.0751
150.6503 133.1420
150.6277 133.0041
150.3869 133.0695
150.7318 132.9879
150.6124 132.8463
150.5164 133.0044
150.5725 133.0267
150.3433 133.0594
150.3555 133.0530
150.5836 133.2121
150.3788 133.1217
150.9077 132.9541
150.5062 133.2864
150.6305 133.0997
150.6718 132.9731
150.5354 133.2178
150.7261 132.9295
150.6124 132.8949
150.8471 133.0052
150.5682 132.9718
150.6043 132.9227
150.7620 133.0551
150.6804 133.0297
150.7043 133.2737
150.5321 132.9782
150.2297 132.9443
150.2354 132.9071
150.2588 132.9251
150.2572 132.9029
150.2876 132.9111
150.2861 132.9012
150.3511 132.9267
150.2910 132.8911
150.4253 132.5895
150.3441 132.9157
150.3919 132.7619
150.3650 132.9248
150.0867 132.8696
150.0830 132.8961
150.2451 132.9265
150.3574 132.8684
150.3606 132.8415
150.2355 133.0808
150.2776 132.8252
150.3420 132.9546
150.2922 132.7850
150.2728 132.9221
150.0618 132.8565
150.0007 132.9069
150.1026 133.0351
150.3503 132.8693
150.3257 132.9075
150.2262 133.0650
150.0773 132.9549
150.0295 132.8895
150.4571 132.9262
150.0981 133.0578
150.0663 133.0466
150.2437 132.8178
150.2397 133.0728
150.4075 132.7831
150.2794 132.9697
150.2002 133.1728
150.0904 133.0063
150.3273 132.9224
150.0662 132.8425
150.3156 133.0021
150.1030 132.8557
150.3665 132.8728
150.4828 133.0015
150.2070 132.9419
150.0108 132.9677
150.4426 132.8699
150.1592 133.0834
150.1796 132.8125
150.4026 133.0047
150.4749 133.2138
150.2141 132.7172
150.4863 133.0996
150.3362 132.7978
150.5230 132.8701
150.3702 132.8459
150.4774 132.6524
150.2861 132.4845
150.5898 132.6470
150.2811 132.9401
150.1393 132.8889
150.3697 132.8693
150.1568 132.8869
150.2086 132.9628
150.3997 132.9006
150.3264 132.5152
150.3497 133.0631
150.3012 132.8717
150.0945 133.1791
150.2769 133.0291
150.2214 132.8544
150.3364 132.5811
150.3354 133.0555
150.3239 132.6272
150.7656 133.0773
150.3259 132.7397
150.2686 132.9495
150.1180 132.8429
150.1160 132.8811
150.2133 132.5840
150.1966 132.9939
150.2766 132.9275
150.4879 132.8281
150.7407 133.1372
150.6549 133.2395
150.6720 133.0956
150.5616 133.1030
150.6864 133.1155
150.6093 133.0911
150.5261 132.8654
150.5287 132.5964
150.8123 132.7707
150.5076 132.6988
150.4428 132.6759
150.6110 132.8646
150.7659 132.7375
150.6026 132.8844
150.6721 133.0862
150.6939 132.8821
150.8254 132.9624
150.5934 133.1509
150.7867 133.0423
150.6616 132.8451
150.5438 132.9146
150.7705 132.9245
150.6688 133.0358
150.5245 132.9933
150.7063 132.9558
150.6720 132.9516
150.8191 132.7601
150.7581 133.0462
150.5102 132.9034
150.7201 132.9397
150.6688 132.8441
150.6869 132.9250
150.5910 132.9889
150.6509 132.9658
150.6569 133.0119
150.6967 132.9224
150.6147 133.0086
150.6290 133.0346
150.6364 133.0110
150.6421 132.9613
150.3036 132.8012
150.1921 132.7521
150.3879 132.8465
150.3577 132.8776
150.3400 132.8709
150.2884 132.9578
150.1887 133.0327
150.1778 132.9886
150.3497 132.9922
150.1565 132.8602
150.3363 132.9772
150.2917 132.9888
150.4512 132.7400
150.1627 132.9063
150.2178 132.9751
150.2385 132.7470
150.3379 132.9254
150.4398 132.9133
150.3134 132.8845
150.4687 132.9254
150.2682 132.8372
150.2108 132.8974
150.2638 132.9172
150.4419 132.9411
150.2794 132.8505
150.3553 133.0679
150.3123 132.9344
150.2424 132.9479
150.2443 133.0712
150.4364 132.9273
150.2670 132.8273
150.2029 133.0138
150.2220 132.8358
150.3826 132.9093
150.1936 132.9756
150.3800 132.8790
150.4355 132.7961
150.4095 132.7973
150.4302 132.9012
150.3876 132.9736
150.3230 132.9228
150.3860 132.8775
150.3414 132.7272
150.2417 132.9928
150.2366 132.7842
150.2484 132.9619
150.3655 133.0212
150.3876 132.8291
150.2201 132.9466
150.3097 133.0147
150.2038 132.8319
150.4834 133.0145
150.4433 133.0313
150.1917 132.8854
150.3603 133.0290
150.3254 132.9274
150.3107 132.8463
150.2222 132.8905
150.3384 132.9332
150.2666 132.9462
150.2803 132.9347
150.2800 132.9933
150.3114 132.9070
150.3799 132.9025
150.3019 132.9162
150.8386 132.6759
150.6625 132.6965
150.6268 132.7249
150.5850 132.6365
150.5635 132.5725
150.5623 132.6145
150.6214 132.6518
150.6870 132.5092
150.4819 132.7796
150.6753 132.5505
150.5052 132.8075
150.5106 132.7168
150.7944 132.7878
150.5232 132.6943
150.5784 132.7360
150.5969 132.8171
150.6793 132.6735
150.7100 132.7560
150.5780 132.9959
150.4460 132.8222
150.6942 132.8241
150.7118 132.6620
150.5479 132.7424
150.4555 132.4958
150.7282 132.7953
150.6788 132.7265
150.6831 132.6891
150.5208 132.5781
150.7224 132.6298
150.6374 132.5685
150.7264 132.6090
150.4543 132.7389
150.6482 132.6969
150.5288 132.8742
150.4604 132.8464
150.7075 132.7673
150.7102 132.6253
150.6095 132.8525
150.6399 132.5638
150.6509 132.5980
150.6394 132.5419
150.6880 132.6118
150.4825 132.4379
150.3062 132.6635
150.1791 132.6237
150.5404 132.8898
150.5863 132.8262
150.4093 133.0755
150.3005 132.9246
150.1885 132.8777
150.2658 132.9714
150.3246 132.9580
150.1922 132.8616
150.3567 132.9547
150.3131 132.8681
150.2900 132.9262
150.6729 132.8642
150.3303 132.8021
150.2055 133.0153
150.1555 132.6348
150.7760 133.1271
150.6304 133.1537
150.6407 133.0853
150.6423 133.0662
150.6514 132.9868
150.6476 133.0741
150.5736 133.2245
150.7309 133.0296
