77.5476 210.9436
78.2788 210.6080
77.3718 210.7498
77.6434 210.8591
77.8101 210.7467
77.8513 210.4885
78.0119 210.6098
77.8289 210.9474
77.6455 210.6078
78.2006 210.7391
77.9042 210.7029
77.8199 210.4906
78.0631 210.7310
77.7438 211.1009
78.0658 210.8957
77.9329 210.8693
78.0885 210.9382
78.0809 210.8846
77.7331 210.7472
78.1363 211.0213
77.7143 210.8694
77.9507 210.8530
77.9701 210.6594
77.6193 210.7223
77.6746 210.8536
77.5703 210.7048
77.6210 210.5840
77.5947 210.4515
77.4443 210.5590
77.4040 210.8806
77.4183 210.9713
77.5525 210.5589
77.4894 210.6111
77.4381 210.6180
77.4753 210.6603
77.6586 210.4792
77.5526 210.7217
77.6436 210.7177
77.4238 210.5767
77.7618 210.7911
77.8114 210.9076
77.9346 210.9195
77.6802 210.8370
77.7781 210.8380
77.6082 210.7646
78.0452 211.0898
78.0524 210.9594
77.6933 210.7917
78.2619 210.8933
77.8643 210.5811
78.0848 210.7958
77.7585 210.5246
77.8290 210.8225
77.9126 210.9233
77.7112 210.7871
78.0455 210.9008
78.0665 211.0403
77.9737 210.7087
77.7647 210.8428
77.7579 210.8970
78.0618 211.0614
77.7147 210.9306
77.9609 210.7588
77.7900 210.8397
77.7735 210.8148
77.8635 210.9951
77.9984 210.7202
77.7745 210.9848
77.9093 210.8550
77.8980 210.7020
77.6956 210.7582
78.0075 210.6029
77.7610 210.9240
77.8618 211.0570
77.8239 210.6484
77.7285 211.0855
77.9684 210.9176
77.7029 210.6441
77.5376 210.6452
77.9578 210.5053
78.0645 210.4175
77.8238 210.4174
77.9739 210.4794
77.8198 210.5621
77.8710 210.3977
78.2229 210.6701
77.6560 210.5280
78.0261 210.8288
77.8955 211.0089
78.0947 210.7691
77.9871 210.6680
77.7634 210.8855
77.8357 210.7865
78.1583 210.8274
78.0848 211.0777
77.9576 210.8784
78.0206 210.7612
77.9767 210.7603
77.9116 211.0744
77.8865 210.9025
78.2032 210.8919
77.9972 211.0041
77.7596 210.8327
77.8913 210.8084
77.8816 210.7975
77.6560 210.9160
77.9563 210.7755
77.7952 210.7675
77.9648 210.7241
77.9202 210.8147
77.9567 210.9597
77.6161 210.8166
78.0662 210.8149
77.8272 211.0782
77.9898 210.7812
77.8132 210.7001
77.7392 210.7373
77.9047 210.8911
77.8627 210.7307
77.7880 210.9064
77.8188 210.7210
77.8555 210.9541
77.9042 210.8658
77.8214 210.7421
77.9154 210.9238
77.7696 210.8705
77.7547 211.1235
78.0489 210.6465
77.8258 210.8022
77.8682 210.9140
77.8417 210.8119
77.8133 210.8978
77.9417 210.5355
77.7599 210.6098
77.6973 210.5747
78.1255 210.4896
77.9875 210.5170
77.8964 210.5266
77.8898 210.5920
78.0275 210.5569
77.9600 210.3945
78.0558 210.4342
77.7984 210.4664
78.0144 210.4994
77.8572 210.6071
77.7447 210.4663
78.0148 210.5106
77.9667 210.3961
78.0328 210.4556
77.8736 210.5761
77.9671 210.6068
78.0526 210.3980
77.9241 210.5421
77.9256 210.3354
77.9766 210.5303
77.7987 210.4007
77.8961 210.5734
77.9499 210.4741
77.9842 210.4541
77.9726 210.4797
77.9062 210.5953
77.9488 210.6517
77.9288 210.5018
77.8465 210.7701
78.1107 210.4292
77.9266 210.5408
78.0428 210.5807
77.9271 210.5622
77.8498 210.6727
78.1714 210.6757
77.9956 210.6461
77.9370 210.4462
77.7924 210.5596
78.0469 210.5399
77.8699 210.3246
78.1433 210.6405
77.6355 210.6184
77.8328 210.7556
77.8120 210.6927
77.6226 210.6051
77.7158 210.6750
77.5590 210.7404
77.5312 210.6679
77.4022 210.5246
77.5643 210.8008
77.6315 210.6597
77.5784 210.5405
77.3994 210.5587
77.4589 210.6654
77.6068 210.8434
77.5469 210.6480
77.5909 210.5566
77.8101 210.5339
77.6645 210.4762
77.6591 210.6884
77.8405 210.6463
77.8911 210.5410
77.7589 210.5290
77.4450 210.7119
77.6298 210.6346
77.5042 210.6130
77.5332 210.6247
77.5603 210.6351
77.5956 210.5087
77.4640 210.7581
77.7051 210.8496
77.5573 210.4997
77.6505 210.6855
77.5782 210.5499
77.7123 210.6782
77.5527 210.9601
77.8491 210.8331
77.8431 210.7561
77.3981 210.7217
77.5924 210.8514
77.5774 210.6941
77.6416 210.6676
77.6349 210.7363
77.5200 210.7666
77.8101 210.6985
77.5992 210.7365
77.8554 210.7200
77.6720 210.7840
77.4103 210.9610
77.5560 210.8665
77.6682 210.6227
77.5453 210.6285
77.4708 210.6968
77.5122 210.7267
77.5990 210.7968
77.7086 210.6367
77.5501 210.5771
77.6656 210.7939
77.5367 210.8606
77.5961 210.8781
77.6579 210.8085
77.7534 210.7860
77.8862 210.5558
77.6461 210.6087
77.6527 210.7814
77.8765 210.8243
77.9250 210.8803
77.9055 210.8471
77.8344 210.9085
78.0453 210.8072
77.8472 210.8602
77.7730 211.0493
78.0076 210.9496
77.8758 210.9562
77.7942 210.8369
77.8575 210.9866
77.6941 210.7331
77.9869 210.8550
