24.4507 134.7746
24.4167 134.6282
24.6598 134.4331
24.5228 134.7334
24.6182 134.7605
24.7009 134.5815
24.5544 134.4427
24.6090 134.6090
24.4818 134.5372
24.4501 134.6078
24.6116 134.6126
24.6653 134.6886
24.5501 134.5983
24.8144 134.6382
24.7122 134.6616
24.7071 134.5457
24.5758 134.5312
24.4985 134.8331
24.4497 134.6251
24.4160 134.7345
24.4466 134.6534
24.5415 134.6346
24.5110 134.6425
24.5618 134.5998
24.4704 134.6422
24.4156 134.6560
24.5141 134.7919
24.4599 134.6521
24.6089 134.6607
24.5024 134.6401
24.5959 134.6651
24.2927 134.5874
24.6435 134.8013
24.5911 134.7084
24.5220 134.5160
24.4258 134.7290
24.5431 134.8040
24.5012 134.6100
24.6509 134.6005
24.6092 134.5427
24.4357 134.6635
24.5649 134.5837
24.6017 134.6637
24.6537 134.6118
24.4809 134.7095
24.6657 134.7218
24.6828 134.5292
24.6693 134.6520
24.5215 134.6712
24.5009 134.5667
24.6662 134.7135
24.5644 134.7007
24.5505 134.6681
24.4823 134.7105
24.5658 134.7045
24.4410 134.6550
24.5265 134.5996
24.5597 134.6444
24.4380 134.6745
24.5850 134.6760
24.6569 134.6176
24.5156 134.6157
24.4871 134.5835
24.4104 134.7140
24.3976 134.7460
24.6004 134.5218
24.5959 134.6817
24.4511 134.7070
24.5331 134.6676
24.4840 134.7679
24.5899 134.6637
24.3772 134.6865
24.5718 134.6902
24.4194 134.5089
24.4578 134.6674
24.6448 134.6138
24.5884 134.7767
24.4351 134.6765
24.4607 134.6664
24.6942 134.5499
24.4850 134.5987
24.4944 134.6240
24.5137 134.6829
24.5103 134.6741
24.5188 134.6705
24.4784 134.6369
24.5222 134.6437
24.4592 134.6892
24.5255 134.7088
24.5372 134.6294
24.4447 134.6301
24.5950 134.6127
24.5624 134.7271
24.5133 134.6729
24.6346 134.7248
24.4434 134.6502
24.4258 134.6316
24.4712 134.6438
24.4559 134.5849
24.5745 134.6744
24.5580 134.6729
24.5101 134.7150
24.4684 134.6274
24.5239 134.6035
24.5391 134.6721
24.5052 134.6462
24.5082 134.6633
24.5547 134.6493
24.5637 134.7252
24.5111 134.6570
24.4726 134.6426
24.5757 134.6318
24.5768 134.6574
24.3998 134.5604
24.4585 134.6354
24.4626 134.5545
24.5113 134.6555
24.5319 134.6816
24.6471 134.6416
24.6169 134.8326
24.4567 134.6408
24.3379 134.9009
24.5990 134.5300
24.5324 134.6234
24.5256 134.7381
24.2628 134.4586
24.6485 134.3322
24.4004 134.6710
24.3126 134.7352
24.6215 134.7004
24.4584 134.5807
24.4448 134.6980
24.6307 134.6813
24.6093 134.5760
24.3111 134.7986
24.6199 134.5671
24.4569 134.8306
24.7799 134.7739
24.2906 134.5294
24.5338 134.7305
24.6460 134.6273
24.7164 134.8173
24.6042 134.3573
24.4457 134.7129
24.3661 134.7360
24.4046 135.0489
24.9165 134.8759
24.5827 134.7523
24.5837 134.5186
24.4885 134.7636
24.6201 134.6311
24.4971 134.6703
24.4065 134.5477
24.6087 134.5231
24.4427 134.7508
24.5494 134.9758
24.8767 134.6753
24.5745 134.8673
24.6944 134.4924
24.5138 135.0365
24.4669 134.6852
24.4243 134.7114
24.6026 134.6726
24.2765 134.6043
24.3353 134.4798
24.5635 134.8074
24.6038 134.5663
24.5161 134.6569
24.3676 134.7431
24.6443 134.6285
24.6579 134.5168
24.2454 134.4069
24.6966 134.5599
24.5231 134.6626
24.4310 134.6295
24.5491 134.7586
24.5522 134.6149
24.4954 134.6248
24.3081 135.0195
24.4507 135.1098
24.5078 134.9142
24.4791 134.9417
24.4910 134.8688
24.4796 134.8480
24.4086 135.0200
24.5083 135.0788
24.4578 134.9352
24.4033 134.9708
24.4901 134.9730
24.6465 134.9316
24.2888 134.9941
24.3899 134.9823
24.3505 135.0291
24.4270 135.0502
24.4571 134.9439
24.3909 134.8822
24.3041 134.9968
24.2861 135.1230
24.3760 134.9857
24.5407 135.0130
24.4392 134.9042
24.5670 135.1496
24.3820 134.9510
24.3305 135.0651
24.4265 134.9811
24.3953 134.9616
24.4491 134.9749
24.4961 134.9661
24.4012 134.9705
24.4348 135.0085
24.4898 135.0524
24.4483 134.8804
24.4241 134.9847
24.5830 135.0253
24.4383 134.8786
24.5406 134.9828
24.4433 135.0637
24.4182 134.9432
24.3960 135.1019
24.4584 134.9713
24.5917 135.0755
24.4778 134.9286
24.4320 134.9246
24.2694 134.8117
24.4533 134.8660
24.3978 134.9537
24.3020 134.9825
24.3541 134.9732
24.3883 134.9563
24.4474 135.1581
24.3264 134.9599
24.3786 134.9444
24.5721 134.9523
24.3729 134.9134
24.3995 134.9554
24.3089 134.8719
24.3937 134.9297
24.4651 135.1397
24.3549 135.0720
24.5650 134.7612
24.4724 134.8550
24.4800 134.9049
24.4872 135.1603
24.4431 135.1750
24.3551 134.9514
24.4205 134.9424
24.4623 135.0710
24.2544 135.0797
24.4775 135.0091
24.3983 135.0799
24.3087 135.0602
24.5163 135.1088
24.3424 135.0524
24.3997 134.9017
24.4833 135.0037
24.3818 135.0009
24.4844 134.9699
24.3576 135.0042
24.5728 134.9789
24.2893 134.9883
24.4439 134.8861
24.3064 134.9770
24.4569 134.9324
24.4784 135.0449
24.4293 135.0580
24.5633 135.0973
24.3220 135.0028
24.4065 134.9796
24.3730 134.9762
24.3471 135.1232
24.3472 134.9579
24.4759 135.1439
24.4121 134.9840
24.4206 135.0090
24.4606 134.9952
24.3913 134.9707
24.4982 134.8930
24.4747 134.9267
24.5134 134.9252
24.3734 134.9010
24.3822 134.7904
24.3664 134.8705
24.5189 135.0029
24.3907 135.1163
24.4407 134.9508
24.4462 135.0610
24.6052 135.1107
24.3381 134.9257
24.3631 134.9005
24.5005 134.9691
24.5785 134.9948
24.4260 134.9731
24.4297 135.0274
24.4336 135.0296
24.5529 134.9342
24.4169 135.0714
24.3794 135.1029
24.4628 134.9061
24.4051 134.9471
24.3146 135.1287
24.3663 135.1768
24.4336 134.8506
24.4883 135.0577
24.4370 134.9676
24.3797 134.9168
24.3415 134.9187
24.3899 135.1255
24.4870 135.0236
24.5170 134.9488
24.4310 135.0328
24.5019 134.9265
24.5215 135.0480
24.4252 134.8842
24.4603 134.9956
24.4158 135.0217
24.3976 134.9537
24.4311 134.9183
24.4241 135.0188
24.4915 134.9511
24.4405 135.0127
24.5533 134.9795
24.3025 134.9948
24.3128 134.9441
24.3729 135.0214
24.5394 134.9527
24.3559 135.0268
24.3666 135.0164
24.4978 134.8752
24.3501 134.9933
24.4646 134.9114
24.5147 134.9967
24.5205 135.1011
24.4414 134.9045
24.4030 135.0096
24.4118 135.0151
24.3779 135.0239
24.4495 135.0206
24.4517 134.9435
24.4363 134.9695
24.3976 134.9973
24.3813 134.9484
24.4497 135.0593
24.4057 134.9271
24.4274 134.6456
24.2559 134.7703
24.3852 134.7963
24.1893 134.7845
24.1828 134.9579
24.1656 134.8371
24.1364 134.9754
24.2162 134.7229
24.1132 134.8054
24.2253 134.8302
24.1906 134.6799
24.1013 134.7666
24.3970 134.8875
24.2197 134.7928
24.4153 134.7960
24.2575 134.6902
24.2379 134.8522
24.2921 134.7554
24.1706 134.6820
24.3232 134.8372
24.3054 134.7919
24.1346 134.8456
24.1694 134.7090
24.1769 134.7526
24.0831 134.9008
24.4302 134.7881
24.2281 134.6237
24.2007 134.7253
24.4699 134.7773
24.1687 134.8344
24.2457 134.7605
24.1651 134.7011
24.2426 134.8277
24.3413 134.7692
24.1797 134.8337
24.1559 134.8010
24.0581 134.6968
24.2064 134.7603
24.1354 134.8392
24.1916 134.7417
24.1612 134.7736
24.2375 134.6921
24.2644 134.6529
24.1657 134.8504
24.2736 134.6717
24.1936 134.8363
24.1340 134.6805
24.1628 134.9046
24.3494 134.6936
24.3999 134.9016
24.1368 134.8499
24.2683 134.8013
24.4616 134.7547
24.2522 134.8516
24.3982 134.7944
24.1670 134.8106
24.3163 134.7678
24.3164 134.7846
24.2151 134.7472
24.2105 134.6959
24.1433 134.6682
24.2578 134.8042
24.1831 134.7018
24.3063 134.7937
24.3121 134.7857
24.5707 135.1003
24.4164 134.9265
24.0942 134.8611
24.0449 134.7622
24.0552 134.6945
24.0838 134.7036
24.3266 134.8073
24.4460 135.0064
24.1896 134.8354
24.3583 134.7953
24.2767 134.7998
24.5320 134.7897
24.3265 134.8068
24.3608 134.6631
24.3040 134.8663
24.5253 134.6838
24.3179 134.7320
24.4056 134.7232
24.3088 134.6954
24.2716 134.7970
24.0683 134.6923
24.2681 134.5882
24.3185 134.7652
24.4201 134.8703
24.2618 134.7436
24.2913 134.6072
24.3012 134.7294
24.2638 134.7463
24.4660 134.7694
24.2698 134.9727
24.1663 134.7479
24.3513 134.5306
24.1918 134.8007
24.2680 134.7270
24.2946 134.8031
24.1620 135.0132
24.4417 134.6893
24.1620 134.9764
24.2384 134.8191
24.2052 134.7806
24.2903 134.8135
24.4571 134.4914
24.2451 134.7211
24.2917 134.7734
24.3352 134.7379
24.0778 134.6414
24.2258 134.8164
24.2241 134.7671
24.6084 135.0281
24.4781 134.9438
24.5431 134.9884
24.5750 135.0674
24.5597 135.1093
24.5407 134.9979
24.4789 135.0346
24.5458 135.1254
24.5835 134.9769
24.4590 135.0343
24.5292 134.9687
24.6242 134.9524
24.4509 135.0328
24.5130 134.9830
24.4258 134.9609
24.4374 134.9717
24.4902 135.0558
24.5290 135.0698
24.5069 135.1009
24.4617 134.9442
24.5210 135.0748
24.3729 134.9470
24.5823 134.9624
24.6039 135.0688
24.3276 134.8804
24.5797 134.7127
24.5838 134.7249
24.6257 134.6781
24.6384 134.7495
24.6728 134.8134
24.5843 134.6613
24.6036 134.7128
24.7666 135.0114
24.6198 134.7390
24.5525 134.8103
24.6356 134.7271
24.5518 134.6709
24.6184 134.7598
24.7283 134.8359
24.6549 134.8115
24.5793 134.7320
24.5638 134.8558
24.5816 134.7602
24.6709 134.7833
24.2043 134.7709
24.0827 134.7569
24.6677 134.7483
24.5842 134.6087
24.7089 134.6230
24.4896 134.6275
24.7036 134.6649
24.5724 134.5719
24.6639 134.7667
24.5909 134.6881
24.5583 134.6577
24.4609 134.7573
24.5630 134.6042
24.5719 134.7332
24.5498 134.5622
24.4770 134.7106
24.5146 134.6387
24.5512 134.8074
24.5701 134.6100
24.6872 134.7331
24.5212 134.7808
24.6934 134.7144
24.5545 134.6420
24.5463 134.6650
24.5311 134.6729
24.5696 134.6637
24.5639 134.6500
24.6229 134.6888
24.5632 134.6547
24.5235 134.6855
24.5317 134.6823
