73.3318 162.2659
73.3538 162.3298
73.2679 162.2373
73.3959 162.2444
73.5128 162.6517
73.6142 162.4717
73.5293 162.5755
73.2249 162.4577
73.3639 162.3113
73.2400 162.2813
73.4385 162.2415
73.3221 162.4306
73.2760 162.3867
73.1737 162.3936
73.2055 162.1877
73.2540 162.2393
73.3939 162.5140
73.2905 162.3502
73.3182 162.3138
73.3411 162.3132
73.3045 162.2411
73.4109 162.4603
73.3005 162.3139
73.3311 162.3625
73.1236 162.4003
73.2223 162.2380
73.2356 162.2802
73.2722 162.6119
73.1821 162.2681
73.4955 162.3454
73.3344 162.3651
73.2033 162.4045
73.2471 162.3304
73.3230 162.3132
73.6078 162.4932
73.5177 162.4283
73.4583 162.5249
73.4744 162.5919
73.4727 162.5923
73.7098 162.6124
73.6074 162.5968
73.5467 162.5651
73.5960 162.5645
73.5756 162.5556
73.6072 162.5998
73.4900 162.5847
73.5939 162.5667
73.6148 162.6180
73.5852 162.1870
73.2839 162.1615
73.3264 162.2909
73.2672 162.3717
73.3103 162.3247
73.4601 162.2680
73.2500 162.4453
73.3368 162.3935
73.3823 162.3499
73.1836 162.3683
73.7577 162.4098
73.5973 162.3132
73.7135 162.3214
73.5603 162.3219
73.6764 162.2079
73.8203 162.1639
73.3517 162.2066
73.2822 162.3093
73.4849 162.2793
73.3559 162.3374
73.4304 162.4125
73.3275 162.2529
73.4336 162.2529
73.3043 162.3228
73.5682 162.3978
73.3430 162.2460
73.4283 162.3369
73.5080 162.3447
73.4234 162.3744
73.3951 162.2878
73.2806 162.1743
73.3056 162.2970
73.3594 162.3308
73.3658 162.3148
73.2205 162.2967
73.5294 162.3255
73.2538 162.3113
73.3959 162.2887
73.2324 162.2563
73.3398 162.3847
73.2802 162.4263
73.3018 162.2623
73.4194 162.2605
73.4754 162.2045
73.3317 162.2061
73.3167 162.2727
73.3249 162.2642
73.3981 162.3728
73.3827 162.3127
73.4213 162.3630
73.3381 162.3523
73.5441 162.3861
73.3996 162.3331
73.3711 162.3494
73.4107 162.4375
73.4860 162.5620
73.4770 162.7094
73.6512 162.6335
73.5694 162.5579
73.5477 162.5737
73.8012 162.1393
73.6728 162.1190
73.7908 162.3145
73.6325 162.2752
73.6774 162.3115
73.6662 162.3279
73.6870 162.2725
73.7399 162.2674
73.6835 162.3048
73.4234 162.2463
73.7407 162.5352
73.6333 162.0680
73.5747 162.8298
73.8697 162.3962
73.6749 162.3361
73.6360 162.3342
73.7215 162.2398
73.8930 162.2861
73.8145 162.2657
73.5448 162.2621
73.7074 162.3480
73.6697 162.3666
73.8999 162.2571
73.7148 162.3386
73.9320 162.3970
73.7498 162.4453
73.8248 162.2728
73.7313 162.2691
73.9380 162.2840
73.7021 162.2398
73.7708 162.2776
73.7500 162.2151
73.7850 162.2445
73.6678 162.3460
73.7112 162.4267
73.9047 162.3109
73.6511 162.3112
73.7079 162.2375
73.7215 162.2696
73.6441 162.3781
73.6151 162.3074
73.8658 162.3548
73.6797 162.1624
73.7811 162.2945
73.7736 162.2279
73.7414 162.3513
73.7631 162.2563
73.8779 162.1657
73.7826 162.3308
73.6818 162.1576
73.5443 162.4064
73.6737 162.2441
73.7795 162.3012
73.5835 162.5567
73.6164 162.5854
73.5877 162.5951
73.6083 162.5543
73.6094 162.5970
73.6071 162.5565
73.5706 162.5373
73.5857 162.6002
73.5558 162.5480
73.5937 162.5873
73.4456 162.4256
73.3640 162.5450
73.4215 162.4627
73.3980 162.3052
73.4274 162.3144
73.4106 162.3699
73.3989 162.2363
73.4738 162.4126
73.3052 162.3875
73.4225 162.4135
73.4698 162.2738
73.3613 162.3855
73.2965 162.3417
73.5710 162.4490
73.5376 162.3483
73.3903 162.5927
73.3132 162.4787
73.3704 162.4486
73.4595 162.4024
73.4802 162.2955
73.3579 162.3940
73.3258 162.3916
73.4022 162.3837
73.3356 162.3244
73.3765 162.3790
73.3858 162.3723
73.3324 162.3829
73.3477 162.3543
73.3944 162.3581
73.3456 162.3078
73.3395 162.4268
73.3564 162.3495
73.3471 162.2973
73.3152 162.3159
73.3405 162.3755
73.3569 162.3711
73.3701 162.3428
73.2783 162.5551
73.4394 162.3152
73.3883 162.3092
73.4214 162.5573
73.3675 162.4300
73.3600 162.3231
73.3618 162.3650
73.3202 162.3182
73.3044 162.3248
73.4079 162.3317
73.4089 162.3730
73.4276 162.3265
73.3259 162.3468
73.3585 162.3178
73.3676 162.3427
73.4033 162.3779
73.3276 162.3736
73.3845 162.3337
73.3452 162.3510
73.6097 162.2928
73.4395 162.3524
73.4588 162.3343
73.2712 162.4827
73.4373 162.4816
73.5267 162.2575
73.3954 162.7428
73.4903 162.1322
73.2193 162.2719
73.1236 162.3818
73.2807 162.5941
73.4149 162.2993
73.1898 161.9934
73.4671 162.5957
73.4096 162.3820
73.3884 162.3501
73.3904 162.3661
73.3336 162.3975
73.4093 162.3878
73.3120 162.3567
73.6394 162.5297
73.6080 162.5681
73.6133 162.6090
73.5897 162.6045
73.6239 162.5893
73.6157 162.5549
73.6618 162.5748
73.6230 162.5349
