176.5359 60.1301
176.4741 60.1040
176.4395 60.0954
176.4612 60.0508
176.5972 60.1413
176.5000 60.2677
176.2847 60.4098
176.3189 60.2648
176.7092 60.3229
176.5649 60.0534
176.4350 60.3499
176.4030 60.1880
176.2721 60.1584
176.2976 60.0688
176.3867 60.0808
176.8238 59.9514
176.4072 60.2034
176.6903 60.0579
176.5559 60.2059
176.5923 59.9573
176.5460 60.3127
176.4853 60.1519
176.8300 59.9894
176.6904 60.0692
176.5288 59.8133
176.3869 60.2117
176.9429 59.9465
176.5447 60.2148
176.5737 60.2554
176.5243 60.1699
176.4508 60.2329
176.4292 60.2642
176.4182 60.2145
176.4227 60.1342
176.4796 60.3707
176.4960 60.3341
176.4805 60.2207
176.4122 60.1727
176.6224 60.2162
176.6385 60.2350
176.5820 60.3037
176.3369 60.1819
176.7845 60.3804
176.4388 60.2091
176.5319 60.2604
176.4721 60.2787
176.3701 60.0663
176.5461 60.2915
176.5053 60.1861
176.4369 60.1671
176.7776 60.2242
176.3665 60.2546
176.2875 60.1279
176.6872 60.1657
176.2542 60.2136
176.5901 60.3341
176.4433 60.2631
176.5449 60.3653
176.5902 60.1556
176.4346 60.1141
176.5442 60.3315
176.4146 60.2295
176.3810 60.2184
176.5327 60.2517
176.4067 60.4116
176.7018 60.1163
176.5017 60.0569
176.4644 60.2363
176.4941 60.1033
176.4775 60.1741
176.6033 60.3071
176.6549 60.0893
176.5109 60.0028
176.4644 60.1645
176.6764 60.1896
176.6720 60.2291
176.4536 59.9091
176.4451 60.1894
176.4684 60.0944
176.4834 60.0335
176.5996 60.0572
176.4753 60.1756
176.5901 60.2261
176.6748 60.1088
176.6580 60.2837
176.4398 60.0835
176.4648 59.8749
176.7200 59.8718
176.4424 60.3594
176.7754 60.4293
176.6008 60.3111
176.6176 60.2691
176.4971 60.2683
176.4529 60.2309
176.4337 60.2965
176.5348 60.2393
176.4110 60.2648
176.5749 60.2399
176.5470 60.2198
176.4596 60.2877
176.4936 60.2026
176.5927 60.3001
176.3280 60.2563
176.4624 60.4188
176.5605 60.2618
176.4880 60.1757
176.6042 60.2100
176.5403 60.1895
176.5820 60.1378
176.4019 60.2408
176.4730 60.1746
176.5776 60.2253
176.4701 60.2545
176.5337 60.2836
176.4431 60.1995
176.6352 60.2817
176.6252 60.1597
176.5456 60.2385
176.4900 60.1037
176.5193 60.1013
176.4352 60.1815
176.4666 60.2021
176.5713 60.0724
176.6156 60.0723
176.4523 60.2005
176.5834 60.1710
176.5876 60.2272
176.5706 60.2416
176.5478 60.1917
176.6062 60.3118
176.4058 60.2176
176.9877 60.2582
176.8544 60.3633
176.6670 60.2716
176.5129 60.1595
176.4643 60.2069
176.7234 60.2086
176.8825 60.2948
176.6567 60.4440
176.6483 60.1660
176.8044 60.4751
176.7311 60.3096
176.6538 60.4218
177.0969 60.2094
176.8966 59.7655
177.1422 60.4173
176.7813 60.1407
176.9027 60.4676
176.7566 60.2966
177.0430 60.1423
177.2289 60.1870
176.9263 60.3602
176.5898 60.2600
176.8336 60.0411
176.5721 60.0776
176.7061 60.5808
176.9085 60.2090
176.7892 60.2831
177.0240 60.3047
176.9459 60.2680
176.5697 60.1273
176.8987 60.1902
176.8134 60.4980
176.7381 60.5183
177.0765 60.2129
176.6917 60.1450
176.8100 60.2806
176.9929 60.5494
177.0775 60.3330
176.4030 60.0685
177.0867 60.3204
176.7416 60.6780
176.9472 60.6130
176.8852 60.4352
176.8513 60.4258
177.1711 60.0108
176.5515 60.3680
176.5814 59.9130
176.7572 59.9485
176.8887 60.2834
176.9295 60.6423
176.8564 60.3037
177.0223 60.1563
177.0866 60.2897
176.7745 60.0795
176.9091 60.0862
176.8172 60.3513
176.8484 60.3553
176.7642 60.1712
176.8734 60.5183
177.1346 60.1717
176.9375 60.2465
176.8168 60.2401
176.6956 60.3370
176.6949 60.4252
176.5957 60.2168
177.0271 59.8961
176.7882 59.9612
176.9419 59.9611
176.8530 59.7747
176.8673 59.8866
176.7719 60.0649
176.6582 59.8472
176.6761 60.0538
176.6342 59.8073
176.7552 59.8239
176.7606 60.1556
177.1033 60.0714
176.7959 60.0903
176.6819 60.0636
176.7132 60.0148
176.9032 59.9102
176.6037 59.8724
177.0826 59.9271
176.6396 60.0466
176.9321 60.1469
176.7231 59.8069
176.7120 59.9247
176.9362 60.0173
176.8428 59.9313
176.8982 59.8331
176.8306 59.9265
176.9903 59.8116
176.8527 59.9889
176.6976 59.9635
176.6062 59.8773
176.7124 59.9537
176.9436 59.9592
176.8540 59.8691
176.7614 60.0712
176.8466 59.9647
177.0741 59.9155
176.8601 59.9593
176.9250 59.7853
176.8306 60.1424
176.8587 60.0831
176.6838 59.8839
176.7115 60.2557
176.6692 60.2087
176.6022 59.9564
176.5126 59.7679
176.7729 60.0445
176.8044 59.8643
176.9149 60.0201
177.0933 59.8914
176.9331 59.8807
176.8385 60.0462
176.7975 59.9140
176.8217 59.8952
176.8445 60.0136
176.8562 59.9761
176.9418 59.9498
176.7955 59.8834
176.8817 60.0485
176.8905 59.9472
176.6865 60.0643
176.9776 59.9109
176.7897 59.9790
176.8919 59.8707
176.9264 60.0647
176.8153 59.9131
176.8639 59.9933
176.8497 59.9065
176.8255 60.0910
176.7023 60.0393
176.9279 59.9519
176.7383 59.9435
176.9213 59.9135
176.7923 60.0250
176.8318 59.9666
176.9416 59.9907
176.9105 59.8596
176.8519 60.0303
176.9029 59.9184
176.8642 60.0060
176.8136 59.9781
176.7635 59.9000
176.9304 59.9250
176.8931 59.9674
176.8935 60.0322
176.8329 59.9667
176.7907 59.8172
176.8681 60.0274
176.8810 59.8372
176.8853 59.9686
176.8326 60.0270
176.7454 59.9589
176.8543 59.9001
176.9208 60.0760
176.7591 59.9599
176.8834 59.9850
176.8716 59.8934
176.8581 59.9403
176.8713 59.8912
176.7516 59.9843
176.8990 59.9280
176.7948 59.9817
176.7724 60.0323
176.8166 59.8964
176.8911 59.9960
176.7467 60.0052
176.8120 59.9257
176.8510 59.9831
176.8900 59.9898
176.8844 60.0593
176.8871 59.9409
176.8586 59.9122
176.9170 59.9080
176.8999 59.8075
176.8410 59.9633
176.8419 60.0221
176.7800 59.9030
176.7957 60.0051
176.8002 59.9742
176.7051 59.9806
176.8413 60.0632
176.8718 59.9459
176.9126 59.9566
176.8214 59.9730
176.7575 59.9297
176.9205 60.0339
176.9348 59.9744
176.8459 59.9163
176.8232 59.9542
176.8269 59.9844
176.8608 59.8829
176.8707 59.9643
176.8226 59.9387
176.8597 59.9764
176.8261 59.8681
176.8710 59.9523
176.8982 60.0558
176.9176 60.0012
176.8355 59.9684
176.9366 59.8628
176.7668 59.9494
176.9330 60.0778
176.8706 59.9727
176.7259 60.0088
176.8881 59.9402
176.8655 59.9597
176.9324 60.0156
176.8642 60.0262
176.8613 59.9944
176.9258 59.9629
176.9146 59.9675
176.8569 59.9728
176.9338 60.0460
176.8644 59.9746
176.8784 59.8759
176.8564 59.9552
176.7664 59.9567
176.9202 60.1376
176.7520 59.9745
176.8397 60.0099
176.8574 60.0119
176.8109 59.9694
176.9421 60.0161
176.8152 60.0105
176.8047 59.9150
176.8611 59.9636
176.8205 59.9301
176.9319 59.9376
176.8593 59.9895
176.9548 60.0167
176.7778 59.9788
176.6508 60.0863
176.8332 59.9226
176.7446 59.9469
176.7989 60.0505
176.8286 59.9984
176.8326 59.9611
176.8077 60.0511
176.8746 60.0175
176.8361 60.0178
176.8189 59.9940
176.8181 59.9299
176.8754 60.0255
176.8777 59.9977
176.8601 59.9745
176.7186 60.0421
176.8136 59.9980
176.7845 59.9161
176.8121 60.0321
176.8332 60.0701
176.8274 60.0127
176.8996 59.8461
176.8900 59.9492
176.9179 60.0299
176.8838 59.8780
176.8866 59.9691
176.8512 59.9840
176.8134 59.9861
176.8172 59.9887
176.8416 59.9281
176.8625 59.9657
176.8566 59.8883
176.9438 59.9955
176.8167 59.9392
176.8454 59.8864
177.0003 59.9887
176.9536 60.0215
176.9836 59.9064
176.8375 59.9405
176.8926 59.9006
176.7951 59.9428
176.9498 60.0579
176.7551 60.0316
176.8374 59.9062
176.7765 59.9850
176.8266 59.9042
176.8904 59.9719
176.8625 60.0421
176.8512 59.9068
176.9237 59.9892
176.8004 59.9567
176.8329 60.0251
176.8680 59.9309
176.8827 59.9596
176.8491 59.9888
176.9082 59.9271
176.8157 59.9902
176.8807 59.9071
176.9145 60.0530
176.8769 59.8767
176.8662 59.9779
176.8622 59.9943
176.8057 60.1058
176.8990 59.8149
176.8898 59.8261
176.8359 60.0653
176.7822 59.8988
176.9010 59.9902
176.8401 59.9525
176.8098 60.0121
176.8601 60.0543
176.8994 60.0589
176.8467 59.9822
176.8742 59.9876
176.8478 59.9268
176.8519 59.9925
176.7744 59.8778
176.8035 59.9172
176.7493 59.9559
176.8398 60.0139
176.8967 59.9730
176.8694 59.9443
176.8562 59.9720
176.8089 59.9896
176.9048 59.9259
176.8272 59.9663
176.7601 60.0031
176.7548 60.0599
176.8299 60.0041
176.8996 59.9426
177.0108 59.8369
176.8358 60.0533
176.7943 59.9409
176.8579 59.9765
176.9321 59.8779
176.8479 59.9137
176.8512 59.9662
176.7265 60.0906
176.7899 59.8590
176.8423 59.9371
176.8257 60.0624
176.9256 59.9561
176.7976 59.9097
176.7359 59.9450
176.8586 59.9759
176.7686 59.9817
176.8899 59.9517
176.8895 59.8845
176.8122 59.8684
176.8652 59.9105
176.8820 60.0005
176.8385 59.9405
176.8603 59.9952
176.7551 59.9954
176.7525 60.0129
176.7806 59.9671
176.7047 59.9517
176.8708 59.9378
176.7984 59.8557
176.7861 59.9012
176.8192 59.9337
176.8308 59.9985
176.8050 59.9971
176.9180 59.9128
176.7558 59.9304
176.8971 59.9904
176.8695 59.9854
176.9553 59.9878
176.7448 60.1035
176.8200 59.9345
176.8375 59.9945
176.8783 59.9353
176.9032 60.1120
176.9441 59.8485
176.7763 60.0799
176.8696 59.9804
176.8091 59.9735
176.9369 60.0284
176.8784 60.0701
176.7910 60.0152
176.9225 60.0407
176.8634 60.0145
176.7879 59.9987
176.7409 59.9544
176.9174 60.0063
176.8773 59.9507
176.8192 59.9604
176.8522 59.9956
176.8423 59.9294
176.8773 59.8932
176.9209 60.0435
176.8662 59.9008
176.8372 59.9759
176.7833 60.0170
176.8344 59.8918
176.9557 59.9639
176.9099 60.0297
176.8834 59.9814
176.8504 59.9900
176.8057 60.0121
176.8513 59.9635
176.7583 60.0104
176.8908 59.9692
176.9565 59.8669
176.7914 59.9412
176.8103 59.9623
176.8106 59.9530
176.8273 59.9560
176.8471 59.9214
176.7424 59.9820
176.8710 59.9740
176.9082 60.0043
176.7861 60.0856
176.8325 59.9265
176.7972 59.9765
176.8409 59.9870
176.8270 59.9327
176.9351 59.9398
176.9395 60.0046
176.8469 59.9524
176.9386 59.9820
176.8084 59.8908
176.9662 59.9911
176.8279 59.9841
176.8932 60.0008
176.8706 60.0806
176.8070 59.9196
176.8206 60.0245
176.8033 59.9868
176.7664 59.9811
176.7889 59.9666
176.8675 60.0304
176.8373 60.0795
176.9025 59.9105
176.9009 59.9559
176.7383 59.9609
176.8745 59.9723
176.9170 59.9819
176.8153 59.9453
176.8706 60.0166
176.7188 59.8412
176.8841 60.0108
176.8377 59.9892
176.8848 60.0028
176.8083 59.8707
176.8062 59.9941
176.7679 59.9317
176.6660 59.9387
176.8245 59.9723
176.8054 60.0450
176.7883 59.9595
176.8814 59.9391
176.9031 59.9531
176.8836 59.9507
177.0171 59.8956
176.8863 59.9108
176.9980 59.9187
176.7352 59.9041
176.9124 59.9698
176.8662 60.0164
176.9827 60.0038
176.9046 59.9614
176.8217 60.0074
176.9126 59.8987
176.8280 59.9238
176.9299 59.9887
176.8505 59.9859
176.8811 59.8979
176.8568 59.9812
176.8235 60.0231
176.9444 59.9293
176.8946 59.9199
176.9211 59.9501
176.9084 59.9929
176.8324 59.9871
176.9271 59.9375
176.8922 59.9393
176.7797 59.9970
176.9143 59.9985
176.8408 60.0036
176.8574 60.0167
176.9041 59.9417
176.8955 59.9809
176.9228 59.9129
176.8859 59.9499
176.9016 59.9115
176.9126 59.9715
176.9070 59.9775
176.8770 60.0667
176.9015 59.9330
176.8813 59.9463
177.1061 60.0197
176.7665 60.1212
177.0840 60.1900
176.9467 60.2674
177.2147 60.0662
176.9765 60.0867
177.1419 60.3086
176.9737 60.2477
176.9627 60.2940
176.9616 60.2463
176.8657 60.4509
177.0779 60.4240
177.0400 60.0379
176.9457 60.3356
177.0579 60.4417
177.1662 60.0528
176.9045 60.4313
176.9270 60.2447
176.5885 60.3829
177.1617 60.3360
176.8155 60.3468
176.9632 60.3769
176.8626 60.2113
176.9822 60.1995
177.0666 60.1536
177.0617 60.1975
176.9351 60.4827
176.9921 60.1739
177.0815 60.4326
177.0845 60.3469
176.9626 60.1734
177.1176 60.2995
177.0301 60.2779
176.8620 60.2863
177.0632 60.1235
177.1393 60.2027
177.1311 60.1222
176.9502 60.1943
177.0876 60.2429
177.2289 60.1437
177.1785 60.1427
177.0200 60.2449
177.1488 60.3069
177.0383 60.3655
177.0296 60.1929
176.8114 60.0312
176.9846 60.3802
176.9071 60.3061
176.9196 60.1950
176.9026 60.2147
177.0132 60.3919
177.0818 60.2497
177.0662 60.4994
176.9533 60.2329
177.0528 60.0108
176.9484 60.0831
176.9389 60.1246
176.7185 60.1492
177.1702 60.4362
176.9770 60.0912
176.9033 60.4970
176.8352 60.3451
176.7132 60.2514
176.9938 60.1827
176.8565 60.4044
177.0021 60.0395
177.0951 59.9660
177.0197 60.2587
177.2003 60.0285
