60.8100 197.3640
60.7202 196.9925
60.8905 197.0948
60.7268 197.0654
60.6904 197.1690
60.9631 197.4734
60.8489 197.2797
60.7098 197.2452
60.7850 197.3490
60.7104 197.1841
61.1755 197.3493
61.0327 197.2866
60.7550 197.2862
60.7586 197.1198
60.8139 197.2069
60.7243 197.1515
60.6146 197.2095
60.8812 197.4020
60.7020 197.2680
60.9672 197.3582
61.0549 197.3311
60.9432 197.1784
61.0031 197.2279
60.9376 197.1702
60.6040 197.1767
60.8165 197.4568
60.9267 197.0863
60.8509 197.3684
60.8738 197.1654
60.6664 197.2902
60.9376 197.3277
60.8109 197.2586
60.8310 196.9946
60.7641 197.0807
60.7782 197.2102
60.9373 197.1137
60.7710 197.0834
60.7782 197.1133
61.0194 197.2470
60.8071 197.1242
60.8568 197.3105
60.7528 197.2018
60.8034 197.1311
60.9597 197.3091
60.7830 197.1322
60.8513 197.1702
61.0283 197.1549
60.6258 197.3962
60.8137 197.2673
60.7244 197.2780
60.9364 197.2515
60.8204 197.2866
61.0317 197.3051
61.0828 197.2042
60.8450 197.3183
60.9098 197.1131
60.7982 197.0714
60.6387 197.1231
60.6538 197.2115
60.9909 197.2581
60.6926 197.2007
60.9607 197.2173
60.8215 197.2245
60.8732 197.0300
60.7922 197.2519
60.7536 197.1702
60.9503 197.2275
60.8576 197.3749
61.1642 197.5244
61.0356 197.1641
60.7166 197.1295
60.8006 197.5802
60.8232 196.9958
60.9584 197.2535
60.8529 197.3138
61.0752 197.2625
60.8008 197.1872
60.7939 197.2219
60.9576 197.1161
60.9517 197.3898
60.8790 197.1812
60.7582 197.2900
60.9030 197.2366
60.8833 197.1829
60.8766 197.0704
61.0457 197.2189
60.8698 197.2039
61.0240 197.3696
60.9625 197.3602
60.6953 197.0613
61.1875 197.1140
61.1021 197.4978
60.8538 197.2532
61.0975 197.1311
60.8139 197.3223
60.7468 197.2323
61.0989 197.1203
60.9173 197.2628
60.5920 197.0800
60.8715 197.3471
60.7625 197.0653
60.8110 196.9179
60.8089 197.1340
60.6643 197.1852
60.9343 197.1647
60.9011 197.2091
60.7479 197.3332
61.0784 197.3313
60.8846 197.1525
60.7956 197.4344
60.7970 197.2799
60.8923 197.1179
61.1479 197.1225
60.8515 197.2624
60.8420 197.1807
60.7750 197.2950
60.8139 197.4277
60.8605 197.2962
60.9363 197.0695
60.9650 197.2962
60.8926 197.1980
60.7509 197.2089
60.7102 197.2893
60.9594 196.9433
60.8879 196.9996
61.4166 197.0983
60.8397 197.0532
60.9657 197.1508
60.9209 197.4170
61.0505 196.8848
60.6915 196.9474
60.8292 197.2302
60.8353 197.1828
61.1180 197.2008
60.8898 197.3488
60.6444 197.2870
60.8559 197.2720
60.9020 197.3640
60.9884 197.4300
60.9803 197.4026
60.6097 197.2167
60.8661 197.1882
60.7547 197.4129
60.7855 197.1127
60.9850 197.3188
60.6885 197.3514
60.7602 197.2149
60.8853 197.2395
60.9355 197.1247
60.8173 197.2352
61.0766 197.1849
60.8200 197.3471
60.9851 197.2383
60.9426 197.1313
60.8410 197.3050
60.8632 197.2317
60.6828 197.2017
60.6341 197.2275
60.9294 197.1139
60.8289 197.2380
60.7569 197.1720
61.0976 196.9267
61.1557 196.8475
61.0441 196.9502
61.1172 196.8024
60.7383 196.9683
61.1040 196.8428
60.9434 196.9034
60.6554 197.0104
61.0211 196.8973
61.0703 197.1379
61.2345 196.9359
60.9421 196.8408
60.9040 196.9394
61.2282 196.8335
61.1744 196.9826
61.2059 196.7936
61.1252 196.8999
60.9799 196.8004
60.9618 196.9663
60.9804 196.9099
61.1325 196.9677
61.4354 197.0330
61.1188 196.9903
61.0036 196.9152
61.2987 196.8532
61.0975 197.0668
60.9596 196.9821
61.1540 197.0253
61.0509 196.9848
61.1774 196.8603
61.0871 196.7140
61.1083 196.7412
61.1438 197.0865
60.8778 196.9107
61.1572 196.9035
61.1597 197.1206
61.2332 196.9427
60.9421 196.9459
60.9915 196.9145
61.0995 196.9314
61.1092 196.7937
61.1123 196.8431
61.0626 196.9302
61.0129 196.8415
61.0624 196.8264
61.1169 196.9187
61.2804 197.1157
61.0485 197.2030
61.3518 197.3840
61.0525 197.3657
61.2750 197.3894
61.2598 197.1086
61.2423 197.1211
61.3542 197.2390
61.0552 197.1917
61.1048 196.9914
61.3333 197.4307
61.3335 197.4170
60.8546 197.2560
61.4595 197.3559
61.2400 197.2189
61.3986 197.1604
61.1415 197.1452
61.3853 197.1166
61.2787 197.3172
61.2254 197.2846
61.0953 197.2437
60.9690 197.1583
61.4876 197.2430
61.3312 197.2337
61.2247 197.0221
61.3968 197.4651
61.3234 197.1918
61.3160 197.2712
61.2863 197.0576
61.3479 197.3244
61.2251 197.2179
61.3190 197.1473
61.2605 197.2886
61.2128 197.3243
61.1300 197.2911
61.2769 197.2938
61.2741 197.3009
61.3857 197.1405
61.3127 197.3774
61.0600 196.9468
61.2370 197.3116
61.3593 197.1634
61.3875 197.3193
61.4859 197.3421
61.1583 197.4910
61.1181 197.0497
61.1074 197.2733
61.1361 197.4019
61.2309 197.0869
60.9933 197.1474
60.8785 197.4953
60.9076 197.1907
61.1175 197.2775
60.7905 197.1151
60.9253 197.3234
60.9655 197.2159
60.9942 197.1254
60.9707 197.3837
60.9824 197.2580
60.8212 197.2022
60.7256 197.2516
60.9854 197.3201
61.0227 197.4153
61.0769 197.1400
61.0516 197.4429
60.9721 197.2954
60.7715 197.2996
61.0054 197.1942
61.1046 197.2811
60.7441 197.1712
60.7149 197.3086
61.0547 197.1753
60.8899 197.1109
60.9530 197.3071
60.8510 197.3913
61.1514 197.2368
60.8741 197.5212
60.7565 197.0867
60.8168 197.2315
60.8796 197.2178
60.8463 197.3469
60.9209 197.4119
60.7464 197.2102
60.9228 197.3717
60.7635 197.2584
60.8330 197.1598
60.8138 197.3581
60.8337 197.2461
60.8194 197.1736
60.9209 197.2077
60.8631 197.2176
60.8689 197.0803
60.8220 197.1306
60.8867 197.2768
60.8253 197.2207
60.7460 197.2067
60.8296 197.2380
60.8130 197.1621
60.8653 197.2159
60.7839 197.2425
60.8529 197.1973
60.8622 197.3117
60.8239 197.2360
60.8018 197.2415
60.7869 197.2836
60.9249 197.1971
60.8569 197.2956
60.8735 197.1419
60.9621 197.2601
60.8405 197.2363
60.9149 197.3494
61.1462 196.9381
60.9807 196.9012
61.2224 196.9373
61.0251 196.9998
61.0847 196.8196
61.0170 196.9904
61.0815 196.9505
60.9929 196.9464
61.1112 196.9504
61.0056 196.9317
61.2212 196.8637
61.2449 196.8510
60.9750 196.8322
61.1578 196.8972
61.0150 197.0258
60.9826 197.4117
60.7856 197.2841
60.8846 197.2688
60.8094 197.2815
60.8805 197.2253
60.9401 197.1864
60.9439 197.1857
60.8826 197.1981
60.9423 197.2133
60.8130 197.1911
60.9427 197.2838
60.8778 197.2075
60.8898 197.1575
61.0224 197.2456
60.7700 197.3315
60.8147 197.2468
60.8245 197.3113
60.7576 197.0410
60.6577 197.1413
60.5840 197.2154
60.7661 196.9933
60.7156 197.0682
60.8395 197.0815
60.7513 196.9384
