80.2025 122.3496
80.1870 122.3861
80.4453 122.3870
80.0907 122.4484
80.2072 122.2400
80.2941 122.1562
80.3270 122.3530
80.1758 122.4747
80.0047 122.3457
80.1344 122.4231
80.2296 122.2105
80.1117 122.4423
80.0154 122.5271
80.4174 122.2643
80.6061 122.2483
80.5412 122.2963
80.5244 122.2646
80.5267 122.2903
80.6897 122.1797
80.5795 122.2876
80.6245 122.3515
80.5035 122.2520
80.6427 122.3398
80.6716 122.1946
80.6062 122.1360
80.6867 122.3204
80.6495 122.2329
80.5267 122.2778
80.6153 122.0711
80.5538 122.2751
80.5345 122.3064
80.6870 122.1303
80.5830 122.2179
80.5511 122.3054
80.6078 122.1066
80.4549 122.3166
80.5618 122.2596
80.5386 122.2525
80.3727 122.4825
80.3138 122.6064
80.3904 122.5921
80.5095 122.4739
80.2021 122.4276
80.5106 122.4456
80.5655 122.3891
80.5572 122.4614
80.3274 122.6638
80.1538 122.6244
80.3928 122.6405
80.5040 122.5656
80.5329 122.7691
80.4122 122.6537
80.5911 122.6373
80.4171 122.6977
80.4102 122.3622
80.0062 122.2934
80.2569 122.4205
80.2565 122.2698
80.2482 122.5326
80.2214 122.3516
80.0253 122.4202
80.0822 122.3872
80.2920 122.4387
80.1684 122.4390
80.2482 122.4004
80.1439 122.5124
80.1431 122.4281
80.2639 122.4622
80.1290 122.3070
80.1407 122.3477
80.2010 122.4410
80.1553 122.4008
80.2437 122.2842
80.2153 122.3651
80.1239 122.3909
80.2772 122.3155
80.2196 122.2761
80.1375 122.2776
80.2583 122.2822
80.2613 122.2707
80.0055 122.2678
80.1922 122.3025
80.3698 122.4502
80.1135 122.2758
80.2469 122.3130
80.0522 122.3381
80.5279 122.3996
80.6352 122.2751
80.6211 122.3422
80.5469 122.4046
80.4697 122.4192
80.6647 122.2537
80.4830 122.2256
80.5273 122.3204
80.6362 122.2038
80.6559 122.3668
80.4669 122.3113
80.4983 122.2974
80.6493 122.2640
80.6994 122.2158
80.5343 122.2934
80.5649 122.2836
80.5372 122.4499
80.7455 122.3352
80.5082 122.1907
80.5689 122.3315
80.5405 122.3874
80.5639 122.2239
80.5334 122.2655
80.4308 122.3305
80.7096 122.3079
80.6485 122.2311
80.6456 122.2377
80.5458 122.2192
80.4898 122.3003
80.4701 122.2215
80.5307 122.3393
80.5378 122.2784
80.4938 122.3008
80.4842 122.3050
80.6265 122.3023
80.5662 122.2740
80.4508 122.3397
80.4099 122.2846
80.6035 122.3485
80.6655 122.1599
80.6324 122.3346
80.4835 122.2053
80.6496 122.3600
80.5862 122.2545
80.4686 122.2789
80.5135 122.2864
80.5723 122.3491
80.6234 122.3809
80.4647 122.3648
80.5605 122.3362
80.4756 122.1491
80.5418 122.3614
80.4577 122.3156
80.5322 122.2331
80.6748 122.3513
80.5458 122.3035
80.5085 122.3233
80.4616 122.2968
80.6314 122.2936
80.6491 122.2260
80.5336 122.2848
80.5605 122.3652
80.5485 122.3050
80.4673 122.2060
80.4290 122.1694
80.1622 122.2662
80.5970 122.3046
80.6153 122.2789
80.7163 122.4241
80.6090 122.2712
80.6597 122.3502
80.6120 122.3317
80.5593 122.1637
80.5273 122.2962
80.6524 122.4347
80.5582 122.2903
80.6330 122.3903
80.6861 122.2026
80.6162 122.2651
80.6374 122.2753
80.6530 122.2256
80.5253 122.2330
80.5395 122.3999
80.5655 122.3102
80.4369 122.1832
80.4262 122.2881
80.6135 122.2743
80.4725 122.2837
80.5430 122.2768
80.5887 122.2940
80.5781 122.2926
80.5709 122.2749
80.3704 122.4372
80.5298 122.2770
80.5540 122.2461
80.5471 122.2792
80.5007 122.2747
80.5486 122.3260
80.5175 122.3255
80.5492 122.3108
80.5706 122.2954
80.5676 122.3197
80.5254 122.3210
80.5678 122.2667
80.5785 122.2077
80.5489 122.3673
80.4788 122.3230
80.5881 122.3085
80.5347 122.2214
80.5603 122.2741
80.5779 122.2833
80.5122 122.2758
80.5301 122.2894
80.3265 122.9193
80.2189 122.3611
80.0929 122.2817
80.3177 122.3857
80.1672 122.4066
80.2615 122.2693
80.3100 122.3280
80.1684 122.4056
80.2329 122.4769
80.1506 122.2844
80.3015 122.3587
80.6185 122.1800
80.5175 122.2172
80.4739 122.2115
80.5557 122.2109
80.5262 122.2506
80.5005 122.2280
80.5176 122.2285
80.5225 122.3495
80.5524 122.3577
80.5323 122.4017
80.4857 122.3528
80.5618 122.3805
80.5395 122.3086
80.6333 122.4033
80.5271 122.2166
80.6415 122.3198
80.5416 122.3213
80.5734 122.2411
80.5944 122.3268
80.6223 122.2790
80.6400 122.3806
80.7092 122.3322
80.5576 122.4043
80.3740 122.3200
80.6444 122.2161
80.5337 122.2940
80.6362 122.2618
80.6442 122.1040
80.6038 122.3532
80.5595 122.4454
80.5435 122.1413
80.6777 122.3475
80.6378 122.2898
80.5322 122.3213
80.5439 122.3179
80.5444 122.2605
80.5105 122.3291
80.6051 122.3146
80.6016 122.2498
80.4978 122.4070
80.5721 122.2870
80.6424 122.3503
80.6340 122.2224
80.5595 122.3039
80.7123 122.2556
80.6354 122.2169
80.4887 122.2696
80.6641 122.3453
80.6332 122.3622
80.6679 122.2678
80.5711 122.3604
80.5295 122.3431
80.6342 122.1275
80.7032 122.3576
80.6201 122.3223
80.6840 122.3899
80.5933 122.3439
80.5591 122.1889
80.5732 122.2542
80.5717 122.2355
80.5806 122.1801
80.4905 122.3802
80.6063 122.2597
80.6034 122.4062
80.4742 122.5831
80.4857 122.7083
80.4898 122.5399
80.4690 122.4839
80.4310 122.5642
80.3369 122.6306
80.4419 122.6705
80.6868 122.7826
80.5322 122.5246
80.4569 122.6500
80.4563 122.5436
80.4596 122.5956
80.5402 122.4279
80.4741 122.6289
80.5079 122.6434
80.6639 122.6035
80.4333 122.7170
80.4105 122.5395
80.4319 122.4909
80.5376 122.6169
80.5422 122.5904
80.5352 122.5627
80.5456 122.6742
80.5801 122.5404
80.5681 122.3792
80.5155 122.5591
80.4758 122.6054
80.4737 122.5855
80.4919 122.4354
80.4813 122.5727
80.4923 122.5397
80.4604 122.6367
80.5005 122.5672
80.4436 122.6034
80.4721 122.6153
80.4191 122.5909
80.4242 122.6337
80.4916 122.6228
80.4168 122.6296
80.5017 122.5972
80.4985 122.6336
80.4562 122.6273
80.4771 122.6382
80.4668 122.6491
80.4273 122.6180
80.4159 122.5991
80.4732 122.5744
80.4792 122.5928
80.4723 122.6480
80.4699 122.6083
80.4490 122.5888
80.4338 122.6012
80.4046 122.6221
80.4531 122.5521
80.4485 122.6176
80.4708 122.5406
80.4085 122.5889
80.4319 122.6534
80.4288 122.6213
80.4022 122.5963
80.4322 122.5971
80.4545 122.6578
80.4554 122.6383
80.4303 122.6339
80.4696 122.6120
80.4341 122.5996
80.4106 122.5434
80.1199 122.2419
80.1633 122.4168
80.2135 122.3601
80.1399 122.3480
80.2300 122.2778
80.2285 122.3262
80.2065 122.4061
80.1961 122.4870
80.3717 122.2499
80.2891 122.4932
80.3187 122.2843
80.2711 122.4194
80.2185 122.4013
80.1638 122.3491
80.2964 122.4850
80.3926 122.3827
80.2331 122.2634
80.2407 122.4700
80.1936 122.3166
80.2688 122.4195
80.3879 122.2870
80.3106 122.3423
80.2844 122.3594
80.3159 122.2498
80.2148 122.2902
80.2459 122.3247
80.1944 122.1715
80.2662 122.4719
80.3692 122.3996
80.2467 122.3911
80.3055 122.5023
80.3073 122.3141
80.2173 122.2171
80.1881 122.4245
80.1819 122.3278
80.4140 122.3875
80.2232 122.3472
80.3155 122.2844
80.2080 122.3891
80.2036 122.3484
80.3439 122.4001
80.2680 122.2731
80.3953 122.4372
80.1495 122.3041
80.3837 122.3474
80.2438 122.3292
80.3542 122.3530
80.3030 122.4188
80.1520 122.3764
80.2341 122.3267
80.3075 122.3717
80.2405 122.3275
80.3529 122.4501
80.3183 122.5539
80.2969 122.0827
80.1609 122.2851
80.2614 122.4283
80.2365 122.4100
80.2377 122.5257
80.3317 122.4998
80.2077 122.4308
80.2256 122.3900
80.2237 122.2757
80.2601 122.3132
80.3019 122.2653
80.3509 122.5041
80.2710 122.3266
80.3198 122.4162
80.3084 122.2312
80.2210 122.3408
80.3215 122.5138
80.0821 122.3138
80.1884 122.3967
80.2888 122.3688
80.1933 122.3659
80.2538 122.4977
80.1312 122.2898
80.2571 122.4458
80.0700 122.3426
80.1905 122.3122
80.1501 122.3021
80.2878 122.2277
80.3184 122.3908
80.3850 122.4929
80.1525 122.4381
80.2933 122.4318
80.1634 122.3501
80.2478 122.3671
80.1766 122.4392
80.2142 122.3966
80.2718 122.4711
80.1215 122.3643
80.2349 122.4108
80.1872 122.3416
80.2251 122.3863
80.2598 122.3562
80.2141 122.3466
80.3130 122.2927
80.2686 122.3126
80.2337 122.3995
80.2987 122.3819
80.4463 122.3299
80.1973 122.3000
80.3026 122.3442
80.2546 122.4058
80.3441 122.3997
80.1969 122.3193
80.2344 122.3485
80.2671 122.3154
80.2768 122.3022
80.2586 122.4931
80.3320 122.3522
80.1778 122.3977
80.3706 122.3917
80.2051 122.3022
80.4274 122.3824
80.2200 122.3147
80.3176 122.4069
80.2585 122.3785
80.2632 122.4943
80.3043 122.4071
80.3130 122.3771
80.3449 122.2854
80.2934 122.4030
80.4188 122.3401
80.4297 122.2576
80.3575 122.2882
80.3180 122.4905
80.2378 122.3532
80.1756 122.3248
80.2903 122.3908
80.2775 122.3745
80.2790 122.3605
80.3239 122.4482
80.3178 122.4273
80.0317 122.5553
80.1673 122.2594
80.0791 122.3778
80.4391 122.2658
80.2559 122.4721
80.1088 122.4309
80.3222 122.3282
80.3060 122.3289
80.1805 122.4346
80.4095 122.6037
80.2297 122.2556
80.2888 122.4249
80.2351 122.5754
80.3192 122.4049
