153.1676 127.7200
153.3893 127.9636
153.3724 127.7466
153.1400 127.8371
153.0871 127.5950
152.9815 127.7766
153.0254 127.6860
152.8882 127.8866
153.3080 127.6832
153.0496 127.6958
153.4184 127.7397
152.7732 127.5371
153.3129 127.8180
153.1013 127.7193
153.1161 127.8601
153.3757 127.7025
153.4234 127.8331
152.9286 127.6172
153.0914 127.8517
153.0930 127.8213
153.2958 127.6707
153.0178 127.6712
152.9347 127.7978
153.1407 127.7147
153.1918 127.6520
153.1940 127.8633
153.1483 127.8609
152.9574 127.6703
153.1072 127.7853
153.1673 127.8977
152.9108 127.7950
152.9520 127.8062
153.1211 127.8984
153.2199 127.8379
152.9986 127.7975
153.2510 127.8217
153.1400 127.7758
153.1133 127.8422
153.0385 127.9594
153.0219 127.7424
153.2337 127.6571
153.1700 127.8764
153.2399 127.7394
153.1276 127.4855
153.2005 127.6183
153.2112 127.8380
152.9964 127.7854
153.1386 127.7661
153.1881 127.7429
153.3462 127.8965
153.0708 127.7475
152.9674 127.6805
153.3961 127.8600
153.0384 127.4916
152.9257 127.5771
153.0886 127.6660
153.1277 127.5719
153.3585 127.7135
153.1280 127.8413
153.1174 127.6907
153.1220 127.6885
153.1740 127.9631
152.9918 127.7962
153.1250 127.6096
153.3479 127.4751
152.9124 127.6350
153.0759 127.7921
153.0934 127.8638
153.1803 127.7118
153.1602 127.7109
152.9277 127.7320
153.1876 127.9335
152.9700 127.7431
153.2529 127.7954
152.9147 127.6803
152.8797 127.6837
152.9933 127.3734
152.8985 127.5717
153.2626 127.7822
153.1957 127.8450
152.9473 127.7250
153.0251 127.6079
152.8097 127.9012
153.1540 127.7160
153.1850 127.9462
153.2872 127.9383
153.1766 127.8304
153.1899 127.8826
153.0379 127.7126
152.9540 127.6898
153.2286 127.6711
153.1448 127.4865
153.2274 127.8807
153.1701 127.7160
152.8282 127.7215
153.2229 127.6452
153.2776 127.4004
153.0436 127.7494
153.0719 127.7006
153.1913 127.7761
153.1821 127.7535
153.3353 128.0261
152.7150 127.4048
152.9484 127.3412
152.7519 127.7283
152.6684 127.6628
152.9483 127.4945
152.9020 127.5903
153.1908 127.4866
152.9303 127.4682
153.0805 127.3633
153.0145 127.5523
153.1034 127.5218
153.1441 127.3549
153.2722 127.4745
153.0141 127.5064
153.1237 127.5535
153.1504 127.4050
153.1076 127.4715
152.9950 127.4954
153.1448 127.3512
153.1091 127.5477
153.1465 127.4392
153.1744 127.3976
153.0013 127.2732
152.9486 127.4150
152.8693 127.3761
153.1752 127.5823
153.1944 127.3707
153.2005 127.3368
153.0128 127.2336
153.0408 127.4643
152.9103 127.5378
152.9245 127.4990
152.9560 127.5646
153.2537 127.3422
152.8690 127.2315
152.8616 127.2280
153.1780 127.4818
152.8041 127.3779
153.4127 127.6426
152.9890 127.3999
152.9654 127.3054
152.9362 127.5868
153.2681 127.9911
152.9380 127.5879
153.1426 127.5492
153.0581 127.4309
153.0320 127.5169
153.1708 127.5068
153.1128 127.5057
152.9212 127.3975
153.0136 127.4120
153.0791 127.3566
153.0297 127.4880
153.0886 127.4874
152.9761 127.4044
153.0850 127.4975
153.0606 127.3996
153.0144 127.4793
153.0908 127.5091
153.0401 127.4289
153.0144 127.4034
152.9505 127.4230
153.1026 127.5609
152.9522 127.4333
153.1010 127.2469
152.9038 127.7123
153.2868 127.4857
153.0124 127.1937
153.0466 127.6366
153.3028 127.2122
152.7940 127.3690
153.1420 127.2950
153.3626 127.2611
152.9419 127.3744
153.0940 127.7505
152.7072 127.5956
152.9224 127.2697
153.1251 127.4357
153.0407 127.5590
153.0032 127.3911
153.1102 127.4543
152.6972 127.4828
153.1643 127.5513
153.3465 127.1987
153.0613 127.3718
153.3075 127.6012
153.0058 127.4273
153.0259 127.4363
152.9715 127.5179
153.0388 127.4481
153.0373 127.4050
152.9849 127.2715
153.0378 127.4883
153.0493 127.3985
152.9588 127.4618
152.9408 127.4570
152.9842 127.4476
152.9962 127.4733
152.9849 127.4529
153.0808 127.4578
152.9671 127.4337
152.7855 127.2820
153.1685 127.8280
153.1353 127.9161
152.8254 127.5742
152.8295 127.7035
152.8315 127.7330
152.8590 127.7429
152.7252 127.7037
152.9454 127.6626
152.7852 127.6714
152.9671 127.7749
152.8931 127.9137
152.8397 127.6976
152.9367 127.6556
152.8475 127.7799
152.8942 127.7409
152.7418 127.7963
152.7653 127.6284
152.8804 127.6437
152.7846 127.5910
152.9507 127.7015
152.8733 127.6274
152.9325 127.7829
152.8338 127.7851
152.8948 127.7568
152.9352 127.7017
152.9151 127.7535
152.9131 127.7259
152.8884 127.6875
152.8760 127.7392
152.8185 127.7818
152.9005 127.7392
152.8407 127.7335
152.8788 127.7435
152.9210 127.7094
152.8889 127.7091
152.9075 127.7035
152.8853 127.6918
152.8631 127.7591
152.9051 127.7483
152.8280 127.7209
152.9431 127.7776
152.8608 127.7081
152.9371 127.7709
152.8607 127.6734
152.9047 127.7580
152.8383 127.6859
152.8721 127.7457
152.9399 127.6862
152.8741 127.5702
152.8885 127.7021
152.9468 127.7568
152.8355 127.6880
152.8665 127.7488
152.9033 127.7488
152.8391 127.8120
152.8479 127.8136
152.9017 127.7160
152.8711 127.8056
152.9229 127.7397
152.8314 127.8204
152.7548 127.7472
152.8449 127.7180
152.8221 127.7811
152.8835 127.7540
152.8872 127.7420
152.9315 127.7872
152.8777 127.7005
152.8977 127.7646
152.9115 127.7438
152.9271 127.7553
152.9005 127.7603
152.8385 127.7439
152.8710 127.7385
152.8715 127.7063
152.8473 127.7532
152.8528 127.7628
152.8597 127.7547
152.8516 127.8377
152.8907 127.7501
152.9025 127.7149
152.8651 127.7186
152.9175 127.4693
153.1301 127.4792
153.1813 127.4456
153.1425 127.4203
153.1110 127.5249
153.1716 127.4942
153.1291 127.4702
153.1235 127.4893
153.0534 127.4551
153.0653 127.3986
153.1929 127.4576
153.3962 127.3112
153.1756 127.4590
153.0404 127.4200
153.0656 127.4980
153.0904 127.5117
153.0715 127.5208
152.9485 127.4726
153.1834 127.4357
153.1328 127.5593
153.1078 127.3993
153.0916 127.4934
153.1725 127.5715
153.1631 127.4933
153.2237 127.5106
153.1034 127.5340
153.1164 127.4961
153.2301 127.5038
153.1603 127.5119
153.0574 127.4423
153.1215 127.4869
153.1491 127.4866
153.0988 127.4243
153.0343 127.4755
153.1218 127.4618
153.1439 127.4715
153.1078 127.4493
153.1169 127.4516
153.1315 127.4454
153.0913 127.4693
153.0468 127.4758
152.8009 127.6859
152.9235 127.6955
152.8869 127.6763
152.9135 127.6669
152.8642 127.7093
152.8675 127.6961
152.9188 127.7581
152.9174 127.6867
152.8310 127.7393
152.8741 127.7530
152.9070 127.6647
152.9355 127.6582
152.8921 127.6797
152.8342 127.7433
152.8696 127.6868
152.9552 127.7069
152.9091 127.7146
152.8910 127.7427
152.9565 127.7220
152.8434 127.7363
152.8994 127.6490
153.4226 127.5577
153.2129 127.8658
153.2704 127.7254
153.2015 127.5901
153.3098 127.7891
153.2621 127.7556
153.4104 127.7441
153.2536 127.7669
153.2392 127.6953
153.4118 127.8007
153.2809 127.7159
153.2453 127.5770
153.3995 127.8278
153.1501 127.7736
153.4190 127.7125
153.3150 127.9163
153.3639 127.7589
153.4577 127.7823
153.2065 127.8348
153.2844 127.8929
153.3249 127.8929
153.3905 127.7821
153.2004 127.8807
153.2875 127.8515
153.0846 127.9302
153.2306 127.6993
153.3690 127.9349
153.3249 127.8617
153.2611 127.6608
153.4673 127.8230
153.2372 127.8064
153.3128 128.0412
153.3020 127.7260
153.3137 127.8920
153.1664 127.7212
153.3539 127.7460
153.2248 127.8302
153.2310 127.7097
153.2830 128.0772
153.3275 127.6929
153.3365 127.7111
153.2736 127.9041
153.2903 127.6430
153.0901 127.7281
153.2148 127.7456
153.2218 127.6272
153.3108 127.5813
153.2133 127.8076
153.2004 127.6605
153.4418 127.7231
153.3340 127.7968
153.3513 127.7301
153.0148 127.6391
153.4035 127.3078
153.0844 127.6439
153.3303 127.8206
153.3963 127.7712
153.1280 127.6730
153.1796 127.6936
153.3655 127.8344
153.3270 127.8510
153.1539 127.7860
153.3129 127.7419
153.2470 127.7155
153.1235 127.5540
153.4090 127.7879
153.2708 127.8493
153.0756 127.7809
153.3343 127.7499
153.2182 127.6825
153.3616 127.9841
153.3540 127.8154
153.0782 127.8768
153.1985 127.7947
153.1038 127.9088
153.1359 127.7013
153.0382 127.8377
153.2098 127.9247
153.3757 127.7601
153.1933 127.8325
153.3867 127.8840
153.3609 127.8592
153.1271 127.5519
153.3619 127.8551
153.3099 127.9007
153.3976 127.8226
153.1300 127.7998
153.2012 127.8499
153.3551 127.7698
153.3430 127.7664
153.1873 127.9724
153.1991 127.7064
153.2566 127.7815
153.2430 127.8186
153.5066 127.7990
