111.6907 158.2867
111.6276 157.9352
111.8583 158.0925
111.7329 158.1629
112.0876 157.9312
111.7327 157.9574
111.7550 157.8989
112.0795 158.4145
112.2186 158.4456
112.0729 158.2992
112.0787 158.4454
112.0902 158.2208
112.0568 158.5508
112.0427 158.3932
111.9975 158.1681
112.0375 158.3715
111.7104 158.2988
111.9512 158.3138
111.8192 158.3481
112.2267 158.4860
112.1239 158.1447
112.1398 158.3025
112.0391 158.3108
111.6899 158.0565
112.1290 158.2944
112.0383 158.3545
112.0906 158.4122
111.9991 158.2877
111.9106 158.5194
112.1452 158.2787
111.9900 158.0157
111.9060 158.0958
111.9702 157.9350
112.2518 158.1943
112.1076 158.4944
112.0445 158.3280
112.2052 158.2971
112.0320 158.4572
112.1453 158.4028
112.0379 158.3575
112.0629 158.3036
111.9548 158.4708
112.2118 158.2299
112.0373 158.3659
112.1662 158.4141
111.9336 158.2413
112.3279 158.3363
112.0368 158.2352
111.9501 158.0583
112.0722 158.2092
111.9947 158.2545
112.2408 158.4243
112.2363 158.3735
112.0129 158.3424
112.2805 158.2321
112.0368 158.2134
112.1015 158.1253
111.6712 158.2317
112.0935 158.4351
111.7738 158.2175
111.9184 158.3687
112.0466 158.3678
112.0958 158.3463
112.0326 158.3268
111.9741 158.4160
111.9762 158.4247
112.0528 158.3444
111.9906 158.2200
111.9840 158.3680
112.0770 158.3845
111.9994 158.3102
111.9700 158.3436
111.9588 158.3100
111.9882 158.3011
111.9792 158.3242
112.0013 158.3113
112.1277 158.3379
111.9812 158.2644
111.6673 158.3105
112.1659 158.2155
111.9848 158.3550
112.0596 158.0169
112.2916 158.1180
112.0301 158.4453
112.0107 158.3808
112.1269 158.4345
112.1874 158.3289
111.9408 158.3237
112.0772 158.2688
112.1340 158.1192
111.7633 158.2389
112.0870 158.1296
112.1709 158.3014
112.1974 158.1664
112.1232 158.0721
112.2509 158.1959
112.0088 158.3436
112.1154 158.1680
111.9617 158.1833
112.1651 158.2762
112.0944 158.2340
112.0052 158.1890
111.9779 158.2006
111.9005 158.2034
112.2896 158.1980
112.0604 158.2221
112.1990 158.3308
111.9368 158.3172
111.9753 158.0950
112.1021 158.3462
111.9281 158.5637
112.2287 158.2502
112.0342 158.4238
112.1764 158.4366
112.1899 158.0749
111.9941 158.3304
112.1030 158.3126
111.8528 158.1870
112.2920 158.1127
111.9479 158.1776
112.1012 158.0815
111.9513 158.6497
112.0061 158.5803
111.9857 158.6624
111.8544 158.3421
111.5356 158.5342
111.6404 158.4686
111.7610 158.0919
111.5596 158.1713
111.5584 158.1771
111.8024 158.3462
111.9064 158.3644
111.7980 158.2331
111.7434 158.1878
111.8645 158.0404
111.8160 158.4692
111.8940 158.4265
111.7297 158.2699
111.6077 158.2481
111.4446 158.2891
111.6132 158.3818
111.6585 158.1688
111.8060 158.4439
111.4598 158.2788
111.6548 158.2290
111.8348 158.4412
111.7200 158.2622
111.6059 158.2798
111.8342 158.5812
111.7953 158.4408
111.9173 158.1400
111.7076 158.3943
111.6297 158.3964
111.7017 158.2898
111.5374 158.3937
111.7256 158.3278
111.6058 158.4075
111.5990 158.3943
111.8704 158.1679
111.9984 158.2126
111.4694 158.1942
111.4193 158.4066
111.6428 158.1572
111.4962 158.1536
111.6586 158.0201
111.6357 158.2794
111.7195 158.2677
111.7379 158.4707
111.6420 158.3499
111.8028 158.4207
112.2714 158.1288
111.5364 158.3035
111.7438 158.5704
111.7014 158.2354
111.6068 158.3966
111.4685 158.2604
112.0085 158.3258
111.6254 158.5943
111.7575 158.3622
111.6956 158.4391
111.4536 158.3698
111.6162 158.1337
111.6662 158.0627
112.1489 158.2377
111.7958 157.9423
111.8577 158.1949
111.8064 158.0426
111.7768 158.2419
112.0092 158.0161
112.0511 157.8366
111.8273 158.1651
111.9355 157.9546
111.7811 157.9006
111.9944 157.9444
111.8921 158.1649
111.8991 157.9459
111.8882 157.9724
112.1487 158.1509
111.8853 157.8679
111.5480 158.0977
111.9717 157.8372
111.8182 157.7885
111.7771 158.1262
111.8087 157.9732
112.0886 157.9742
111.8318 157.9312
111.9523 158.2511
111.9276 157.9517
111.7475 157.9108
111.7503 158.0635
112.0339 158.2235
111.7189 157.8245
111.8152 157.9994
111.7658 157.9343
111.8929 158.1694
112.1077 157.9904
111.9634 158.2079
111.7416 158.0099
111.8796 157.8845
111.8026 157.8331
111.7631 157.8413
111.6345 158.1340
111.7144 157.9525
111.6339 158.1721
111.6087 157.9057
111.8611 157.9173
111.6484 158.1278
112.0772 158.2288
112.0008 158.0993
112.1432 158.0892
111.7406 157.8939
111.7409 158.0219
112.0274 158.1837
111.8535 157.8988
111.7812 158.0333
111.6720 158.2828
111.9260 158.0720
111.9880 158.1564
111.7924 158.1046
111.7966 158.3476
112.0394 158.0943
111.7555 157.9340
112.0676 157.9768
111.7699 158.0570
111.6858 157.7835
111.5780 157.9095
111.8515 157.8207
111.5993 158.0419
111.5127 158.0443
111.6191 157.9941
111.9861 157.9497
112.0861 158.1292
111.8948 158.0090
111.7429 158.0694
111.8876 158.0770
111.6248 158.0936
111.7808 158.1885
111.9045 157.9898
111.9824 157.9253
111.7140 157.9935
112.0794 157.8261
111.9343 157.9689
112.0217 158.1065
111.8966 158.0168
111.7698 157.8072
112.0937 158.0429
111.7197 158.0342
111.7449 158.1164
111.8457 157.9570
111.9835 158.1565
111.7008 157.8849
111.8427 158.0813
111.8214 157.9760
111.9312 158.1015
111.6906 157.9902
111.9803 157.9713
111.7896 158.0428
111.9063 157.9942
111.9785 158.0107
112.1065 158.0803
112.1070 157.9613
111.8267 158.0668
111.9476 158.0707
111.9895 157.9541
111.8281 158.0004
111.8432 158.0537
111.8906 158.0253
112.0322 158.6521
111.6740 158.3736
111.6542 158.3085
111.7310 158.2811
111.6996 158.2137
111.7301 158.3813
111.8853 158.3274
111.7729 158.2680
111.7770 158.3002
111.6526 158.2278
111.7169 158.2656
111.7093 158.4046
111.6750 158.3082
111.7834 158.2398
111.8087 158.3246
111.7640 158.3125
111.7854 158.3429
111.7262 158.3784
111.6932 158.3092
111.7291 158.2143
111.7424 158.3029
111.7692 158.2982
111.6801 158.3098
111.7346 158.2412
111.8162 158.2629
111.8926 158.3076
111.5741 158.2953
111.9025 158.5242
111.6171 158.5090
111.8230 158.3070
111.5609 158.0099
111.9846 158.3141
111.8028 158.4051
111.4996 158.3026
111.8142 158.3439
111.6678 158.1743
111.7942 158.5552
111.9041 158.3093
111.7602 157.9262
112.0029 158.3549
111.6338 158.1857
111.5851 158.2821
112.0775 158.4069
111.9915 158.3138
112.1578 158.1848
112.0142 158.2896
112.1668 158.1772
112.0370 158.3010
112.1191 158.3059
112.0978 158.3625
112.0389 158.1954
112.0436 158.2776
111.9998 158.3459
111.9680 158.1296
112.0139 158.3181
112.3104 158.1243
111.8944 158.2813
112.2329 158.2755
112.0448 158.1526
111.9367 158.2393
112.0867 158.2687
112.0311 158.3240
111.8650 158.1424
112.0419 158.2349
112.1030 158.2865
112.0758 158.2076
112.2891 158.3485
111.8030 158.1881
112.0436 158.2491
112.0517 158.2716
112.0349 158.2328
112.2026 158.3128
112.1306 158.1994
111.9441 158.1854
112.1386 158.1931
111.9813 158.3838
112.3062 158.2189
112.2302 158.2304
112.0129 158.3042
112.0688 158.3030
112.1250 158.1877
112.2060 158.3238
112.0832 158.3251
112.0051 158.3387
111.9651 158.2986
112.1178 158.2235
112.1202 158.2018
112.0935 158.2181
112.0816 158.3454
111.3568 158.2401
112.0914 158.3094
111.8280 158.3828
111.8278 158.4739
111.6316 158.3178
111.6713 158.3134
111.6991 158.1365
111.5990 158.4118
111.8974 158.2361
111.9256 158.3346
112.0313 158.3978
112.0084 158.4231
112.2221 158.2581
111.8357 158.3615
112.0044 158.3020
111.9972 158.0902
112.1358 158.2906
112.2566 158.5180
112.1088 158.2794
111.7561 158.2275
111.8132 158.1866
111.8946 158.2699
111.6591 158.2247
111.7622 158.2675
111.9138 158.3496
111.7223 158.2864
111.7431 158.2842
111.7705 158.3182
111.7641 158.3502
111.7734 158.3294
111.6421 158.2369
111.7970 158.3238
111.6382 158.3145
111.6932 158.2710
111.7039 158.3608
111.9174 158.1389
112.1136 158.0659
111.9056 157.9727
112.0704 157.9304
112.1316 157.8941
111.9628 157.9294
111.7117 157.9458
111.9273 158.0482
111.9207 157.9565
111.8695 158.3843
111.7604 158.2311
111.7841 158.3709
111.8673 158.0553
111.7402 158.2577
111.7882 158.3606
111.6070 158.2921
111.8750 158.2197
111.8012 158.2386
111.5302 158.3005
111.8434 158.2307
111.8521 158.3497
111.9986 158.2732
111.9474 158.3349
111.7397 158.1595
111.8496 158.2836
111.8592 158.2902
111.7492 158.3250
111.6204 158.2218
111.8642 158.1714
111.7372 158.3302
111.6615 158.2480
111.7625 158.2603
111.6943 158.2410
111.9418 158.2551
111.6889 158.2208
111.8316 158.2593
111.8407 158.3651
111.7916 158.2363
111.7227 158.3807
111.6822 158.3099
111.8162 158.2799
111.8550 158.3765
111.6826 158.3268
111.8213 158.3079
111.7742 158.4319
111.3756 158.3595
111.9158 158.3465
111.9545 158.0100
111.9072 158.0347
111.9460 158.0153
111.7722 158.1374
111.7554 158.2692
111.7697 158.2859
111.6699 158.2908
111.8422 158.3743
111.6808 158.3361
111.7806 158.3597
111.7471 158.2559
111.8248 158.2565
111.8310 158.2816
111.8176 158.3266
111.7685 158.2383
111.7760 158.4064
111.7772 158.3294
111.7912 158.3121
111.7638 158.2923
111.7634 158.3804
111.7773 158.1728
111.8539 158.3232
111.7080 158.2966
111.6315 158.3352
111.8209 158.2958
111.8445 158.4633
111.6823 158.2027
111.8705 158.4217
111.7900 158.5458
111.7027 158.2871
111.6992 158.3360
111.5994 158.2121
111.7799 158.2139
111.8077 158.3205
111.7799 158.4660
111.6971 158.1999
111.6645 158.2625
111.9611 158.1819
111.7457 158.3222
111.6350 158.4389
111.7986 158.2413
111.8557 158.4411
111.6471 158.2966
111.8392 158.3415
111.7018 158.2702
111.7592 158.6510
111.4693 158.4727
112.1313 158.0254
111.8673 158.2326
112.0225 158.3410
112.0063 158.3111
111.9900 158.2292
112.0941 158.3821
111.8307 158.3638
111.9502 158.2796
112.2506 158.1803
112.0819 158.2607
112.1211 158.4609
112.1160 158.2667
112.0189 158.2348
112.0867 158.2243
112.1645 158.2620
112.2009 158.1171
112.1043 158.4046
112.0198 158.3299
112.2235 158.1860
112.1341 158.2020
112.0408 158.2449
112.1410 158.3587
112.1098 158.3037
112.0886 158.2859
112.1938 158.3671
112.1572 158.3896
112.1986 158.2220
112.2771 158.3650
112.0255 158.2738
112.1369 158.3450
112.2975 158.3768
112.0538 158.2238
112.1892 158.3409
112.0962 158.4662
112.0933 158.4107
112.0484 158.3391
111.7966 158.1935
111.6538 158.0703
111.8712 158.0171
111.9764 157.9669
111.9877 158.0258
111.9675 158.0598
111.9298 158.0434
111.9049 158.0560
111.9178 158.0158
111.9467 158.0739
111.8912 158.0063
111.8788 157.9957
111.9564 158.0544
111.9170 158.0181
112.0369 158.2129
112.0186 158.3089
112.0957 158.3214
112.0706 158.2915
112.1357 158.2101
112.2163 158.2605
112.1181 158.2346
112.1608 158.2914
112.1120 158.2631
112.0793 158.3657
112.0504 158.2815
112.0961 158.3013
112.1271 158.3020
112.1440 158.3128
112.1177 158.2586
112.1319 158.3683
112.2823 158.3443
112.1591 158.3130
112.2103 158.2702
112.0755 158.3080
112.1517 158.2344
112.1234 158.3283
112.1514 158.3048
112.1143 158.3437
112.0668 158.2635
112.1096 158.3308
112.1402 158.3208
112.1149 158.3071
112.1194 158.3040
112.1246 158.3083
112.1700 158.3303
112.0875 158.2503
112.1367 158.3423
111.6235 158.1122
111.9395 158.3120
112.0798 158.2452
112.1167 157.9839
111.9637 158.0875
111.9071 158.0717
111.9883 158.0061
112.1780 158.1804
111.9833 158.3313
112.0927 158.0656
111.9094 158.1866
112.0797 157.9474
111.9158 158.3623
111.7927 158.0048
111.9607 158.3448
112.0505 157.9284
112.2146 158.1977
111.9314 158.0629
111.8753 157.7779
111.9271 158.0551
112.0675 158.2165
112.1464 157.9374
112.2175 158.2136
112.0460 158.1121
112.1043 158.3614
112.1773 158.0667
111.9380 158.0310
111.8766 158.2517
111.9285 158.3568
111.8727 158.2164
112.0142 158.0816
112.2567 158.1578
111.9869 158.0261
111.9550 158.2092
111.9971 158.1626
112.1818 158.3206
111.8350 158.0633
112.0644 157.8283
111.7240 158.1184
111.8064 158.1378
111.9417 158.1720
111.9402 158.0638
112.1304 157.8805
111.8000 158.2319
111.9077 158.2572
111.9842 158.1837
111.8460 158.0276
111.9866 158.1635
111.8228 158.2268
112.0965 158.1368
111.8694 158.2865
112.0116 158.5098
111.9027 158.1932
112.0704 158.1758
111.9691 158.2619
