108.2826 103.3303
108.4403 103.0562
108.2324 103.3656
108.3192 103.2740
108.2128 103.2715
108.6541 103.5627
108.5599 103.3424
108.5396 103.4602
108.5568 103.4037
108.4485 103.4765
108.5226 103.4433
108.4757 103.4168
108.4524 103.2877
108.3135 103.4282
108.7782 103.4726
108.5855 103.2997
108.4892 103.4720
108.6262 103.3780
108.4367 103.4966
108.5689 103.5171
108.5314 103.3637
108.5018 103.4331
108.3845 103.6498
108.6062 103.3614
108.4725 103.4841
108.6342 103.5082
108.5060 103.3585
108.4708 103.4678
108.5328 103.3463
108.6849 103.5043
108.4151 103.4595
108.5574 103.4202
108.3780 103.4228
108.4032 103.4933
108.4441 103.3662
108.6108 103.4852
108.4829 103.2648
108.4556 103.4593
108.3662 103.4572
108.5772 103.3515
108.7459 103.3075
108.5414 103.5133
108.4349 103.4497
108.3928 103.4598
108.7098 103.3900
108.4366 103.5293
108.6155 103.3751
108.5769 103.6257
108.4619 103.5489
108.5523 103.4345
108.4156 103.5975
108.4081 103.4232
108.3840 103.5543
108.6734 103.5265
108.4277 103.4517
108.6157 103.5007
108.3430 103.4646
108.5201 103.4402
108.6142 103.5995
108.6546 103.3201
108.4299 103.4941
108.4576 103.4286
108.4214 103.6231
108.7080 103.4108
108.5264 103.4104
108.8005 103.5255
108.4523 103.5021
108.4902 103.4866
108.1917 103.4759
108.5289 103.1486
108.3888 103.1382
108.4221 103.2339
108.3806 103.1676
108.3417 103.1987
108.4684 103.1563
108.2678 103.1308
108.0770 103.4177
108.3526 103.1750
108.4273 103.0645
108.5430 103.0272
108.2968 102.8801
108.4451 103.3092
108.2983 103.4930
108.1529 103.1486
108.2924 103.3862
108.4604 103.2503
108.2859 103.2626
108.4050 103.1547
108.3722 103.2490
108.1798 103.1332
108.4440 103.3649
108.5042 103.1861
108.2757 103.2199
108.2108 103.0482
108.2749 103.0021
108.2763 103.2285
108.2241 103.0622
108.3499 103.2550
108.2926 103.3663
108.2086 103.2912
108.4387 103.0254
108.1544 103.1468
108.2075 103.1745
108.3962 103.1473
108.4043 103.2152
108.2339 103.2289
108.3641 103.1577
108.3980 103.3510
108.2871 103.1114
108.1793 103.0990
108.1813 103.0321
108.3868 103.1350
108.2974 103.0553
108.4051 103.1048
108.3149 103.1495
108.2655 103.1404
108.2947 103.2970
108.3889 103.2171
108.3854 103.1725
108.3874 103.2007
108.3233 103.2399
108.3280 103.1921
108.3828 103.2185
108.3869 103.1599
108.2759 103.1677
108.7831 102.9939
108.3167 103.1225
108.1079 103.2497
108.2873 103.1488
108.4526 103.1871
108.3127 103.1679
108.2818 103.2555
108.3513 103.2598
108.3716 103.1869
108.3319 103.1106
108.3356 103.2766
108.3961 103.2182
108.3993 103.2016
108.4388 103.2639
108.2538 103.1485
108.1958 103.2730
108.3915 103.1962
108.5026 103.1166
108.3161 103.1113
108.2800 103.1362
108.3288 103.1265
108.4187 103.1138
108.2558 103.1771
108.1728 103.0746
108.1448 103.2495
108.4310 103.1939
108.3882 103.0800
108.3969 103.0722
108.3543 103.2929
108.3586 103.2158
108.4200 103.2078
108.2141 103.1204
108.3629 103.0782
108.3628 103.1942
108.3532 103.1174
108.2904 103.2424
108.2108 103.1718
108.2395 103.2409
108.2073 103.2261
108.1631 103.1698
108.2892 103.0675
108.4021 103.2238
108.2511 103.1894
108.2889 103.1112
108.3127 103.2118
108.3016 103.2693
108.1550 103.1603
108.2790 103.1056
108.3641 103.1387
108.3927 103.1348
108.1203 103.1508
108.2800 103.2761
108.2199 103.1916
108.2240 103.1768
108.5140 103.2790
108.3183 103.0816
108.2464 103.3112
108.2554 103.1621
108.3799 103.0959
108.7310 103.3187
108.4709 103.2067
108.5278 103.4115
108.1335 103.1279
108.4163 103.1155
108.4211 103.2476
108.2874 103.1200
108.4436 102.8894
108.2485 103.1754
108.1229 103.3124
108.4165 103.4609
108.2823 103.5862
108.2056 103.1216
108.2595 103.0053
108.5552 103.0880
108.5577 103.2134
108.4434 103.0923
108.1270 103.2085
108.2023 103.1094
108.3074 103.0932
108.2164 103.0803
108.3022 103.0186
108.3504 103.1748
108.2735 103.1822
108.4025 103.4530
108.2732 103.3340
108.1483 103.2849
108.4368 103.2147
108.6946 103.5132
108.3682 103.1220
108.3733 103.2586
108.3502 103.4434
108.5327 103.4890
108.3525 103.4261
108.3530 103.5060
108.4268 103.4322
108.2593 103.4913
108.8316 102.9876
108.7228 103.2890
108.6695 103.1647
108.6764 103.0824
108.6504 103.3382
108.5354 103.5004
108.5444 103.4552
108.5342 103.4467
108.7221 103.1036
108.7267 103.1355
108.6910 103.1231
108.7127 103.1775
108.7668 103.1635
108.6329 103.2012
108.6518 103.1408
108.6910 103.0882
108.6873 103.0910
108.7204 103.2366
108.7574 103.1357
108.7525 103.1475
108.7454 103.1688
108.6884 103.1150
108.7501 103.1390
108.7029 103.1772
108.6792 103.2795
108.3444 103.1924
108.4279 103.0661
108.3255 103.2360
108.3990 103.1851
108.3132 103.1088
108.3927 103.3303
108.4797 103.1966
108.3255 103.1415
108.3800 103.1635
108.3988 103.2040
108.3411 103.1667
108.3132 103.1808
108.3767 103.2142
108.4660 103.2795
108.3851 103.0414
108.3056 103.2799
108.3729 103.3340
108.4153 103.0475
108.4265 103.3476
108.2788 103.2346
108.4151 103.1294
108.3928 103.2494
108.2618 103.2121
108.4198 103.3605
108.3661 103.1858
108.2955 103.2174
108.4416 103.2895
108.3889 103.2555
108.4651 103.1948
108.3726 103.0592
108.3007 103.1654
108.3109 103.1510
108.4013 103.2029
108.4462 103.1392
108.3507 103.2020
108.3503 103.1878
108.3707 103.1652
108.3333 103.1323
108.4685 103.2231
108.4056 103.3404
108.3972 103.1990
108.3987 103.3056
108.3533 103.1769
108.4940 103.0969
108.4639 103.1726
108.3246 103.1108
108.3381 103.1430
108.2762 103.1448
108.3209 103.1078
108.4260 103.1816
108.3222 103.1308
108.3235 103.2092
108.4855 103.1547
108.3403 103.1164
108.4168 103.0758
108.2281 103.1273
108.4887 103.2111
108.2361 103.2795
108.2822 103.2403
108.2074 103.2092
108.4430 103.1059
108.4296 103.1958
108.3324 103.1753
108.3534 103.1541
108.3333 103.2328
108.3765 103.1372
108.4098 103.2016
108.3523 103.1994
108.3726 103.2097
108.3081 103.1660
108.3039 103.2030
108.3717 103.1958
108.3209 103.2125
108.3726 103.1808
108.3819 103.1970
108.3787 103.1570
108.3280 103.1520
108.3193 103.2179
108.3237 103.1977
108.3813 103.1922
108.3114 103.2415
108.3219 103.2292
108.3621 103.2016
108.3613 103.2478
108.3622 103.1917
108.3777 103.2022
108.3934 103.1916
108.2958 103.1435
108.3522 103.1826
108.3478 103.1671
108.3382 103.1845
108.3197 103.1955
108.3872 103.2281
108.3947 103.1361
108.3862 103.2329
108.3858 103.2539
108.3719 103.2603
108.3732 103.1826
108.3383 103.2959
108.3780 103.1734
108.3478 103.1999
108.3267 103.1572
108.3384 103.1964
108.4388 103.2339
108.3693 103.2480
108.4264 103.2394
108.3470 103.1294
108.4142 103.2130
108.3959 103.1887
108.3924 103.2199
108.3684 103.1738
108.3226 103.1712
108.3409 103.1921
108.3642 103.2244
108.2812 103.0823
108.3263 103.2046
108.4709 103.1588
108.3634 103.2177
108.3489 103.1384
108.3245 103.2288
108.3842 103.2008
108.3789 103.2207
108.4025 103.1551
108.4225 103.1620
108.3251 103.1422
108.4094 103.1763
108.3833 103.2130
108.3878 103.1807
108.3907 103.2080
108.4119 103.2469
108.2912 103.1929
108.3386 103.1766
108.3265 103.1971
108.3698 103.2674
108.3878 103.2029
108.3522 103.1936
108.3371 103.2267
108.4048 103.1783
108.3806 103.1824
108.3884 103.1214
108.2951 103.2137
108.4193 103.1309
108.3578 103.1659
108.4591 103.2059
108.4244 103.1750
108.4062 103.1671
108.3750 103.1958
108.3665 103.1548
108.3838 103.1528
108.2382 103.0893
108.4458 103.1538
108.3760 103.1975
108.3364 103.0949
108.3735 103.1899
108.3506 103.2188
108.3724 103.1680
108.4153 103.1072
108.3927 103.1673
108.4340 103.1562
108.4010 103.1802
108.3495 103.1234
108.4075 103.1707
108.3152 103.1682
108.4617 103.1462
108.4084 103.1618
108.3827 103.2572
108.3656 103.1808
108.4066 103.1529
108.3351 103.2411
108.4030 103.2038
108.3248 103.1473
108.3473 103.1452
108.3441 103.1599
108.4127 103.1773
108.3680 103.2124
108.3667 103.1204
108.3718 103.1950
108.3344 103.1706
108.3918 103.1615
108.3677 103.1504
108.4313 103.2066
108.3234 103.1633
108.4377 103.1411
108.3626 103.2479
108.3475 103.1590
108.3078 103.2363
108.3526 103.2283
108.3179 103.1525
108.4478 103.2816
108.4341 103.1533
108.4100 103.1760
108.3679 103.2766
108.3478 103.2305
108.3464 103.2272
108.3897 103.2008
108.4137 103.2467
108.3841 103.1894
108.3275 103.1945
108.3905 103.2130
108.3884 103.2202
108.3648 103.2674
108.3391 103.2143
108.4128 103.2477
108.3896 103.2261
108.3875 103.1603
108.4109 103.2315
108.3817 103.2174
108.3871 103.2087
108.3904 103.2569
108.3680 103.2281
108.4227 103.2227
108.4100 103.2085
108.3161 103.1732
108.4081 103.2183
108.3322 103.1779
108.3605 103.2476
108.3384 103.2304
108.3271 103.2234
108.3352 103.2229
108.3732 103.2296
108.3794 103.2499
108.3636 103.2155
108.4357 103.1927
108.3292 103.3095
108.3287 103.2167
108.4008 103.2490
108.4254 103.2572
108.3180 103.2118
108.3590 103.2427
108.3920 103.3012
108.3671 103.2140
108.3329 103.2589
108.4122 103.2172
108.3773 103.3167
108.3529 103.2074
108.3847 103.1869
108.3581 103.2426
108.7995 103.3015
108.3463 103.2226
108.3651 103.2283
108.3455 103.2020
108.3689 103.2490
108.3968 103.2139
108.3606 103.2968
108.3822 103.2322
108.3058 103.2353
108.3582 103.2020
108.3557 103.2252
108.3574 103.2461
108.3955 103.2098
108.3287 103.2491
108.3172 103.2100
108.3860 103.2217
108.3829 103.1962
108.3429 103.1950
108.3658 103.2214
108.3618 103.1815
108.3617 103.2834
108.3584 103.2471
108.3480 103.1686
108.3354 103.2132
108.3563 103.2002
108.4177 103.2547
108.3876 103.2645
108.3826 103.2104
108.4433 103.2474
108.3938 103.2368
108.3339 103.2061
108.3506 103.1816
108.3941 103.2224
108.3768 103.2076
108.3603 103.1733
108.3581 103.2510
108.3632 103.2243
108.4389 103.2239
108.3469 103.2632
108.3696 103.2269
108.3756 103.2415
108.3479 103.2544
108.3856 103.2067
108.3719 103.2326
108.4176 103.2398
108.3686 103.2333
108.3908 103.2209
108.3636 103.2204
108.3569 103.2455
108.3548 103.2158
108.3701 103.2674
108.3499 103.2488
108.4033 103.2125
108.3739 103.1906
108.3868 103.2765
108.3815 103.2752
108.3356 103.2399
108.3299 103.3012
108.3988 103.1633
108.3683 103.2707
108.3868 103.2583
108.4245 103.2157
108.3575 103.2962
108.3576 103.1838
108.3546 103.2214
108.3972 103.2212
108.3681 103.2272
108.3058 103.1945
108.3897 103.2633
108.3247 103.2360
108.3581 103.1936
108.3648 103.1886
108.2635 103.2917
108.3947 103.2183
108.3947 103.2576
108.1869 103.1803
108.3450 103.2131
108.3983 103.2261
108.3950 103.2145
108.4068 103.2722
108.4054 103.1998
108.3528 103.2332
108.4217 103.2312
108.3930 103.2544
108.3998 103.1908
108.3411 103.2762
108.3459 103.2394
108.3646 103.2412
108.3588 103.2549
108.4317 103.1929
108.3496 103.2240
108.3937 103.2020
108.4249 103.1968
108.3803 103.2058
108.3888 103.2250
108.3805 103.2310
108.3939 103.2450
108.4328 103.2673
108.4632 103.2689
108.3569 103.2387
108.4293 103.2093
108.3667 103.2449
108.3691 103.2788
108.3550 103.1952
108.2811 103.1740
108.3150 103.1833
108.3475 103.2185
108.3529 103.2755
108.3927 103.2000
108.3771 103.1902
108.3845 103.2296
108.3514 103.2101
108.2790 103.2835
108.3734 103.2061
108.3397 103.2342
108.3339 103.2678
108.3562 103.2303
108.3078 103.2131
108.3552 103.2685
108.3235 103.3451
108.3125 103.2484
108.3535 103.2215
108.2729 103.3106
108.2694 103.2957
108.3147 103.2728
108.3163 103.2881
108.2673 103.3105
108.2677 103.2239
108.2896 103.2238
108.2486 103.2600
108.2803 103.3035
108.3625 103.2865
108.3508 103.2518
108.3601 103.1840
108.3467 103.1934
108.7924 103.3186
108.5608 103.4150
108.5953 103.5781
108.5338 103.3725
108.7395 103.1010
108.6155 103.1256
108.7775 103.0778
108.6505 102.9816
108.7501 103.0796
108.6706 103.1060
108.8019 103.0665
108.8377 103.1834
108.6918 103.1861
108.7090 103.2372
108.7555 103.0613
108.8212 103.0831
108.6717 103.1392
108.6803 103.0619
108.7876 103.2204
108.7883 103.0453
108.6487 103.0958
108.8110 103.2496
108.6682 103.2781
108.7121 103.0303
108.8096 103.1787
108.7904 103.0418
108.9127 103.1331
108.8534 103.3708
108.7331 103.1085
108.8208 103.2572
108.6801 103.1311
108.7329 103.1330
108.8753 103.1344
108.7156 102.9459
108.8259 103.2014
108.8570 103.2342
108.7781 103.0517
108.6568 103.2352
108.7157 103.2358
108.7613 103.0629
108.6985 103.2033
108.7798 103.1180
108.7323 103.0583
108.8448 103.0528
108.6763 103.2440
108.6647 103.1670
108.8718 103.0812
108.8754 103.3328
108.7716 103.2437
108.7348 103.1167
108.8683 103.2213
108.8588 103.1372
108.7838 103.1499
108.8193 103.1356
108.6830 103.0811
108.6915 103.2381
108.6331 103.1007
108.7298 103.2373
108.8465 103.1096
108.7247 103.2698
108.7125 103.0711
108.6983 103.2042
108.7983 103.2203
108.7326 103.1142
108.7716 103.2399
108.9087 103.1424
108.5539 103.0826
108.8231 103.2428
108.7074 103.0926
108.7092 103.1048
108.7388 103.0606
108.7106 103.0983
108.7377 103.3280
108.6533 103.2587
108.8155 103.1091
108.6390 103.1889
108.6994 103.2002
108.7364 103.1985
108.7229 103.1829
109.0133 103.2870
108.7904 103.1775
