130.6061 114.5221
130.6597 114.4347
130.7435 114.6315
130.8202 114.7890
130.8918 114.6031
130.7579 114.4916
130.7845 114.3834
130.7691 114.5862
130.9229 114.4400
130.6941 114.3990
130.6219 114.6387
130.7333 114.3462
130.8409 114.4066
130.6973 114.4640
130.5885 114.3745
130.7278 114.6264
130.6364 114.5483
130.6300 114.4423
130.5482 114.4769
130.9182 114.5138
130.7692 114.5225
130.8841 114.5024
130.8921 114.4413
130.8846 114.6092
131.0574 114.5229
130.8473 114.6283
130.8653 114.4553
130.9109 114.5588
130.9255 114.5279
130.8983 114.4936
130.9021 114.5432
130.9036 114.6624
130.8489 114.5306
130.8726 114.5131
130.9410 114.5690
130.9375 114.6143
130.9813 114.5648
130.9013 114.6332
130.9444 114.5438
130.8778 114.6054
130.8392 114.6391
130.8686 114.6799
130.9789 114.5036
130.8792 114.5253
130.8579 114.5592
130.9321 114.5229
130.7978 114.5456
130.9345 114.6887
130.9851 114.5451
130.9185 114.5341
130.8941 114.4908
130.8641 114.5084
130.9330 114.6450
130.8823 114.6418
130.8798 114.4829
130.8533 114.5725
130.8718 114.5393
130.8828 114.5606
130.8763 114.5446
130.9305 114.5394
130.9668 114.4586
130.9399 114.5308
130.7615 114.6294
130.8451 114.5633
130.8734 114.4974
130.8817 114.4534
130.8868 114.6217
130.9901 114.6048
130.7640 114.6301
130.8856 114.5894
130.8838 114.5123
130.8891 114.4843
130.8109 114.6464
130.7341 114.5694
130.9535 114.6379
130.8648 114.6210
130.9525 114.6114
130.9367 114.5706
130.8019 114.5587
130.8331 114.5895
130.8076 114.5650
130.7314 114.5070
130.8163 114.5578
130.7968 114.6181
130.7620 114.5649
131.0226 114.4696
131.0280 114.6503
131.1743 114.6034
130.7702 114.5768
130.9558 114.5792
131.0778 114.6826
131.1012 114.5995
130.6776 114.6367
130.7407 114.5162
130.7204 114.5482
130.7543 114.4700
130.7342 114.5536
130.7462 114.5100
130.7138 114.5012
130.6884 114.5237
130.7549 114.4888
130.6997 114.5640
130.6927 114.4901
130.6911 114.5585
130.5332 114.4698
130.7558 114.5311
130.6737 114.4371
130.7106 114.5058
130.7176 114.4296
130.7614 114.4385
130.7640 114.5012
130.7610 114.5078
130.7016 114.4537
130.6753 114.4877
130.7019 114.4452
130.8000 114.6090
130.7702 114.2287
130.8946 114.2914
130.7309 114.4974
130.9290 114.3537
130.7618 114.2379
130.9624 114.0739
131.0100 114.3218
130.6842 114.2523
131.0238 114.2871
130.9306 114.1359
131.0537 114.2326
130.9858 114.3394
131.1372 114.2622
130.9819 114.2636
131.0257 114.2451
130.8893 114.1351
130.8701 114.3093
131.0233 114.2895
130.9111 114.2469
130.9026 114.2644
130.9624 114.3195
131.0429 114.3546
130.8770 114.2981
131.1518 114.1877
130.9883 114.1061
131.0694 114.3762
130.9806 114.1185
131.1032 114.2087
130.9881 114.3976
131.0577 114.1603
130.9557 114.0564
131.1251 114.3381
131.2433 114.2912
131.0190 114.2605
131.0928 114.3117
130.9197 114.1751
130.7577 114.2373
130.7505 114.1991
131.0441 114.0723
130.9720 114.1248
130.9069 114.1638
130.9852 114.3112
130.9742 114.2514
130.9725 114.3604
130.7948 114.1826
130.9836 114.1607
130.9609 114.3608
130.9574 114.2633
130.8774 114.1612
130.9980 114.1037
130.9085 114.2563
131.0118 114.2268
131.0779 114.2498
131.0709 114.2604
130.8875 114.1137
130.9042 114.2213
131.0316 114.1567
131.0038 114.1833
131.1007 114.4159
131.0289 114.2970
130.8297 114.1241
130.8272 114.2628
130.7766 114.2764
130.8741 114.2579
131.1005 114.3221
130.9981 114.3007
130.9663 114.3848
131.1322 114.3006
130.9301 114.3051
131.0881 114.2345
130.9806 114.2446
130.8592 114.1529
130.8183 114.0963
130.8118 114.2958
130.8685 114.1605
130.9534 114.2809
131.0438 114.1821
130.8936 114.2223
130.8814 114.2803
130.8866 114.3141
130.7303 114.3610
130.9118 114.3354
130.6590 114.4935
130.6814 114.6284
130.6124 114.5595
130.7649 114.4779
130.6090 114.5609
130.7697 114.5753
130.7234 114.5469
130.7349 114.5341
130.8561 114.4438
131.2613 114.6713
131.0851 114.6416
131.1649 114.5006
131.2113 114.6194
131.1770 114.7328
131.1488 114.5998
131.1062 114.6484
131.1570 114.6152
131.1754 114.5476
131.1360 114.6617
131.1352 114.6037
131.1260 114.6217
131.1079 114.5895
130.9426 114.5703
131.1557 114.6308
131.2721 114.6182
131.2580 114.6248
131.0630 114.4927
131.1791 114.4411
131.2246 114.4436
131.2599 114.7524
131.3029 114.5081
131.2229 114.6545
131.1807 114.5237
131.1295 114.6078
131.2069 114.6113
131.1206 114.5102
131.3168 114.7746
131.1983 114.5515
131.1104 114.5438
131.0014 114.6070
130.8399 114.6125
130.8301 114.5655
130.8770 114.5744
130.8762 114.4244
130.8152 114.5370
131.1543 114.6484
131.2596 114.6036
131.1622 114.6106
131.1165 114.6363
131.1638 114.5957
130.9825 114.5068
131.1754 114.5159
131.1897 114.6512
131.2521 114.5780
131.1364 114.4895
131.1436 114.5476
131.0108 114.5942
131.1471 114.5447
131.1545 114.5342
131.0995 114.6749
131.1030 114.4766
131.0351 114.6362
131.0940 114.6110
131.2952 114.6566
131.2858 114.4736
131.2191 114.6053
131.2397 114.4958
131.2625 114.5368
131.2236 114.7095
131.2206 114.5817
131.0639 114.4852
131.2384 114.5222
131.3176 114.5996
131.0839 114.5970
131.0825 114.5590
131.2063 114.5371
131.1538 114.4553
131.2323 114.6143
131.0414 114.7285
131.1267 114.5465
131.4021 114.6079
131.2084 114.4796
131.1692 114.5991
131.1444 114.5876
131.2350 114.7407
131.0937 114.6688
131.1117 114.6983
131.2501 114.5468
131.2869 114.6949
131.1875 114.7186
131.2573 114.5783
131.1716 114.5427
131.0861 114.4223
131.2747 114.5985
131.3358 114.6765
131.1165 114.5964
131.2283 114.4429
131.0630 114.4522
131.0707 114.5674
131.3718 114.5523
131.1753 114.5295
131.2186 114.7543
131.0333 114.7469
131.0799 114.5661
131.2669 114.6130
131.1337 114.5130
131.2206 114.6492
131.1398 114.6321
131.1578 114.4203
131.3058 114.5339
131.2318 114.5897
131.0855 114.6255
131.1159 114.6150
131.3688 114.7442
131.1354 114.5351
130.9747 114.6060
131.1854 114.5731
131.2216 114.7367
131.1118 114.5610
131.2155 114.5847
131.0764 114.5538
131.0920 114.5685
131.2034 114.5563
131.1298 114.5298
131.2727 114.5686
131.2039 114.5323
131.0298 114.6660
131.2247 114.5063
131.1203 114.4458
131.1723 114.4864
131.1985 114.5542
131.2534 114.6268
131.1154 114.5251
131.1984 114.6101
131.0622 114.5647
131.1028 114.5695
131.0564 114.6042
131.3265 114.6208
131.0850 114.5864
131.0820 114.5334
131.2568 114.4814
130.9423 114.5603
131.1539 114.4141
131.1290 114.6272
131.2731 114.6437
131.0974 114.4091
131.1656 114.5707
131.2046 114.4964
131.1980 114.4763
131.1549 114.5168
131.1661 114.5181
131.2522 114.5220
131.2504 114.5820
131.1423 114.6730
131.2585 114.6627
131.1371 114.3855
131.1034 114.7248
131.1654 114.6594
131.2337 114.6720
131.3013 114.7230
131.1080 114.6954
131.0788 114.5261
131.1687 114.4811
131.1738 114.7268
131.1050 114.6256
131.1989 114.6170
131.2023 114.5200
131.1122 114.6504
131.2973 114.5729
131.2390 114.5376
131.3641 114.7380
131.1336 114.5825
131.0594 114.6587
131.2589 114.5418
131.3106 114.6154
131.2872 114.5885
130.9508 114.7646
131.1809 114.4369
130.9774 114.5699
131.1899 114.5922
131.3050 114.6356
131.2053 114.5815
131.1213 114.4913
131.2776 114.6980
131.2610 114.7380
131.1854 114.7132
131.2225 114.7062
131.0200 114.4796
131.0458 114.5590
131.0800 114.7466
131.0824 114.6721
131.1457 114.5044
131.3496 114.5082
131.2215 114.6112
131.0924 114.7142
131.0970 114.5891
131.2166 114.7730
131.1800 114.6863
131.1514 114.5557
131.1741 114.6190
131.1800 114.3974
131.2864 114.6256
131.3773 114.5475
131.2455 114.6359
131.2573 114.5043
131.2366 114.6096
131.0733 114.3523
131.2877 114.5993
130.9752 114.7420
131.1151 114.6840
131.1510 114.5505
131.2898 114.6214
131.1340 114.5912
131.2568 114.6457
131.1849 114.5718
131.2076 114.5676
131.2369 114.6388
131.3344 114.6218
131.1794 114.7003
131.0416 114.5695
131.3823 114.5467
131.2290 114.6361
131.1189 114.5923
131.1503 114.7176
131.2179 114.5637
131.1712 114.5607
130.7752 114.3703
130.8812 114.5965
130.7571 114.5762
130.7368 114.5538
130.9965 114.4517
130.8839 114.4587
130.8891 114.6813
130.8912 114.4699
130.6835 114.5695
130.6032 114.4937
130.6861 114.5806
130.9182 114.5567
130.8817 114.6145
130.9575 114.4928
130.7373 114.5080
131.0255 114.5598
130.9117 114.5511
130.7346 114.5304
130.9105 114.6772
131.0003 114.5277
130.8080 114.5339
130.9946 114.4669
130.8835 114.5662
130.6630 114.3870
130.6896 114.5650
130.9186 114.4207
130.9497 114.4681
130.7538 114.5610
130.7721 114.3405
130.8495 114.5609
130.8274 114.4748
130.9268 114.5148
130.8285 114.3262
130.8852 114.5249
130.9558 114.4559
130.8754 114.5190
131.0148 114.4707
130.7983 114.5342
130.8020 114.5443
