83.9155 191.4721
83.8066 191.1124
83.8310 191.0843
83.9173 191.1790
83.7454 191.2183
83.6912 191.2747
83.8202 191.0407
84.0329 191.3410
84.2912 191.1499
84.1411 191.0895
84.3208 191.2549
84.2859 191.1414
84.3990 191.3315
84.2617 191.1733
84.3773 191.0440
84.2303 191.1808
84.4141 191.2418
84.3464 190.9659
84.0978 191.1576
84.1801 191.2394
84.2031 191.2918
83.8870 191.3612
84.2277 191.1730
84.1866 191.2269
84.2833 191.2787
84.1785 191.3913
84.0431 191.0645
83.9096 190.9940
83.8760 191.0469
83.9755 191.0937
83.9968 191.0758
84.0072 191.0279
83.9448 190.9938
84.4873 191.4045
84.4362 191.1942
84.3233 191.3588
84.2874 191.2718
84.2824 191.3319
84.1665 191.2120
84.2536 191.1616
84.1807 191.3267
84.4247 191.0515
84.2806 191.2635
84.2868 191.1982
84.2176 191.2465
84.2449 191.3148
84.1386 191.1960
84.3640 191.4118
84.3114 191.1902
84.2640 191.2919
84.1771 191.3662
84.2513 191.2864
84.2465 191.2705
84.3083 191.4283
84.1774 191.2930
84.1720 191.2614
84.2869 191.2350
84.4363 191.1858
84.1497 191.5482
84.2631 191.1815
84.1947 191.2408
84.3373 191.3095
84.3498 191.0902
84.5101 191.3047
84.4176 191.1841
84.2839 191.2266
84.2785 191.2614
84.3930 191.2523
84.2945 191.2792
84.3287 191.2049
84.2824 191.3416
84.3235 191.3553
84.1557 191.3183
84.0112 191.4320
84.1694 191.2757
84.0196 191.2543
83.9669 191.3785
84.0937 191.6259
83.9193 191.4214
84.1538 191.3325
83.9942 191.5515
84.1166 191.3563
84.0403 191.3736
83.9756 191.3893
84.0114 191.4677
84.0356 191.2709
84.0336 191.3767
83.9796 191.1336
84.0652 190.9053
84.0435 191.1758
83.8965 191.0338
84.1518 191.0713
83.9799 191.0852
84.1521 191.0168
83.9760 191.2126
84.0154 191.0772
84.1527 191.2426
84.0369 191.1043
84.0708 191.1071
84.0353 191.0559
84.0989 191.0891
84.0678 191.0212
84.1035 191.1020
84.1004 191.0674
83.9554 190.9888
84.0019 191.0172
83.8439 190.9385
83.9172 191.0304
83.9910 191.0995
84.1559 190.9576
83.9884 191.0506
84.0374 191.0891
83.8568 190.9857
84.1020 191.1465
84.1404 191.0677
83.9204 191.0584
83.9001 190.9884
84.0921 190.9816
83.9961 191.0792
84.1183 191.0414
84.0361 191.0139
84.0209 190.9270
83.9496 190.9712
84.0415 191.0346
84.0076 191.0224
83.9440 191.0950
83.9086 191.0826
84.1915 191.1763
83.9243 191.0676
84.0260 191.0639
84.0502 190.9958
84.1306 191.1193
83.9849 191.0951
83.9655 191.0917
84.0302 191.0873
84.0306 191.0364
84.0159 190.9612
84.0255 191.0562
83.9755 191.0437
84.0551 191.0206
83.9972 191.0248
84.0668 191.0059
84.3204 191.2539
84.2399 191.2177
84.5043 191.2081
84.4404 191.4072
84.2386 191.2990
84.2304 191.1497
84.2419 191.1292
84.2887 191.3536
84.2565 191.3180
84.2701 191.3133
84.5296 191.1505
84.3951 191.2075
84.5054 191.1830
84.3555 191.3357
84.3687 191.2522
84.3034 191.3710
84.3380 191.2723
84.4308 191.1700
84.3866 191.3180
84.3116 191.2363
84.3848 191.2825
84.4877 191.2626
84.0845 191.4352
84.0333 191.2114
83.9126 191.3765
84.0730 191.3370
83.8648 191.2762
83.9408 191.3743
83.9261 191.2860
84.0675 191.3841
83.9625 191.3731
84.1027 191.3997
84.0776 191.3935
83.8423 191.3839
84.0062 191.3558
83.9928 191.3654
84.0054 191.3838
83.9628 191.3059
83.9576 191.2280
84.0293 191.3205
83.9739 191.3606
84.0036 191.2706
84.0150 191.4321
83.9414 191.3975
84.2029 191.3662
83.9716 191.4490
84.2128 191.2297
83.9563 191.4197
83.9370 191.3500
83.8521 191.4003
84.0156 191.4065
83.9482 191.3919
84.0061 191.3779
84.0620 191.4790
83.9473 191.2883
83.9089 191.4649
84.1607 191.2721
83.8167 191.3916
84.0273 191.2927
84.1640 191.3496
83.9968 191.2809
83.9706 191.3484
84.0236 191.3163
84.0107 191.3677
83.9120 191.4332
84.0090 191.2473
84.0633 191.4006
83.9292 191.2820
84.0373 191.3271
84.1715 191.3290
83.8792 191.3599
84.0585 191.3183
84.1784 191.4738
83.9403 191.3600
84.0516 191.2530
84.0988 191.3135
84.0293 191.4160
84.0143 191.4276
84.0908 191.2889
83.9978 191.4329
84.0467 191.3928
83.9981 191.3412
84.0420 191.3354
84.0733 191.4388
84.0568 191.2847
84.0133 191.2932
84.0904 191.3303
83.9644 191.4077
84.0073 191.2180
84.0791 191.4214
84.0058 191.3284
83.9604 191.3747
83.9827 191.3063
84.0431 191.4027
84.3410 191.2875
84.2377 191.3266
84.3575 191.1679
84.2420 191.2913
84.3996 191.2433
84.2514 191.2602
84.3536 191.4090
84.2915 190.9290
84.2774 190.9746
84.3429 191.3561
84.2370 191.1976
84.2519 191.2035
84.4060 191.2635
84.3987 191.2844
84.3272 191.2915
84.3078 191.2301
84.3870 191.3141
84.2432 191.3048
84.3740 191.1768
84.2663 191.2935
84.3977 191.1007
84.3639 191.2507
84.4339 191.2164
84.4772 190.9464
84.3378 191.1924
84.2814 191.5652
84.2166 191.2401
84.3710 191.3857
84.3429 191.3192
84.4303 191.2905
84.0453 191.5948
84.0430 191.3778
84.0596 191.3948
84.0291 191.3333
84.1907 191.4346
83.9723 191.4594
84.0394 191.3434
84.1060 191.3308
84.1124 191.4487
84.0386 191.4370
84.0460 191.3798
84.0262 191.4056
84.0312 191.4807
84.1412 191.3642
84.0587 191.3842
83.8586 191.4160
84.0539 191.3668
84.0293 191.3910
84.0680 191.3721
84.0573 191.4019
84.0882 191.3528
84.0119 191.5077
84.0035 191.2718
84.0700 191.3175
84.0520 191.3585
84.1321 191.4915
84.0304 191.3470
83.9622 191.4095
84.0675 191.3308
84.1106 191.4576
84.0863 191.3242
84.0425 191.4182
84.0158 191.4087
84.0928 191.4120
84.0292 191.3934
84.0004 191.3295
83.9878 191.3117
83.9937 191.3757
84.1357 191.4176
84.1264 191.4223
84.0000 191.4699
83.9601 191.4167
84.0232 191.4925
84.0719 191.3269
84.0567 191.4120
84.0448 191.3167
83.9283 191.4520
84.1153 191.3756
83.9994 191.4863
84.0456 191.4111
84.1485 191.4088
84.1205 191.2903
84.1071 191.2986
84.1708 191.3203
83.9897 191.3918
84.0358 191.4033
84.0984 191.3514
83.9865 191.3888
84.0328 190.9037
83.9596 191.4014
84.1647 191.3583
83.7828 191.3957
83.8251 191.5102
84.1075 191.1897
84.0091 191.3770
83.8736 191.5291
84.1647 191.6168
84.1955 191.3568
83.8951 191.3904
84.0779 191.3997
84.0668 191.2051
83.9853 191.4451
