3.9697 31.2897
3.9082 31.3610
4.0097 31.3932
3.8713 31.2835
3.8901 31.2196
4.0433 31.2179
3.8627 31.3354
3.8914 31.3253
3.9998 31.2891
3.8987 31.3131
3.9542 31.4133
3.8142 31.3397
3.9348 31.3649
3.9327 31.3398
3.9066 31.3526
3.8652 31.3634
3.8953 31.3916
3.8745 31.3840
3.8152 31.2713
3.9343 31.3145
3.8738 31.3448
3.8656 31.2957
3.8977 31.3639
3.8249 31.3128
3.9628 31.3262
3.8929 31.3767
3.8455 31.2417
4.1880 31.4431
3.9314 31.2772
3.8961 31.3166
3.7965 31.2700
3.8620 31.3476
3.9584 31.3569
3.9666 31.5655
4.2526 30.9692
4.0932 30.8602
4.1622 31.0159
3.7950 31.5471
4.1901 31.3021
3.9804 31.4754
3.6352 31.2284
3.9548 31.2483
3.9884 31.4232
3.8589 31.4596
4.0868 31.4354
3.8118 31.3517
3.9194 31.2009
3.8347 30.9813
3.8568 31.1191
3.9860 31.1784
4.0384 31.3669
3.8228 31.4762
3.7428 30.9373
3.7805 31.0037
3.7156 30.9934
3.7903 31.0743
3.8259 30.9676
3.7217 31.0195
3.7233 31.1757
3.7710 31.2474
3.7233 31.1473
3.8757 31.3174
3.8450 31.2617
4.0148 31.5758
4.0842 31.4696
4.0194 31.3250
3.7611 31.6375
4.0076 31.4130
3.8712 31.4632
4.0812 31.3957
3.9092 31.6089
4.1166 31.6228
3.8884 31.3494
3.9663 31.3483
4.0668 31.2743
3.7215 31.3203
3.9863 31.1610
3.9251 31.2664
3.9286 31.4299
3.9162 31.3362
3.9615 31.3058
4.0374 31.2646
3.9186 31.4066
3.9084 31.5729
3.8745 31.3981
3.8282 31.3988
3.8657 31.3502
3.8360 31.4814
4.0145 31.5298
3.9717 31.3444
4.1719 31.4287
3.7885 31.2460
3.9452 31.3474
3.9228 31.4236
3.9102 31.4144
3.8454 31.3041
3.9741 31.3954
3.8882 31.4253
4.0112 31.3601
3.9268 31.4072
3.9859 31.3964
3.8846 31.5885
3.8720 31.4259
3.8441 31.3082
4.0171 31.2761
3.7636 30.8648
4.2497 30.8928
4.3441 31.1998
3.9226 31.2358
3.9978 31.4994
3.8618 31.3728
4.1107 31.4404
3.6446 31.5099
3.7060 31.1822
3.9200 31.1773
3.9857 30.9823
3.9211 31.1030
4.0176 31.1473
3.7290 31.0045
3.8194 30.9886
3.9366 31.0815
3.8832 31.0566
3.7637 31.1115
3.9670 31.0105
3.6450 31.0729
3.6241 30.9603
3.7006 30.9969
3.9449 31.1602
3.9254 31.0906
3.6724 30.9866
3.8218 30.9840
3.9335 31.1068
3.8233 31.0509
3.9156 31.0496
3.7935 30.9725
3.9206 30.8957
3.7896 31.0815
3.8706 31.1607
3.8812 31.1064
3.7827 31.1340
3.9058 31.0977
3.7457 31.0166
3.8540 31.0977
3.8114 30.9365
3.7543 31.0865
3.8838 31.0918
3.7815 31.0247
3.8648 31.0686
3.9007 30.9664
3.8558 31.0770
3.9124 31.0910
3.8766 31.0467
4.0585 31.0204
3.8978 31.0405
3.8819 30.9728
3.8117 31.1333
3.7862 31.1115
3.8178 31.0467
3.9377 31.0701
3.8378 31.0044
3.8874 31.0716
3.8643 31.0380
3.7101 31.0325
3.8826 31.0671
3.8800 31.0696
3.8801 31.0155
3.7684 31.0257
3.8223 31.0232
3.8973 31.0410
3.8181 30.9804
3.8230 31.0161
3.8393 30.9834
3.7981 31.0118
3.7562 31.0267
3.7477 31.0306
3.8018 31.0514
3.7636 31.0397
3.8528 30.9903
3.8016 31.0043
3.7732 31.0261
3.7328 30.9773
3.8782 31.0959
3.8916 30.8884
3.8500 31.0540
3.7804 31.0109
3.8924 31.0411
3.8063 31.0322
3.7684 30.9732
3.8350 31.0117
3.8662 30.9582
4.0108 31.0461
4.0405 31.2198
3.8438 31.0480
3.8190 30.9829
3.8466 30.9794
3.8616 30.8824
3.6118 31.1400
3.8481 31.1292
3.8711 30.9972
3.8472 31.0165
3.7850 31.0287
3.9131 31.0154
3.7007 31.0287
3.8045 31.0993
3.8011 31.0634
3.8716 31.0129
3.8886 31.0628
3.9518 30.9499
3.8959 31.0274
3.8859 31.0483
3.8205 30.9987
3.7533 31.1286
3.8443 31.1547
3.8604 30.9793
3.7368 30.8849
3.8639 31.0089
3.7657 30.9977
3.8962 30.9899
3.8540 31.0136
3.8647 30.9371
3.8750 31.0903
3.8658 31.0812
3.8395 31.0088
3.7786 30.9919
3.8847 31.0108
3.8790 31.0754
3.8567 31.0039
3.8406 30.9790
3.8781 30.9796
3.8242 31.0772
3.9196 31.0114
3.7695 31.0100
3.7580 31.0785
3.8597 31.0210
3.8089 31.0076
3.8613 31.0809
3.8969 30.9934
3.8594 31.1065
3.8341 31.1020
3.7990 31.0394
3.8025 30.9442
3.8716 31.0875
3.8633 30.9874
3.7513 31.0106
3.8573 31.0971
3.8603 31.0095
3.8557 31.0498
3.8879 30.9283
3.8037 30.9422
3.8528 31.0478
3.8051 30.9771
3.7885 31.1137
3.8792 31.0224
3.8861 31.1184
3.7786 31.0062
3.9242 31.0370
3.8410 31.0273
3.8489 31.1460
3.9458 31.1629
3.7110 30.9893
3.9096 31.1612
3.8728 31.0157
3.7893 31.0103
3.8022 30.9840
3.8765 31.0130
3.8433 31.0058
3.8824 31.0577
3.8588 31.0356
3.8472 31.0562
3.8263 30.9833
3.8211 31.0266
3.7269 31.0120
3.8058 30.9977
3.8806 31.0055
3.8630 30.9841
3.8618 31.0395
3.8661 30.9675
3.8478 31.0111
3.8778 31.0163
3.6869 30.9792
3.8098 30.9059
3.8748 31.0336
3.8143 31.1278
3.8616 30.9982
3.8610 31.0580
3.8804 31.0825
3.8905 31.0007
3.9086 31.0044
3.8089 31.0133
3.8681 30.9265
3.8620 31.0411
3.8227 30.9826
3.9049 31.0781
3.8201 31.0473
3.8751 30.9483
3.7870 31.0381
3.7957 31.0845
3.8875 31.0136
3.8476 31.0484
3.8950 31.0864
3.9408 31.0730
3.7838 30.9673
3.7603 31.0634
3.9075 30.9428
3.7596 31.0897
3.7774 30.9658
3.8136 31.0409
3.8125 31.0034
3.8476 30.9659
3.9225 31.0733
3.8777 31.0193
3.8412 30.9769
3.8196 30.9927
3.9207 31.0425
3.8334 30.9772
3.7819 31.0239
3.8686 31.0470
3.9312 30.9935
3.7766 31.0085
3.8459 31.0284
3.8560 31.0411
3.8410 30.9321
3.8726 31.0306
3.7907 31.0548
3.7635 31.1073
3.7667 30.9950
3.8486 31.0348
3.8816 31.0226
3.8586 31.0488
3.7982 31.1018
3.8745 31.0582
3.7804 31.0670
3.8462 30.9868
3.8243 31.0200
3.8083 31.0164
3.8763 31.0045
3.8806 31.0293
3.7934 30.9572
3.8376 31.0670
3.8292 30.9924
3.8114 31.0669
3.9362 31.0529
3.8200 31.0017
3.7954 31.0972
3.8051 30.9954
3.8351 31.0873
3.8795 31.0018
3.7642 31.0289
3.8297 30.9854
3.8202 31.1276
3.9584 31.1174
3.7551 31.0828
3.9430 31.0256
3.7859 30.9719
3.9086 31.0700
3.7762 30.9273
3.8569 31.1291
3.9551 31.0829
3.8639 31.1183
3.7920 31.0528
3.8389 30.9669
3.8001 31.0825
3.8504 31.1387
3.7583 31.0357
3.7437 31.1387
3.8839 30.9591
3.8562 31.0202
3.9105 31.1152
3.8168 31.0890
3.7902 31.1514
3.8131 31.0628
3.8414 31.0414
3.9063 31.0653
3.8711 31.0227
3.8635 31.0587
3.8289 31.0099
3.9237 30.9928
3.7753 30.9692
3.7926 31.0494
3.8900 30.9939
3.8087 30.9222
3.8402 31.1609
3.9695 30.9299
3.7773 30.9806
3.9044 30.9251
3.7855 31.1538
3.8768 31.2200
3.9060 30.9599
3.6932 30.9296
3.8600 31.2146
3.6076 30.9136
3.9893 30.9106
3.7534 31.0016
3.7764 31.3278
3.9188 31.0658
3.8659 30.9545
3.7511 30.9511
3.7387 30.7922
3.8013 30.9125
3.6893 31.1142
3.8511 31.5666
4.2300 30.8667
3.9409 30.8548
3.9103 31.0320
3.7768 31.1467
4.1526 31.0265
4.2929 31.0747
4.2265 31.0441
4.2157 31.0247
4.2539 31.0922
4.1994 31.0034
4.1039 31.0830
4.1901 31.0150
4.1712 31.0671
4.2032 31.0792
4.1440 31.0595
4.1998 31.0073
4.2252 31.0360
4.2512 30.9858
4.2142 31.0810
4.2543 31.0722
4.1252 31.0731
4.1947 31.0231
4.1924 31.0101
4.1586 31.0079
4.1742 30.9691
4.0666 31.1734
3.8723 31.3843
4.3053 31.1749
