110.9766 144.2413
110.9525 144.1630
111.0179 144.0377
111.5311 143.7439
111.5259 143.9682
111.2758 143.9872
111.3230 143.9450
111.3716 143.9703
111.4005 144.3915
111.1735 144.2191
111.4591 144.2742
111.3393 144.4288
111.2485 144.2957
111.2719 144.2614
111.3387 144.3381
111.6711 144.3764
111.2268 144.3409
111.5196 144.3844
111.1129 144.2826
111.3322 144.4781
111.4575 144.3870
111.1747 144.2790
111.5161 144.3123
111.4198 144.2739
111.5538 144.2946
111.4279 144.3510
111.3155 144.4120
111.2954 144.3439
111.3024 144.3038
111.4196 144.2278
111.4688 144.2614
111.3564 144.1384
111.3432 144.2902
111.1617 144.1637
111.2419 144.1898
111.4264 144.1991
111.3263 144.3572
111.3364 144.2301
111.4105 144.5066
111.2599 144.2715
111.3119 144.3380
111.2435 144.4876
111.4157 144.4042
111.4140 144.5230
111.2844 144.2474
111.3746 144.2643
111.0654 144.2143
111.4151 144.4095
111.2694 144.2847
111.3330 144.2527
111.2680 144.3848
111.2463 144.4558
111.2539 144.4076
111.4501 144.3887
111.1453 144.2388
110.9437 143.9414
111.2395 144.0811
111.4705 144.4016
111.2452 144.3866
111.2519 144.3622
111.1971 144.4035
111.4205 144.1465
111.4136 144.3434
111.4082 144.1627
111.4800 144.4937
111.3990 144.3118
111.2514 144.3581
111.4055 144.2681
111.4889 144.2638
111.4515 144.0494
111.4723 144.3096
111.3485 144.3514
111.5063 144.2742
111.3864 144.1711
111.4665 144.1058
111.5187 144.3232
111.3977 144.2008
111.3212 144.3977
111.4148 144.2639
111.4473 144.3720
111.4097 144.2024
111.5914 144.1547
111.2528 144.2309
111.6580 144.1048
111.3923 144.1958
111.4198 144.3522
111.4166 144.2167
111.3387 144.3743
111.3831 144.2884
111.4446 144.2938
111.4756 144.3938
111.4152 144.4694
111.5781 144.2423
111.1519 144.3085
111.3908 144.3579
111.3998 144.2695
111.4186 144.3841
111.3886 144.2809
110.8950 144.2165
111.6224 144.2612
111.4587 144.3166
111.5330 144.3657
111.4732 144.2809
111.3853 144.3100
111.4487 144.1800
111.3162 144.3226
111.3903 144.1546
111.3866 144.3064
111.4050 144.2569
111.2440 144.1852
111.3111 144.2678
111.3169 144.3050
111.2590 144.3149
111.3267 144.3594
111.4029 144.2779
111.3104 144.3425
111.4774 144.4731
111.2780 144.2820
111.4083 144.2591
111.5141 144.3750
111.4109 144.4537
111.2736 144.4206
111.4329 144.2178
111.3167 144.2055
111.3054 144.3284
111.4622 144.4002
111.3817 144.4331
111.4770 144.3479
111.3976 144.3514
111.3768 144.4251
111.5595 144.0584
111.3121 144.2085
111.3063 144.4070
111.0986 144.3080
111.2403 144.4462
111.3747 144.3847
111.4701 144.3168
111.3870 144.3325
111.4393 144.2088
111.3992 144.2589
111.4040 144.3074
111.3499 144.2825
111.3493 144.2694
111.3688 144.3008
110.9343 144.1188
111.1492 144.1196
110.9239 144.0219
111.3605 144.3971
111.2880 144.0400
111.3014 144.0816
111.4066 143.9290
111.2197 144.3600
111.4475 143.9116
111.3799 144.0644
111.4913 143.8558
111.3702 144.0342
111.2841 144.0786
111.3553 144.0507
111.3034 143.9036
111.5073 143.9079
111.5552 143.9194
111.3036 143.9706
111.3350 144.0908
111.3636 143.8831
111.4539 143.9718
111.4707 144.0519
111.4687 144.0557
111.4703 143.9490
111.3852 144.0339
111.3736 143.9258
111.3508 143.8981
111.4179 144.0044
111.4493 143.9817
111.4326 143.9505
111.3964 143.9653
111.4868 143.9743
111.3746 144.0272
111.3824 143.9818
111.4116 143.9878
111.3410 143.9866
111.3814 143.9392
111.4184 143.9948
111.3791 143.9930
111.3811 144.0156
111.4158 143.9671
111.4554 143.9975
110.9899 144.2155
111.3349 144.1220
111.0645 144.0473
111.1932 144.2037
111.1580 144.1799
111.4957 144.2345
111.4046 144.2475
111.5908 144.4152
111.3879 144.3180
111.3722 144.3345
111.5181 144.2665
111.4053 144.2804
111.0038 144.3731
111.1159 144.1143
111.0801 143.8278
111.0816 144.0791
111.1636 144.1359
111.1034 144.1965
110.9403 144.1781
111.1449 144.1781
111.1205 144.1982
111.1595 144.1768
111.1816 144.1098
111.0158 144.2081
111.0269 144.1058
111.0940 144.2207
110.9629 144.1199
111.1356 144.1466
110.9499 144.2060
111.3330 144.1039
110.9980 144.1780
111.2386 144.2112
111.1300 144.1068
111.0801 144.1658
110.9611 144.3120
110.9266 144.2560
111.1451 144.0137
111.0414 143.9691
111.0946 144.2531
111.1817 144.1599
110.9184 144.1061
111.1134 144.1686
111.1434 144.1894
111.0028 144.1500
111.0379 144.1011
111.1646 144.3196
111.0869 144.1524
110.9622 143.9870
110.9993 143.9898
111.3075 144.0720
110.9472 144.3424
111.1463 144.3520
111.1649 144.2234
111.1052 144.0370
111.0718 144.1919
111.1825 144.1117
111.0003 144.3148
111.3230 143.9135
111.3360 144.0549
111.1297 144.0101
111.1095 144.0164
111.1490 144.2092
111.0019 144.1762
111.0258 144.1051
110.9611 143.8380
111.0531 144.0192
111.2314 144.0944
110.9936 144.1514
110.8575 143.9398
110.9911 144.2058
111.0572 144.1353
110.9775 143.9776
111.0913 143.9468
111.0900 144.0289
111.0189 143.9253
111.1573 144.1836
110.8592 144.2729
111.0459 144.1064
110.8521 144.0315
111.2027 144.1211
111.2756 144.1975
110.8583 144.1343
111.0252 144.1190
110.9443 144.1861
111.3421 144.4069
111.2329 144.1569
111.4099 144.3910
111.2302 144.1254
111.0947 144.1360
111.0958 144.1610
111.1400 144.2101
111.2116 144.1352
111.0697 144.1798
111.0181 144.1233
111.1309 144.1953
110.9504 144.2421
110.9777 144.1407
111.1549 144.1480
111.2558 144.0940
111.0942 144.2481
110.9690 144.2938
111.0313 144.1537
110.9297 144.1719
111.0624 144.2144
110.9097 144.2721
111.0927 144.1743
111.0178 144.1074
111.1154 144.2140
111.1047 144.1748
111.0510 144.1393
111.0468 144.1595
111.0769 144.1808
111.0543 144.1715
111.0592 144.2057
111.1007 144.2004
111.0528 144.1245
111.0388 144.1990
111.0597 144.1874
111.0912 144.1243
111.3986 143.9778
111.3729 144.0622
111.4015 143.9303
111.5583 143.9517
111.5129 144.0179
111.4783 144.0730
111.3112 143.8512
111.4635 143.9565
111.3759 143.9148
111.4403 143.9371
111.3704 143.9566
111.5240 143.9680
111.2362 143.8439
111.3977 143.9372
111.5807 143.9096
111.4293 143.9121
111.4550 144.0118
111.5301 143.8893
111.1539 143.7230
111.1606 143.7390
111.1159 143.7460
111.1074 143.6432
111.5486 144.3075
111.1275 144.1027
110.9353 144.1685
111.1871 144.0530
111.2364 144.1725
111.0683 144.2014
111.0685 144.1248
111.0275 144.0843
111.1252 144.2369
111.1454 144.1107
111.1371 144.2191
111.1155 144.0376
111.4323 144.3880
111.3540 144.2794
111.4285 144.0693
111.1827 143.8742
111.1397 144.2905
111.1932 144.2546
111.2356 144.2542
111.1435 144.2152
111.1248 144.2367
111.1220 144.1487
110.9933 144.1324
110.9227 144.1599
