24.9436 185.1823
25.3300 185.7602
24.9934 185.2577
24.8308 185.0854
25.0324 185.3237
25.0130 185.1478
24.6784 185.1085
24.9990 185.2409
25.1399 184.9933
24.7574 185.2544
24.9713 185.3310
25.0527 185.1884
24.7783 185.1311
25.0084 185.1778
25.0854 185.1546
25.0214 185.0844
24.9306 185.1384
24.8691 185.1452
25.2119 185.1741
24.9311 185.1068
24.7500 185.1650
25.1035 185.1699
24.9219 185.3483
24.9659 185.2814
24.9896 184.9959
25.0373 185.2684
25.2498 185.1258
24.9348 185.1121
24.8122 184.9775
24.9540 185.0339
24.8789 185.2273
25.0579 185.0672
24.8741 185.2773
25.1877 185.1944
24.9092 185.3520
24.9255 185.0063
24.9727 185.2980
24.8251 185.2346
25.0932 185.0250
24.9359 185.1573
24.8024 185.3680
25.0087 185.1533
24.9122 185.1493
24.8098 185.1395
25.0167 185.2860
24.8368 185.0076
24.8257 185.1967
25.0438 185.3277
25.0988 185.0647
24.8239 185.2257
25.0056 185.0747
25.0624 185.1472
25.0914 185.2012
24.8401 185.0222
25.0955 185.1814
24.8718 185.0104
24.8831 185.0701
24.9949 185.1229
24.9465 185.3749
25.0901 185.0842
24.8692 185.2128
24.7673 185.0741
24.9906 185.3331
24.8779 185.3774
24.8509 185.3151
24.9989 185.1650
25.0449 185.1743
24.9789 185.3867
25.1279 185.3065
25.0926 185.1219
25.0511 185.0555
24.9377 185.1936
24.9431 185.3230
24.7572 185.1065
25.1476 185.1106
24.9629 185.1113
25.0766 185.0922
24.9483 185.2577
24.9941 185.1982
24.7509 185.0413
25.0076 185.3475
24.8860 185.3152
24.9754 185.1486
24.8397 185.1002
25.0438 185.0752
24.9962 185.2163
24.8616 185.2488
24.6237 185.2347
24.7847 185.6848
24.7696 185.2637
24.7563 185.4466
24.8528 185.4998
25.1194 185.6143
24.8676 185.6279
24.8656 185.5218
24.7222 185.6940
25.0055 185.2283
24.9422 185.2258
24.9864 185.1575
24.9069 185.1574
25.0024 185.2684
25.0342 185.2467
25.0216 185.2573
24.8658 185.2113
24.9750 185.2068
24.9707 185.2318
24.9436 185.2498
24.9426 185.2211
24.9176 185.2430
24.9281 185.3311
25.3163 185.0988
25.3658 185.1702
25.3222 185.2141
25.3008 185.2340
25.1711 184.9853
25.0961 185.3816
25.2509 185.2683
25.0147 185.1203
25.1856 185.1992
25.2378 185.4443
24.8749 185.5522
24.8918 185.4226
25.1460 185.5938
25.0460 185.4347
25.0201 185.6504
24.9095 185.3874
24.8616 185.5072
25.1480 185.3705
25.0789 185.4253
25.3488 185.5521
24.9915 185.5545
25.0227 185.4851
24.9658 185.4616
24.9454 185.5159
25.0386 185.5452
24.9542 185.6006
24.9966 185.5962
24.9718 185.5548
25.1558 185.3546
25.2556 185.7298
25.2966 185.2690
25.1091 185.1944
25.0738 185.1080
25.0342 185.0768
25.0528 185.2847
25.0479 185.1704
24.9153 185.0926
24.8223 185.2259
24.9291 185.2222
24.9993 185.4482
25.1752 185.4865
25.1379 185.4009
24.9164 185.5405
24.9511 185.6707
24.8878 185.3612
24.9711 185.3005
24.8830 185.4793
25.0877 185.3785
24.8667 185.4448
25.0984 185.7505
25.0966 185.5529
25.1058 185.3205
25.1079 185.5338
25.1027 185.3843
25.1802 185.6202
24.8754 185.6488
24.9170 185.3806
24.8830 185.3076
25.0643 185.4539
24.9440 185.4963
25.0329 185.5478
25.0072 185.5285
25.0256 185.4163
24.9940 185.6160
24.9459 185.5485
24.9685 185.5221
24.8177 185.7441
24.9365 185.4066
24.9497 185.3605
25.1307 185.4549
24.9382 185.3030
25.0577 185.4754
24.8587 185.2479
25.3896 185.5148
24.9033 185.4280
24.8829 185.5239
24.8119 185.5390
24.8684 185.3790
25.0058 185.4721
24.8424 185.5178
24.9459 185.4111
24.8308 185.5329
24.8846 185.4733
24.9534 185.3728
25.1384 185.4555
24.9912 185.5425
25.1501 185.4296
25.1750 185.6098
24.9822 185.4056
24.9770 185.4335
25.0708 185.5066
24.9147 185.4421
24.9717 185.4710
25.0330 185.4158
24.9766 185.5285
25.0793 185.5375
24.7861 185.3390
24.8763 185.1489
24.9039 185.1554
24.9734 185.4610
25.0687 185.4113
25.1672 185.3225
25.3354 185.1492
25.1942 185.2072
25.2888 185.0998
25.1925 185.1377
25.3653 185.2964
25.3663 185.3878
25.1783 185.2244
25.1312 185.1832
24.9278 185.1357
24.8119 185.3385
24.9617 185.3176
25.0930 185.1177
25.0256 185.3131
25.1016 185.2489
24.9403 185.1651
25.0828 185.1178
25.0670 185.3281
24.9986 185.0978
25.0522 185.0524
25.2082 185.2353
25.1362 185.2009
24.9273 185.0755
25.0463 185.1457
24.9562 185.4869
24.8694 185.3744
24.9751 185.0872
25.0276 185.2725
25.0266 185.2392
24.8870 185.2012
24.9415 185.1582
25.1461 185.3136
24.9962 185.0320
25.0379 185.2027
24.7279 185.0696
25.0157 185.2661
25.0252 185.1488
25.1190 185.1564
25.0138 185.0443
24.9927 185.6529
25.0425 185.6165
25.0091 185.4554
25.0255 185.5706
25.1784 185.5161
24.9912 185.4093
25.1336 185.6230
24.9477 185.6185
25.0525 185.5002
25.2121 185.4983
24.8067 185.4381
24.9907 185.4415
25.0980 185.1906
24.9807 185.2933
25.0673 185.2620
25.1084 185.2119
24.9711 185.3477
25.0312 185.3185
24.9227 185.3159
25.0176 185.2455
25.1321 185.2489
24.9965 185.2871
24.9360 185.2021
25.0700 185.1522
25.0075 185.2092
25.2254 185.2555
25.1165 185.3328
24.9645 185.2678
24.9421 185.2013
25.0812 185.1993
25.1336 185.2836
24.8858 185.2615
24.9377 185.1696
25.0696 185.2240
25.0034 185.1394
24.8694 185.2908
25.0085 185.1712
25.0181 185.1255
25.1702 185.2475
25.0135 185.1648
25.0801 185.2278
24.9845 185.1650
24.9277 185.2135
25.0382 185.2271
25.0965 185.2709
25.0067 185.1892
24.9309 185.0979
24.8008 185.0341
24.9918 185.2079
25.1919 185.2251
25.2256 185.2072
24.8891 185.2813
24.8695 185.1259
24.7242 185.2243
24.9696 185.1872
24.9607 185.2524
25.0142 185.2648
24.8226 185.0557
24.8918 185.1858
24.9956 185.1786
25.0587 185.2220
24.9993 185.2298
25.0277 185.3524
24.8781 185.1121
24.9379 185.2505
24.9891 185.2771
24.9449 185.2368
24.8315 185.2331
25.0227 185.2580
24.8992 185.3614
24.8803 185.1629
24.9153 185.1566
24.9498 185.1745
24.8899 185.2833
24.9597 185.1618
24.9388 185.3006
25.0081 185.3397
24.9589 185.0914
25.0309 185.1990
25.0103 185.1716
25.0135 185.3365
24.9829 185.2465
24.9759 185.1794
25.0838 185.2279
25.0925 185.3002
24.8509 185.3014
25.1424 185.3738
25.0184 185.2670
24.9419 185.1878
24.9612 185.1962
24.8084 185.2628
24.8697 185.0920
24.8213 185.1032
24.6273 185.2281
24.8629 185.2054
24.9457 185.2181
25.0494 185.1846
25.0674 185.1914
25.0725 185.2148
24.9714 185.2407
25.0284 185.2197
24.9968 185.2056
24.9840 185.1841
25.0616 185.2172
25.0794 185.2251
25.0170 185.2821
25.0159 185.2550
25.0444 185.1674
24.9891 185.2275
24.8532 185.2250
24.9611 185.2221
25.4995 185.3284
25.1696 185.3610
25.4542 185.3098
25.3590 185.4513
25.1766 185.2815
25.3215 185.4068
25.3282 185.3363
25.3373 185.2724
25.2510 185.2481
25.2834 185.2686
25.1876 185.3339
25.2494 185.2286
25.3265 185.2235
25.2388 185.3490
25.2892 185.3557
25.2007 185.4550
25.4024 185.3669
25.3149 185.4182
25.2472 185.4501
25.3541 185.3524
25.3639 185.4239
25.2840 185.3273
25.3718 185.4809
25.2200 185.3641
25.3929 185.2946
25.3694 185.3028
25.2629 185.3046
25.2421 185.2736
25.3001 185.3140
25.3453 185.3693
25.2442 185.4340
25.4461 185.2087
25.1611 185.3038
25.3012 185.3303
25.3591 185.3073
25.2829 185.3205
25.2970 185.3826
25.2959 185.3752
25.3189 185.3359
25.2991 185.3627
25.3408 185.3215
25.3285 185.3666
25.0927 185.4403
25.2795 185.5954
25.0688 185.6329
25.1655 185.6639
24.9816 185.5791
25.0267 185.3884
25.1672 185.5590
25.0163 185.3542
25.0126 185.6327
25.0875 185.4789
25.0727 185.6790
25.2300 185.5775
24.9917 185.3949
25.0722 185.2558
25.1500 185.5692
24.9669 185.4892
25.1170 185.6214
25.0033 185.6547
25.2430 185.4899
25.0353 185.4704
25.1308 185.5019
25.1294 185.5217
25.2208 185.4496
25.1717 185.5080
25.1512 185.4594
25.1257 185.5390
24.9499 185.4601
24.9336 185.3537
25.0709 185.3456
25.0192 185.4869
25.2186 185.5604
24.9607 185.5282
24.9935 185.6404
25.3036 185.4535
25.1083 185.5490
25.0689 185.5243
25.0813 185.6374
24.9096 185.4929
25.0309 185.5126
25.0386 185.7733
24.9370 185.4660
25.0839 185.5788
24.9718 185.6049
25.1280 185.4945
25.2036 185.5245
25.0745 185.6685
25.0714 185.5748
25.1369 185.5564
24.8887 185.4681
25.0599 185.5953
24.9942 185.5500
25.0391 185.6448
24.9857 185.4787
25.2789 185.5426
25.1429 185.5487
25.0758 185.5664
25.0289 185.5019
25.1073 185.5582
25.0444 185.5254
24.9865 185.4937
25.0711 185.5469
25.0492 185.5217
24.9862 185.4456
25.1196 185.5965
25.0305 185.5801
25.0434 185.5876
25.0662 185.4951
24.9858 185.5720
25.0079 185.5063
25.0425 185.5760
25.0504 185.5095
25.1076 185.5664
25.1624 185.5694
