15.0547 10.1198
15.2499 10.4354
15.3124 10.1690
15.2680 10.6069
15.1112 10.5596
15.1292 10.3502
15.1012 10.2196
15.1415 9.9883
15.2374 10.2817
15.6168 10.3510
15.4753 10.4455
15.5754 10.3231
15.7472 10.3869
15.4276 10.4603
15.3984 10.3348
15.6281 10.3158
15.4539 10.1683
15.7614 10.3019
15.5504 10.2687
15.2106 10.4733
15.6208 10.5086
15.8516 10.3486
15.5579 10.3714
15.3366 10.3822
15.4908 10.5256
15.3821 10.4605
15.5982 10.5286
15.4664 10.4347
15.6086 10.2008
15.5081 10.4665
15.8020 10.3463
15.4239 10.3229
15.5399 10.2591
15.3540 10.5876
15.6132 10.2382
15.4895 10.4796
15.4992 10.6875
15.7448 10.2965
15.3791 10.3919
15.5744 10.5875
15.4599 10.4730
15.3985 10.4045
15.5895 10.3219
15.3183 10.1314
15.2735 10.1120
15.5877 10.4758
15.5402 10.4001
15.3385 10.3576
15.6379 10.3233
15.4244 10.4400
15.7550 10.5410
15.5037 10.2436
15.7722 10.4517
15.4063 10.0287
15.6510 10.4020
15.4720 10.4255
15.3893 10.5560
15.5199 10.3773
15.5071 10.3294
15.4866 10.3474
15.5068 10.2570
15.5632 10.4577
15.6678 10.3663
15.6193 10.3973
15.6329 10.4118
15.3947 10.4393
15.6858 10.5188
15.4365 10.3907
15.2097 10.1271
15.3485 10.4922
15.2336 10.4116
15.1726 10.4677
15.1806 10.3715
15.0924 10.3962
15.2617 10.2870
15.2307 10.4351
15.3161 10.4214
15.1816 10.4568
15.1370 10.1115
15.2717 10.2823
15.0416 10.3379
15.2471 10.3341
15.1684 10.2885
15.2438 10.2169
15.3977 10.2783
15.2865 10.4827
15.2161 10.3854
15.3450 10.3741
15.0483 10.4926
15.1516 10.2395
15.1019 10.4256
15.2531 10.3617
15.3553 10.4651
15.2070 10.3519
15.3318 10.4925
15.1175 10.2218
15.2426 10.2932
15.2699 10.1661
15.2074 10.3915
15.1797 10.2234
15.3867 10.3788
15.2482 10.3106
15.3475 10.3837
15.1452 10.1049
15.2425 10.5131
15.1296 10.5278
15.0459 10.4007
15.0830 10.4198
15.1871 10.3866
15.0599 10.4876
15.5808 10.3195
15.4674 10.5965
15.1280 10.1794
15.0493 10.4873
15.0748 10.4733
15.2088 10.2064
14.9765 10.2480
15.1167 10.4082
15.2171 10.5638
15.2539 10.3323
15.2448 10.1810
15.1481 10.3017
15.1701 10.3545
15.2463 10.6381
15.1346 10.3841
15.2250 10.4880
15.2174 10.1610
15.1528 10.1570
15.2609 10.4492
15.1196 10.4121
15.1671 10.3417
15.1614 10.2686
15.0987 10.5020
15.2419 10.2815
15.2141 10.0875
15.3031 10.0523
15.1388 10.2651
15.2505 10.3841
15.2778 10.2813
15.0584 10.2929
15.3637 10.2753
15.4270 10.2760
15.3510 10.3624
15.4369 10.5589
15.2984 10.3891
15.3234 10.2298
14.9954 10.4275
15.2284 10.6801
15.1919 10.2670
15.0349 10.2701
15.0236 10.4129
15.0484 10.2135
15.3229 10.1613
15.2033 10.2940
15.2303 10.4348
15.5867 10.4212
15.6580 10.0981
15.6812 10.4908
15.7040 10.3957
15.6155 10.1181
15.5361 10.5238
15.5088 10.6495
15.6838 10.4005
15.5632 10.6207
15.3585 10.5254
15.5400 10.5148
15.6064 10.1978
15.6357 10.5544
15.6412 10.3524
15.4714 10.5822
15.4339 10.4242
15.6856 10.5535
15.4766 10.3981
15.4802 10.2068
15.3843 10.6568
15.5222 10.5453
15.5496 10.5388
15.5264 10.4463
15.6127 10.4048
15.5348 10.3100
15.6745 10.4285
15.5162 10.2423
15.5152 10.3151
15.3334 10.4177
15.6275 10.4416
15.5429 10.5328
15.2443 10.5711
15.3508 10.1998
15.3811 10.4851
15.9048 10.4039
15.1932 10.4012
15.0083 10.0528
15.4933 9.9954
15.4974 10.3861
15.6099 10.4012
15.5060 10.6292
15.5600 10.3522
15.1057 10.1779
15.3368 10.5873
15.1939 10.3099
15.1740 10.3907
15.0924 10.3838
15.2517 10.4047
15.3331 10.1817
15.4526 10.0819
15.3432 10.4874
15.5010 10.3182
15.2146 10.4521
15.1527 10.2148
15.2131 10.5073
15.3225 10.0397
15.5480 10.4613
15.4390 10.4984
15.1288 10.2851
15.2635 10.2506
15.3171 10.6989
15.4320 10.1282
15.3745 9.9843
15.3173 10.4250
15.0293 10.4223
15.5449 10.2483
15.1221 10.2811
15.2966 10.4149
15.1578 10.5872
15.1820 10.2748
15.4180 10.5068
15.3289 10.0827
15.2051 10.4623
15.3551 10.2108
15.4396 10.3298
15.1091 10.5017
15.4877 10.3246
15.3955 10.1841
15.1975 10.3309
15.2173 10.1794
15.4699 10.0540
15.7587 10.0169
15.1834 10.0892
15.2995 9.8821
15.4119 9.9624
15.5745 9.9161
15.5151 10.3656
15.5181 9.9572
15.2062 10.0472
15.3312 10.1353
15.5192 10.1730
15.3179 10.1838
15.2947 9.8265
15.5671 9.8359
15.2934 10.1809
15.5069 10.0862
15.5955 9.8556
15.3789 9.8840
15.4049 10.0230
15.2938 10.0886
15.5399 9.9795
15.3657 10.1772
15.5592 9.9600
15.5806 10.0616
15.6407 10.1939
15.5284 10.0406
15.5200 10.0951
15.7921 9.9514
15.4904 9.8779
15.3684 10.1047
15.5078 10.2974
15.4606 10.2392
15.3540 10.1026
15.2540 10.0138
15.5250 10.0432
15.3224 9.8022
15.4557 10.1003
15.4688 10.0059
15.4091 9.9309
15.5904 10.0780
15.5424 10.1936
15.3258 10.1562
15.8435 10.3943
15.4854 9.9675
15.4884 10.0979
15.6558 9.9635
15.6208 9.9575
15.4968 9.8759
15.4183 10.0076
15.4424 9.8219
15.5854 10.0111
15.6455 10.0131
15.4250 10.1471
15.5285 10.0083
15.3724 10.0927
15.5175 9.8865
15.4169 10.0573
15.5091 10.0845
15.6553 10.2257
15.3927 9.9889
15.5117 9.8897
15.5090 10.0791
15.3411 10.1288
15.1750 9.9451
15.4592 10.0605
15.4504 10.3464
15.6797 10.3283
15.1466 9.9952
15.4706 9.9010
15.5950 10.1682
15.1650 10.1327
15.6434 9.9691
15.5407 10.0873
15.4727 10.0582
15.3508 10.1908
15.3916 10.1856
15.3575 10.2869
15.3273 10.1135
15.7409 10.1468
15.5622 9.9760
15.4017 10.1102
15.4578 9.9438
15.5487 10.0582
15.7542 10.2263
15.5650 10.0680
15.3354 9.9651
15.0804 9.9858
15.5684 10.2583
15.4916 10.1129
15.5286 9.9939
15.5502 10.0850
15.3623 9.9972
15.4250 9.9266
15.5009 10.1408
15.5199 9.9722
15.5279 10.0837
15.2031 10.0738
15.4660 10.0883
15.4393 9.8940
15.3692 9.9640
15.5405 10.1149
15.2543 9.9779
15.5929 10.0038
15.4745 9.9356
15.4867 10.3751
15.2556 10.2475
15.4362 10.0010
15.5103 9.8673
15.6018 10.1818
15.4100 9.9156
15.4074 10.1950
15.7114 10.0606
15.3225 10.1655
15.3871 10.0310
15.2244 10.4790
15.1509 10.3287
15.2791 9.8849
15.3772 10.3528
15.4508 10.3589
15.1566 10.1902
15.1569 10.1294
15.3485 10.1854
15.0932 10.3304
15.3489 10.3636
15.2920 10.0674
15.2286 10.2527
15.2938 10.1370
15.1917 10.0511
15.2747 10.5152
15.1711 10.2284
15.1010 10.0202
15.2802 10.2054
15.2477 10.3075
15.1322 10.2825
15.3784 10.2581
15.6307 9.9291
15.3436 10.2038
15.5243 9.9901
15.4476 9.8706
15.6521 9.8670
15.3026 9.9331
15.4141 10.0214
15.3995 10.0442
15.4534 9.9791
15.3864 9.9883
15.3947 10.0065
15.4625 10.0385
15.3955 10.0867
15.3937 10.0149
15.4323 10.1242
15.3184 10.0402
15.2164 10.4735
15.1926 10.6601
15.2917 10.1010
15.2070 10.1215
15.3550 10.3893
15.4222 10.2992
15.1952 10.1429
15.1021 10.4691
15.3530 10.1912
15.0915 10.4850
15.4875 10.3170
15.3159 10.2743
15.2948 10.1690
15.3564 10.2845
15.4855 10.2567
15.0973 10.2895
15.0865 10.1885
15.0477 10.1590
15.2727 10.1914
15.2828 10.1719
15.2807 10.1981
15.1688 10.2079
15.1770 10.3297
15.4022 10.2510
15.1330 10.3282
15.4780 10.3731
15.3336 10.2051
15.0736 10.1195
15.7365 10.5929
15.3537 10.5220
15.1630 10.1671
15.3165 10.3949
15.6879 10.5414
15.6399 10.1566
15.3140 10.2763
15.2343 10.3611
15.2061 10.3273
15.1218 10.2334
15.2227 10.0515
15.3964 10.7574
15.3980 9.9506
