78.1656 140.9139
78.0679 140.6179
77.9378 140.7710
77.9862 140.5909
78.1103 140.5691
78.0838 140.6166
78.2234 140.5715
78.0837 140.5833
77.9758 140.5989
77.8510 140.7331
78.0617 140.6800
77.9543 140.6690
78.0147 140.4848
77.9134 140.6460
78.1717 140.5843
77.7689 140.7266
77.9758 140.6741
78.2897 140.6669
78.1215 140.5577
78.0027 140.5505
78.2658 140.5811
78.1229 140.7726
78.2011 140.6874
77.9276 140.4020
77.9683 140.6451
78.0471 140.7118
77.9456 140.5714
78.1665 140.6585
78.0704 140.3919
77.9729 140.4722
77.8394 140.6478
78.0695 140.5844
77.8354 140.5347
77.9271 140.5282
77.8292 140.5909
78.0808 140.5354
77.9587 140.6752
78.0623 140.5177
78.0915 140.6219
77.9964 140.5840
78.0992 140.5575
77.9987 140.6305
78.3503 140.5242
78.0445 140.5488
78.0041 140.6855
77.9357 140.6006
77.8690 140.5245
78.0599 140.5559
78.1009 140.5794
77.9504 140.4988
77.8476 140.5694
77.9694 140.5127
77.8355 140.4630
77.9701 140.5989
77.9508 140.5960
77.9521 140.6525
78.0302 140.5991
77.9461 140.5714
78.0090 140.6741
77.9547 140.5585
77.9975 140.5802
77.9408 140.4106
78.1747 140.6745
77.9163 140.7275
78.0505 140.6587
77.9796 140.4912
78.0245 140.6729
78.0366 140.5762
77.7311 140.6464
77.9924 140.6816
77.9288 140.5914
77.9571 140.5656
77.6500 140.4867
78.0971 140.6385
77.8279 140.7213
77.9885 140.4995
77.9951 140.7615
78.0959 140.6753
77.9616 140.5481
77.9162 140.6745
77.7947 140.8033
77.9521 140.6145
77.7979 140.5660
77.8113 140.6801
77.9466 140.6424
78.1193 140.5601
78.0514 140.5415
77.8997 140.4969
77.9879 140.6327
77.9034 140.6072
77.9610 140.4790
78.1256 140.6191
77.9789 140.6866
77.9731 140.6783
78.0779 140.5937
78.0306 140.6274
78.1524 140.6038
77.9549 140.5497
78.0154 140.4996
78.1743 140.5333
78.0620 140.4380
77.8237 140.6658
78.1427 140.5287
78.1934 140.5550
77.8262 140.5414
78.2040 140.5519
78.0693 140.5776
77.8025 140.6497
77.8889 140.4933
77.9619 140.6593
78.0713 140.5689
77.8703 140.6310
78.1444 140.5871
77.9892 140.5182
78.1386 140.6941
77.8594 140.6711
77.9931 140.4744
78.2996 140.5853
78.0037 140.6209
77.9718 140.5933
77.8576 140.5626
78.0275 140.5276
78.1444 140.4704
78.1075 140.5719
78.1024 140.4190
78.1729 140.5921
78.1015 140.4937
78.1348 140.5550
78.2019 140.5436
78.0482 140.5761
78.1323 140.5070
78.1714 140.4773
78.1795 140.5255
78.1515 140.5229
78.1358 140.5107
78.1252 140.5331
78.0625 140.5178
78.0755 140.5519
78.1038 140.5428
78.1756 140.5270
78.0611 140.5791
78.0846 140.5056
78.0910 140.5406
78.0719 140.5608
78.0292 140.5126
78.0903 140.5026
78.1081 140.5598
78.1132 140.5433
78.1131 140.6109
78.1153 140.5825
78.0686 140.5366
78.0609 140.4560
78.0995 140.5406
78.0293 140.5130
77.9856 140.5812
78.0896 140.5796
78.1018 140.5166
78.0612 140.6063
78.0082 140.5785
78.0653 140.6781
78.0665 140.6302
78.0696 140.5303
78.0574 140.5576
78.0410 140.5679
78.0585 140.4929
78.0116 140.6305
78.1122 140.5536
78.0420 140.6000
78.1001 140.5318
78.0523 140.5745
78.1175 140.6332
78.0935 140.5101
77.9731 140.5566
78.1119 140.5574
78.0408 140.5946
78.0109 140.5657
78.0718 140.5292
78.2250 140.0838
78.0779 140.5983
78.0261 140.6691
78.2437 140.3706
77.7515 140.3468
77.7269 140.3324
77.6904 140.3975
77.6605 140.3002
77.7795 140.4626
77.7605 140.4093
77.8367 140.3594
77.8894 140.2323
77.8948 140.2971
77.9074 140.4255
77.8114 140.2425
77.8174 140.4555
77.8087 140.5117
77.9391 140.1588
77.8686 140.3315
77.7295 140.5012
78.0676 140.4174
77.7061 140.5256
77.7584 140.4304
77.9311 140.3652
77.7467 140.2272
77.8240 140.2889
77.5618 140.3698
77.9247 140.1328
77.9604 140.2456
77.6994 140.2271
77.8355 140.3775
77.7867 140.4507
77.8507 140.3772
77.7757 140.3548
77.9069 140.3542
77.9207 140.4918
77.7722 140.5743
77.9009 140.4372
77.8378 140.4082
77.8531 140.3799
77.7820 140.4037
78.0141 140.3874
78.0436 140.3876
78.1265 140.4103
78.2048 140.4588
77.5915 140.2920
77.9446 140.3462
77.7426 140.2614
77.5517 140.4260
77.7740 140.3817
77.7780 140.3957
77.7969 140.3624
77.6400 140.2981
77.6572 140.5751
77.8239 140.3367
77.8107 140.4383
77.7655 140.4395
77.7140 140.3933
77.9076 140.3774
77.8599 140.3017
77.9193 140.5842
77.6685 140.4880
77.7898 140.4353
77.6983 140.4202
77.7939 140.3942
77.7663 140.3449
77.7878 140.4587
77.9541 140.2666
77.8466 140.4714
77.8555 140.2763
77.7318 140.4566
77.7039 140.4874
77.8252 140.2949
77.7473 140.4874
77.8855 140.3631
77.8639 140.4064
77.7183 140.3875
77.7850 140.4726
77.9441 140.3285
77.8154 140.2334
77.7745 140.4871
77.8078 140.4081
77.7390 140.4321
77.8554 140.3876
77.8670 140.3024
77.6944 140.4917
77.7436 140.4881
77.7478 140.4007
77.7478 140.3665
78.0033 140.3118
77.7120 140.3739
77.7936 140.4048
77.8159 140.2887
77.8616 140.3873
77.8548 140.4639
77.9320 140.3286
77.8483 140.3897
77.8508 140.3423
77.8190 140.4157
77.8751 140.5144
78.0182 140.5494
77.7414 140.3586
77.7460 140.3641
77.7446 140.4092
77.7777 140.4339
77.7714 140.3850
77.8113 140.3945
77.8317 140.3634
77.9994 140.3616
78.0059 140.0968
78.1224 140.2979
78.2094 140.3636
78.2731 140.3934
78.1854 140.5108
78.1210 140.1270
78.2137 140.2645
78.5138 140.4743
78.1940 140.3152
78.1533 140.4334
78.1351 140.3114
78.2038 140.3609
78.1339 140.3500
78.1736 140.2843
77.9778 140.2083
78.0944 140.5996
78.1507 140.5855
78.1789 140.6440
78.1268 140.6303
78.1161 140.6422
78.1763 140.5628
78.0811 140.6243
78.0567 140.6201
78.2943 140.5250
78.2624 140.3483
78.2196 140.3603
78.2247 140.4173
78.2546 140.3999
78.2311 140.4234
78.2695 140.2803
78.3858 140.3570
78.1677 140.2943
78.1939 140.3565
78.2165 140.1976
78.2781 140.3020
78.2314 140.3805
78.2504 140.3466
78.2967 140.2948
78.2440 140.2898
78.2070 140.4818
78.2391 140.3427
78.1806 140.4103
78.0933 140.4238
78.3216 140.4740
78.2241 140.4237
78.2135 140.3555
78.1388 140.3294
78.0917 140.3029
78.1704 140.2656
78.2010 140.4895
78.2449 140.4168
78.2412 140.3346
78.2533 140.3045
78.2111 140.3536
78.3344 140.4035
78.0925 140.3803
78.2913 140.2457
78.1399 140.2959
78.3004 140.3846
78.1922 140.3670
78.1731 140.3824
78.1092 140.3738
78.3055 140.2836
78.2339 140.3521
78.2264 140.3665
78.2535 140.4834
78.2225 140.4188
78.1829 140.3468
78.2116 140.2662
78.2380 140.3397
78.4042 140.5139
78.4404 140.2870
78.3207 140.4324
78.1726 140.4757
78.1784 140.4303
78.1697 140.3943
