14.3473 56.0606
14.2904 55.9479
14.4709 56.2227
14.1508 56.2678
14.3315 56.3060
14.2423 56.3072
14.2648 56.2399
14.1783 56.1742
14.1600 56.0600
14.3614 56.3164
14.2433 56.0842
14.2833 55.9435
14.4054 56.1581
14.1306 56.1647
14.3522 56.0726
14.4534 56.2141
14.6876 55.9960
14.4331 56.2180
14.2207 56.0496
14.2513 56.2129
14.2373 56.2505
14.2911 56.1045
14.3190 55.9453
14.4820 56.4123
14.2556 56.2076
14.2081 56.2177
14.1803 56.1226
14.5405 56.1075
14.2683 56.1243
14.3094 56.2117
14.4245 56.1211
14.5277 56.1414
14.2484 56.2205
14.2019 56.2052
14.3137 56.2837
14.2895 56.3016
13.9693 56.4423
14.2192 55.9518
14.1670 56.0747
14.4652 55.8367
14.1538 55.9659
14.3744 55.8196
14.1356 56.0408
13.7889 56.0557
14.2294 56.0324
13.9825 56.1512
14.0385 56.1292
14.3101 56.1728
14.0024 56.1887
14.1068 56.1906
13.9937 56.2143
14.1389 56.1294
14.1705 56.0396
14.2582 56.0013
14.1650 55.9524
14.3016 55.7539
14.3493 55.7850
14.1572 55.9329
14.2333 55.9010
14.1876 55.6942
14.3816 55.8767
14.3277 55.9467
14.4151 56.1882
14.2960 55.9596
14.2938 55.9115
14.2786 55.9938
14.4793 55.9454
14.4056 55.9185
14.1864 55.7014
14.2868 55.8752
14.1640 55.9787
14.2060 55.8951
13.9058 55.9945
13.8693 56.0100
14.0851 55.8732
14.1357 56.1378
13.9782 55.9780
13.9918 56.0914
13.9441 56.1359
14.1071 56.0276
13.9602 56.2365
13.9345 56.0149
13.9852 56.1535
13.9511 56.1282
14.2473 56.1376
14.0263 56.0509
14.0427 56.0963
14.0164 56.1296
13.9293 56.1541
13.9373 56.2270
14.3957 56.3916
14.3740 55.9979
14.3594 56.3664
14.2373 56.3241
14.3497 56.2778
14.2140 56.2451
14.3884 56.2032
14.3964 56.2504
14.4298 56.2534
13.9920 56.1625
14.1619 56.1517
14.0027 56.1368
13.9867 56.2034
14.0113 56.1971
14.0411 56.1651
14.0222 56.1214
13.9977 56.1357
13.9643 56.0795
13.9930 56.1414
14.3989 55.8444
14.3336 55.7858
14.2991 56.3001
14.5714 56.2676
14.4909 56.2367
14.3347 56.3350
14.3206 56.2284
14.4798 56.2569
14.3238 56.3887
14.3740 56.1136
14.4019 56.1854
14.6305 56.1439
14.4808 56.1108
14.5997 56.2463
14.2801 56.2203
14.3942 56.1554
14.3661 56.2327
14.2856 56.3950
14.5596 56.2614
14.6120 56.1867
14.2969 56.1682
14.4340 56.2143
14.3854 56.1077
14.2381 56.1436
14.4003 56.0606
14.3770 56.1687
14.2507 56.2550
14.2151 56.0686
14.4326 56.2765
14.3956 56.2921
14.2578 56.2770
14.3950 56.1243
14.4366 56.3742
14.4241 56.2363
14.4824 56.1004
14.2166 56.2037
14.4258 56.2055
14.4967 56.2948
14.2275 56.1773
14.2900 56.1829
13.9660 56.1523
14.0706 56.1861
13.9856 56.0857
13.9891 56.0654
14.0597 56.1210
14.1171 56.1171
13.9790 56.1648
13.9721 56.0871
14.0087 56.1245
13.9747 56.1657
14.0608 56.1315
13.9630 56.1536
14.0321 56.0757
14.0147 56.1821
13.9812 56.1452
14.0096 56.1651
14.0785 56.0489
14.0338 56.1298
14.0317 56.0885
13.8832 55.9349
13.9197 56.0046
13.8847 55.8326
14.2917 55.8378
14.1986 55.8755
14.5879 56.0449
14.4436 55.8795
14.3683 55.9105
14.2361 55.8382
14.1800 55.9562
14.2872 55.9699
14.3315 55.9459
14.1720 55.8638
14.1931 55.7842
14.3380 56.0256
14.2936 55.7770
14.1326 55.9922
14.2641 56.0287
14.2706 55.7867
14.1820 55.9081
14.3836 55.8647
14.4781 55.8939
14.1828 55.8159
14.3023 55.8693
14.3124 55.8126
14.3379 55.9098
14.3025 55.9747
14.2855 55.9356
14.2498 55.9586
14.3580 55.8464
14.3079 56.0231
14.2037 55.7495
14.4298 56.0059
14.2974 55.8976
14.3192 55.8478
14.4379 55.8673
14.2780 55.8024
14.6691 55.9709
14.3660 56.3372
14.3698 55.6808
14.2743 55.6414
14.1858 55.8623
14.4312 56.0052
14.1461 55.7534
14.0027 56.0153
13.9765 55.9715
14.5043 55.8775
14.5763 55.9704
14.4579 56.1815
14.0976 56.2199
14.1449 56.0456
13.8200 55.9626
14.1641 56.0984
14.1615 56.0692
14.1779 56.0567
14.0525 56.1264
14.1119 56.0791
13.9389 55.8851
14.2128 56.1047
14.2661 56.1597
13.9837 56.0707
14.0974 56.1294
14.0486 56.1204
14.2644 55.9628
14.3416 55.8355
14.3352 55.9632
14.3372 55.9047
14.3351 55.8320
14.1769 56.1130
14.0877 56.0523
14.0679 55.9639
14.1565 56.1020
14.0907 56.0792
14.1953 56.0704
13.9973 55.9523
14.1500 56.1413
14.1650 55.9488
14.2097 56.0707
14.1954 55.9175
14.1313 56.2583
14.1336 56.1177
14.2529 55.9431
14.1893 55.9108
14.1935 55.9744
13.9547 55.9897
14.0306 56.0430
14.0365 55.9916
14.1776 56.1517
14.0278 55.9952
14.0919 56.0219
14.1960 56.0714
14.1163 56.0895
14.0731 55.9079
14.0928 56.0362
13.9739 56.1791
14.0400 55.8414
14.3909 56.1448
14.1457 55.7657
14.0125 56.0638
14.0301 56.1551
14.3761 55.9556
14.0859 56.0600
14.0680 56.1157
13.9691 55.9913
