161.0287 468.7434
161.2219 468.7383
161.3371 466.9592
161.3691 468.2413
161.3999 468.3802
161.4047 467.6913
161.4240 468.6138
161.4681 467.8235
161.4754 468.1848
161.4957 468.1891
161.4974 467.9085
161.5627 468.1726
161.5774 468.2017
161.5797 468.5496
161.6014 468.4810
161.6244 468.4416
161.6673 467.9554
161.7032 468.2504
161.7301 471.8588
161.7585 468.6051
161.7705 468.4752
161.7728 468.3183
161.7851 468.8333
161.8008 468.2599
161.8269 468.2438
161.8406 468.6219
161.8455 468.3189
161.8576 468.8561
161.9056 468.8319
161.9084 468.1044
161.9202 467.9084
161.9511 468.4729
161.9820 468.1183
162.0000 466.5798
162.0395 468.5251
162.0469 468.2362
162.0895 472.2461
162.0901 468.2027
162.1241 468.2702
162.1424 468.5703
162.1557 470.2291
162.1596 468.0932
162.2199 471.3685
162.2755 468.3990
162.2783 468.6976
162.2937 468.4343
162.3278 470.3025
162.3325 470.2396
162.3412 469.0575
162.3611 468.0880
162.3641 470.6465
162.3899 469.4308
162.4349 470.5385
162.4574 470.1924
162.4631 470.4266
162.4686 468.9853
162.4808 470.1233
162.5042 470.3877
162.5096 470.2367
162.5321 471.1465
162.5549 470.4034
162.5995 470.4213
162.7039 470.9174
162.7673 470.3728
162.7706 471.0149
162.8035 471.3149
162.8826 470.3582
162.9090 471.2464
162.9112 470.7518
162.9183 470.9780
162.9266 470.5747
162.9814 471.5200
162.9909 471.5568
162.9928 471.2583
162.9996 470.6659
163.0036 471.5522
163.0094 471.0500
163.0123 471.5857
163.0159 471.0592
163.0474 471.1886
163.0582 471.4669
163.0769 471.4064
163.0803 471.2757
163.0954 470.9565
163.1263 470.6044
163.1392 471.2910
163.1522 470.0010
163.1734 471.4060
163.1813 471.2542
163.2428 469.8768
163.2450 469.2206
163.2506 471.6658
163.2686 471.3627
163.2923 470.4145
163.2976 470.7956
163.3141 470.6214
163.3245 470.4271
163.3317 469.0508
163.3663 468.9281
163.3692 470.1747
163.3958 469.2687
163.4197 469.1078
163.4207 470.5350
163.4315 469.1617
163.4591 468.9591
163.4727 469.0423
163.4758 469.0962
163.4839 470.3984
163.4989 469.2473
163.5004 470.2604
163.5029 469.1320
163.5233 470.1884
163.5500 468.7670
163.5567 469.1011
163.5661 470.3286
163.5903 469.2926
163.5965 470.2598
163.6068 469.9803
163.6204 471.5204
163.6272 471.8073
163.6284 470.3169
163.6369 471.1354
163.6397 469.1365
163.6413 470.1968
163.6561 470.2475
163.6616 470.5706
163.6792 468.8836
163.6865 469.0207
163.6999 470.3205
163.7107 468.9612
163.7123 471.1744
163.7356 472.7513
163.7712 470.2337
163.7818 470.2391
163.7834 471.2170
163.8087 469.4288
163.8090 471.0349
163.8263 469.4131
163.8313 471.0155
163.8410 468.7173
163.8466 471.1955
163.8506 469.0233
163.8553 471.0380
163.8605 469.3773
163.8703 471.1524
163.8757 469.2212
163.8836 468.0929
163.8907 469.5100
163.8956 469.1597
163.9147 471.1091
163.9220 471.6602
163.9234 471.2037
163.9245 470.9551
163.9384 471.6793
163.9640 469.1108
163.9718 468.9792
163.9721 470.9565
163.9737 469.1506
163.9849 469.3717
163.9882 469.9110
164.0025 469.4803
164.0423 469.9410
164.0515 469.4371
164.0644 471.1967
164.0657 471.7179
164.0976 471.1466
164.1089 471.6219
164.1127 469.1778
164.1256 469.4483
164.1396 469.5418
164.1490 471.0543
164.1616 469.4917
164.1845 468.3227
164.1846 471.0939
164.1892 468.3632
164.2047 471.1870
164.2274 469.1454
164.2487 471.5223
164.2732 469.1472
164.2865 469.0046
164.2929 469.5267
164.3129 471.0236
164.3198 468.3712
164.3456 469.1740
164.3922 471.1120
164.4283 471.1104
164.4863 468.9222
164.5055 468.8093
164.5670 471.5749
164.6344 471.5437
164.6607 468.3402
164.6672 469.0128
164.7360 469.2646
164.7518 468.5411
164.7588 471.7843
164.7887 468.9709
164.8077 469.0009
164.8958 469.3286
164.9031 469.0228
164.9116 468.8398
164.9986 470.5438
165.0395 468.9904
165.0916 467.8255
165.2797 470.4763
165.3761 469.2359
165.4508 469.2353
165.6100 468.9733
165.6794 468.2390
165.9165 470.0001
166.1544 469.6443
166.3449 470.2137
166.4664 469.3589
166.4941 469.2399
166.5437 469.8466
166.5441 469.6934
166.6571 469.7946
166.6824 468.9782
166.7052 469.3306
166.7625 469.8637
166.8011 469.4929
166.8262 469.4368
166.9200 469.1569
167.0174 469.3938
167.0331 465.4319
167.3292 469.6350
167.4277 468.9183
167.9200 468.9645
168.0051 468.7003
168.0410 468.9846
168.1808 469.7012
168.2320 469.7729
168.2727 469.7733
168.3529 469.2788
168.3819 469.5854
168.3967 470.0682
168.6190 469.9362
168.6353 470.1788
168.7045 481.7563
168.8025 482.1231
168.9112 482.2750
168.9301 481.7037
169.1355 482.5314
169.2045 480.1840
169.2163 481.3362
169.2726 480.0511
169.3830 481.3095
169.4098 481.7583
169.4336 481.4066
169.4446 481.6828
169.5583 480.1850
169.6221 480.4226
169.7260 481.1775
169.7338 480.0797
169.7429 477.9793
169.7565 477.8318
169.8074 478.5392
169.8497 478.2690
169.9241 478.1369
169.9549 468.3642
169.9643 468.2979
169.9644 480.2609
170.0395 481.5299
170.0466 478.1405
170.1075 482.1972
170.1100 478.2329
170.1418 478.5179
170.1658 478.4735
170.1801 478.4887
170.1920 478.3954
170.1943 478.7647
170.1963 478.2912
170.2219 478.2652
170.2393 478.3168
170.2703 478.4606
170.2710 478.5767
170.2711 481.8076
170.2956 478.1785
170.3102 478.6313
170.3371 478.3633
170.3567 478.4603
170.4183 479.8863
170.4500 478.2730
170.4719 478.3853
170.6541 478.3962
170.6942 479.9321
170.8683 480.1383
170.8842 480.3136
170.8887 481.7345
170.9284 480.1608
170.9849 480.0347
171.0798 479.9919
171.1016 480.1222
171.1131 480.4248
171.1191 480.1908
171.1271 480.0812
171.1861 480.1084
171.1955 480.3091
171.1983 480.0566
171.2796 480.1435
171.3376 479.8725
171.5127 480.1459
171.6420 468.1883
171.7130 479.3123
171.7157 480.3272
171.7176 479.0389
171.7267 480.4111
171.7952 479.2769
171.8061 480.0904
171.8063 479.2169
171.8455 479.9834
171.8457 479.6105
171.8486 480.0537
171.8490 480.0076
171.8571 479.9521
171.8708 479.4484
171.8750 479.7033
171.8817 468.1101
171.8855 479.5789
171.8923 479.2871
171.8946 479.8503
171.9064 468.1891
171.9089 479.8782
171.9184 480.4069
171.9314 480.0637
171.9316 480.1595
171.9449 480.2347
171.9757 479.5826
171.9833 468.1412
171.9836 478.9601
171.9995 479.2671
172.0000 479.1523
172.0058 468.5319
172.0204 480.8730
172.0277 480.4232
172.0361 468.3685
172.0412 481.7331
172.0474 479.8758
172.0521 480.1933
172.0527 479.8568
172.0540 480.4316
172.0568 479.4449
172.0831 479.9709
172.0925 479.0076
172.1031 479.4256
172.1326 468.4170
172.1379 468.4420
172.1878 479.6521
172.1915 479.2444
172.2386 481.5155
172.2684 481.7989
172.2828 477.2019
172.2961 479.2511
172.3154 477.1597
172.3351 477.7855
172.3602 481.8155
172.4012 481.6863
172.4048 481.7168
172.4107 479.7946
172.4213 479.3656
172.4557 467.9626
172.4842 479.8831
172.5033 476.8469
172.5639 481.8700
172.6643 481.6671
172.7370 476.6508
172.7451 481.5642
172.8253 467.9608
172.9004 480.7905
172.9600 468.2450
173.0351 468.3970
173.0541 467.7771
173.1020 464.6650
173.1258 467.6476
173.1350 476.9873
173.1919 465.5354
173.1982 468.2491
173.4310 481.6166
173.8246 475.7800
173.8955 476.1524
173.9085 465.5228
173.9199 467.2113
173.9489 465.9619
173.9511 475.9910
173.9922 475.7764
174.0586 484.2773
174.0618 475.8770
174.0747 480.6023
174.1068 476.1832
174.1390 475.8799
174.2201 476.0443
174.2782 465.0093
174.3002 464.9650
174.3271 464.9042
174.3447 484.0939
174.3796 464.9579
174.4806 464.9165
174.5497 465.4769
174.5726 465.2216
174.5826 444.1100
174.6102 465.4653
174.6188 465.2482
174.6188 465.1070
174.6206 444.5179
174.6455 474.7968
174.6577 465.1826
174.7000 465.1292
174.7231 444.2824
174.7390 443.8276
174.8594 474.4970
174.8895 448.1925
174.8959 444.1188
174.9008 465.0867
174.9114 480.8870
174.9120 441.7721
174.9226 444.3480
174.9575 446.6475
174.9706 443.8558
174.9813 474.0888
174.9963 474.1552
174.9964 484.4304
174.9991 444.0372
175.0006 474.3862
175.0148 474.3138
175.0190 474.1410
175.0193 444.1608
175.0230 474.2166
175.0322 474.1351
175.0376 474.2785
175.0738 481.8184
175.0770 467.2612
175.0882 448.1840
175.0974 474.3907
175.1013 474.1488
175.1015 464.8553
175.1092 477.7487
175.1166 446.9379
175.1391 474.9790
175.1519 444.2351
175.1564 474.0881
175.1603 442.3059
175.1693 446.2210
175.1729 475.6320
175.1783 473.7965
175.1955 476.7953
175.1991 474.4320
175.2107 474.2065
175.2182 475.0466
175.2247 475.0393
175.2257 441.6818
175.2593 467.8228
175.2715 474.4515
175.2737 445.6371
175.2925 478.7005
175.2945 474.3180
175.2958 478.9804
175.3038 476.2525
175.3071 473.7376
175.3113 467.7525
175.3140 477.6687
175.3242 441.5559
175.3388 477.6956
175.3421 477.0734
175.3600 476.6782
175.3667 477.7054
175.3896 474.3097
175.4038 467.5490
175.4112 441.4671
175.4130 442.0465
175.4156 477.7095
175.4379 468.4259
175.4486 476.8228
175.4611 468.1423
175.4975 474.5961
175.4979 474.0170
175.5005 446.6321
175.5037 446.5549
175.5060 476.2346
175.5282 441.6714
175.5358 476.9969
175.5382 446.9294
175.5647 442.0915
175.5690 467.5612
175.5726 476.7153
175.5926 484.5793
175.6087 476.7610
175.6218 444.0677
175.6544 472.5694
175.6609 476.8336
175.6916 477.2972
175.7057 477.3311
175.7087 441.6770
175.7104 441.3985
175.7218 477.3253
175.7255 467.5426
175.7316 476.9173
175.7325 476.6222
175.7415 477.2556
175.7510 479.5315
175.7702 476.6832
175.7711 464.3982
175.7975 477.4162
175.8022 478.5666
175.8169 473.0739
175.8267 479.2375
175.8281 479.5014
175.8305 477.5132
175.8307 484.3787
175.8368 477.3160
175.8373 477.7882
175.8478 483.6947
175.8525 479.5809
175.8794 474.8618
175.8913 477.3525
175.9009 446.8863
175.9285 477.9354
175.9365 477.1538
175.9465 484.5074
175.9517 481.1886
176.0302 447.1903
176.0586 479.5510
176.0808 484.5436
176.0974 480.6765
176.1061 479.4268
176.1120 484.3845
176.1171 473.0760
176.1188 484.5730
176.1274 443.7131
176.1320 475.2140
176.1333 471.8373
176.1441 481.0727
176.1534 479.6899
176.1607 472.7993
176.1834 472.3685
176.1996 484.6419
176.2133 472.8640
176.2341 472.4319
176.2485 475.1633
176.2511 480.8389
176.2561 481.0953
176.2771 481.2264
176.2813 473.3669
176.2865 481.4993
176.2991 484.6092
176.3043 472.9266
176.3300 484.5482
176.3336 479.5972
176.3521 473.4254
176.3678 481.1064
176.3715 473.2365
176.3827 484.5896
176.3966 473.2472
176.3980 481.1665
176.4025 481.8217
176.4040 481.4184
176.4065 481.5401
176.4101 472.9388
176.4184 482.4714
176.4200 481.1436
176.4246 479.2216
176.4275 481.4669
176.4279 472.4398
176.4411 482.1674
176.4492 446.7849
176.4800 481.3628
176.4828 482.4073
176.4883 482.3793
176.4932 474.9099
176.4995 482.2598
176.5000 446.3813
176.5082 482.5687
176.5255 446.1858
176.5308 446.4146
176.5339 482.3199
176.5388 482.3121
176.5545 443.2029
176.5590 482.1247
176.5653 444.0190
176.5656 481.9070
176.5670 482.2984
176.5690 481.8612
176.5891 469.9846
176.5897 479.4017
176.5960 481.9334
176.6187 446.2604
176.6228 474.9172
176.6244 473.8172
176.6320 482.3275
176.6348 472.6852
176.6511 444.3453
176.6611 478.5040
176.6662 473.0163
176.6695 475.0976
176.6728 482.4779
176.6762 472.6920
176.6847 475.3915
176.6913 482.4316
176.7001 446.2872
176.7012 444.1514
176.7044 446.6993
176.7053 479.4667
176.7135 479.3244
176.7148 482.2932
176.7288 443.9442
176.7339 482.1882
176.7342 481.8271
176.7415 466.3495
176.7467 482.3718
176.7497 474.3642
176.7543 472.6498
176.7608 446.8583
176.7700 475.1288
176.7758 482.7597
176.7811 446.0013
176.7856 482.4935
176.8058 481.7509
176.8068 475.4914
176.8090 443.9721
176.8234 443.7607
176.8510 475.0866
176.8634 483.9071
176.8746 482.4675
176.8865 443.5012
176.8890 481.5122
176.8903 473.7759
176.8943 483.7303
176.9283 446.6400
176.9412 483.4417
176.9509 444.3441
176.9518 446.7309
176.9656 478.8215
176.9659 483.6516
176.9740 475.2225
176.9803 482.3593
176.9898 479.6455
176.9955 446.7356
177.0457 444.4811
177.0459 473.5650
177.0513 466.9731
177.0548 480.0095
177.0897 481.8575
177.0906 483.4381
177.0920 483.7133
177.1010 481.6984
177.1021 444.0011
177.1089 470.3051
177.1101 443.8106
177.1136 474.2780
177.1179 479.8714
177.1219 444.1436
177.1279 481.7941
177.1424 473.6261
177.1438 483.9106
177.1441 483.7508
177.1470 483.3240
177.1520 482.8909
177.1903 444.1799
177.2003 484.1054
177.2039 444.1436
177.2081 481.3437
177.2164 473.7146
177.2167 473.9834
177.2323 474.1229
177.2344 444.6045
177.2345 481.7378
177.2361 482.8903
177.2465 444.4548
177.2491 482.6930
177.2623 483.8542
177.2724 480.0841
177.2733 444.7359
177.2923 480.0015
177.2931 476.7632
177.3026 479.9258
177.3064 480.0765
177.3110 443.6993
177.3133 473.5750
177.3179 483.7814
177.3242 483.8428
177.3318 444.2045
177.3376 483.3052
177.3447 483.9673
177.3460 483.6000
177.3467 444.2405
177.3645 476.9052
177.3700 483.9526
177.3721 479.8885
177.3771 447.2134
177.3858 470.7901
177.3889 474.6775
177.3896 473.9637
177.3958 483.6797
177.4039 480.1874
177.4043 483.0214
177.4106 471.0345
177.4188 476.5019
177.4194 444.1342
177.4235 444.3694
177.4240 474.7727
177.4262 444.4261
177.4369 483.6860
177.4404 480.0027
177.4419 483.7081
177.4420 483.9753
177.4557 474.2377
177.4573 483.6949
177.4624 471.2276
177.4827 483.6792
177.4914 483.6016
177.5039 483.4169
177.5046 483.8230
177.5122 483.0093
177.5140 444.9814
177.5169 483.0026
177.5176 477.1335
177.5200 483.6375
177.5235 444.2756
177.5246 483.7950
177.5295 482.9945
177.5364 477.1391
177.5409 446.7950
177.5470 484.5620
177.5501 482.9372
177.5582 483.9779
177.5600 477.3208
177.5663 480.9049
177.5666 484.0419
177.5699 483.9355
177.5701 482.9448
177.5703 483.4364
177.5746 473.9671
177.5755 483.0919
177.5818 483.8634
177.5862 483.8114
177.5894 480.3146
177.5926 482.0847
177.5943 477.1705
177.5950 484.1577
177.6099 483.6961
177.6118 448.5479
177.6156 483.7305
177.6182 477.1904
177.6189 447.0113
177.6228 446.6559
177.6308 477.2052
177.6429 483.8867
177.6434 484.4636
177.6524 448.4649
177.6532 484.1215
177.6561 443.7258
177.6597 484.0797
177.6635 483.5443
177.6690 446.9976
177.6744 477.1980
177.6748 479.8345
177.6801 478.7971
177.6973 477.2399
177.6973 482.2190
177.7000 483.0052
177.7056 483.1172
177.7098 448.7599
177.7157 478.7392
177.7161 476.2776
177.7165 483.7779
177.7206 483.7691
177.7225 482.5761
177.7261 477.3680
177.7317 477.2754
177.7318 444.6678
177.7387 478.7975
177.7414 446.7556
177.7439 483.3008
177.7563 477.3090
177.7571 477.5192
177.7593 444.2574
177.7608 483.4030
177.7619 477.4991
177.7699 444.8186
177.7855 447.1169
177.7861 477.4128
177.7930 482.0096
177.8043 483.4872
177.8104 444.8214
177.8125 480.6096
177.8151 477.2444
177.8475 478.7438
177.8533 478.8633
177.8539 477.6945
177.8540 483.6643
177.8688 480.6961
177.8744 477.2531
177.8774 482.3544
177.8804 477.5419
177.8886 477.4231
177.9031 478.9571
177.9037 448.8531
177.9084 482.3859
177.9225 479.4549
177.9271 477.2040
177.9412 477.3983
177.9519 478.9369
177.9724 478.6560
177.9750 482.1486
177.9760 478.9252
177.9834 475.6707
178.0036 483.6089
178.0232 483.8065
178.0266 444.5229
178.0289 478.8347
178.0300 479.1044
178.0839 482.0976
178.0947 478.5904
178.1062 478.9084
178.1169 482.2590
178.1609 479.1002
178.1851 475.8640
178.2511 476.2092
178.2747 479.8204
178.2761 481.2725
178.2828 484.0262
178.2829 478.6332
178.2863 478.7793
178.2939 475.8267
178.2995 478.8429
178.3075 482.9247
178.3140 466.7773
178.3154 480.6346
178.3158 475.9614
178.3508 480.0106
178.3549 473.0576
178.3616 476.1868
178.3888 481.3247
178.4015 474.1974
178.4027 478.8532
178.4310 476.0542
178.4350 478.9339
178.4794 481.3970
178.5103 467.4955
178.5112 478.9337
178.5447 479.8228
178.5518 480.6111
178.5735 478.5535
178.5963 480.7918
178.6025 479.3169
178.6033 481.3818
178.6196 479.0382
178.6435 479.9421
178.6454 480.6534
178.6475 466.9388
178.6561 478.7121
178.6577 480.8762
178.6668 479.0491
178.6755 479.8943
178.6905 480.9896
178.7003 483.8101
178.7325 478.8805
178.7375 480.4544
178.7395 479.1423
178.7765 463.7377
178.7975 477.7841
178.8217 480.7885
178.8242 480.5298
178.8312 477.9659
178.8532 481.1615
178.8578 478.1031
178.8759 481.4189
178.8780 476.6669
178.8880 480.7635
178.8985 479.8989
178.8988 476.7813
178.9153 476.8614
178.9175 481.3157
178.9280 478.5831
178.9326 481.3384
178.9373 481.3956
178.9944 480.7173
179.0028 480.8427
179.0083 478.1295
179.0140 476.5664
179.0180 476.4070
179.0273 481.1834
179.0322 480.9259
179.0468 480.7834
179.0497 467.3176
179.0614 479.9161
179.0621 481.2307
179.0724 480.1625
179.0938 477.8187
179.0940 468.1680
179.1080 468.4098
179.1082 480.4205
179.1120 468.0317
179.1133 468.6809
179.1356 476.9122
179.1500 468.3027
179.1518 480.1529
179.1527 477.0703
179.1536 479.7300
179.1648 476.7415
179.1649 476.9658
179.1702 468.1473
179.1762 468.1241
179.1861 465.2773
179.1881 477.3734
179.1929 468.0946
179.2117 478.0226
179.2141 477.0711
179.2248 467.9617
179.2343 468.4306
179.2515 477.7620
179.2558 464.5049
179.2607 468.0490
179.2639 465.0154
179.2686 481.4604
179.2786 468.3280
179.3016 447.0566
179.3051 476.2873
179.3304 481.0971
179.3475 446.8492
179.3480 481.3478
179.3526 446.8040
179.3623 477.8365
179.3799 477.7875
179.3808 465.6970
179.3822 477.6907
179.3944 467.3061
179.3976 476.4784
179.4009 446.9060
179.4075 476.6158
179.4091 476.6458
179.4143 476.6643
179.4185 476.7709
179.4291 464.3040
179.4391 468.4506
179.4439 476.5289
179.4461 476.6874
179.4504 477.8731
179.4514 476.5125
179.4617 476.6981
179.4656 468.3026
179.4845 447.2177
179.4871 477.9197
179.4890 477.9916
179.5055 468.1822
179.5061 477.0208
179.5410 476.7537
179.5544 476.4535
179.5593 482.5768
179.5663 477.0311
179.5857 465.0184
179.5895 477.8786
179.5936 449.2069
179.5978 477.4123
179.6077 465.2716
179.6107 464.7973
179.6450 464.6880
179.6749 480.1215
179.6821 447.2526
179.7130 476.8942
179.7151 476.9629
179.7229 476.5806
179.7735 468.3516
179.7781 447.0538
179.8116 473.9980
179.8146 477.1823
179.8701 476.9372
179.8824 464.3947
179.9107 465.0497
179.9293 464.4955
179.9413 476.9935
179.9796 477.2264
179.9850 475.6275
179.9902 477.7813
179.9903 479.7725
179.9979 475.1653
180.0488 475.6062
180.0554 480.5592
180.0733 475.7325
180.0818 479.8907
180.0988 474.6744
180.1243 474.2745
180.1310 474.9876
180.1331 474.0936
180.1366 473.8709
180.1508 474.1552
180.1595 473.8635
180.1626 474.9051
180.1678 474.0522
180.1893 474.0008
180.1966 475.5466
180.2032 473.9594
180.2034 474.1031
180.2110 480.5131
180.2206 474.7090
180.2238 468.4103
180.2376 475.7601
180.2379 474.9086
180.2514 475.7540
180.2586 474.9493
180.2708 468.3057
180.2713 476.9386
180.2730 474.0639
180.2914 477.2463
180.2941 457.4794
180.2957 475.6870
180.2975 474.7660
180.3109 475.8607
180.3197 475.7145
180.3268 459.8559
180.3459 447.8807
180.3556 474.9431
180.3573 475.7278
180.3607 463.0835
180.3677 475.3538
180.3774 474.9462
180.3840 462.8681
180.3852 475.9642
180.4318 475.0184
180.4451 473.8271
180.4503 468.4622
180.4552 475.7629
180.4573 474.9674
180.4783 448.4297
180.4828 474.9773
180.4904 458.5293
180.5191 472.9989
180.5598 462.8143
180.5954 475.9189
180.6055 476.7562
180.6272 470.0967
180.6361 458.7942
180.6505 462.8495
180.6531 462.7167
180.7214 472.7404
180.7382 472.4746
180.7452 463.0306
180.7587 469.2911
180.7814 462.6781
180.7961 463.1662
180.8038 472.7593
180.8064 469.5993
180.8066 469.2936
180.8084 469.2086
180.8093 462.5242
180.8104 462.8596
180.8178 462.8764
180.8221 462.6410
180.8315 472.8376
180.8400 464.3038
180.8410 469.2317
180.8456 472.0846
180.8502 472.3236
180.8630 462.8589
180.8784 472.8120
180.8804 463.0350
180.9147 464.2926
180.9151 464.4980
180.9176 464.3814
180.9214 464.3429
180.9232 464.4174
180.9287 462.7431
180.9302 464.1956
180.9332 473.0887
180.9355 469.4617
180.9359 469.4708
180.9365 462.8388
180.9379 469.9164
180.9433 459.3307
180.9510 471.6514
180.9528 471.2314
180.9545 462.6951
180.9622 462.4918
180.9635 469.7632
180.9674 469.9621
180.9681 469.3632
180.9734 470.4325
180.9777 473.0418
180.9797 469.4477
180.9863 472.2657
180.9900 462.9564
180.9995 472.3877
181.0031 473.2066
181.0082 468.9484
181.0171 472.3976
181.0180 469.6782
181.0197 469.2995
181.0220 473.2273
181.0247 469.2176
181.0252 469.3312
181.0272 469.2327
181.0318 469.5576
181.0359 471.0614
181.0373 469.2108
181.0421 471.3915
181.0471 469.8684
181.0518 469.8823
181.0567 468.8174
181.0606 464.4315
181.0731 473.2544
181.0843 462.8895
181.0922 470.3096
181.1001 471.2283
181.1059 471.2094
181.1064 462.8086
181.1081 469.2951
181.1116 450.8730
181.1136 471.1294
181.1143 470.6331
181.1230 471.2436
181.1324 449.8162
181.1378 464.0652
181.1389 471.0956
181.1419 466.6833
181.1443 459.4456
181.1575 463.1778
181.1589 462.7781
181.1625 450.7671
181.1804 450.1749
181.1839 469.1198
181.1972 464.5083
181.2011 451.9673
181.2103 450.8825
181.2109 464.1524
181.2192 469.3548
181.2229 471.1495
181.2345 458.9971
181.2535 447.6038
181.2786 470.9228
181.2786 470.8451
181.2888 473.0831
181.2929 471.1822
181.2975 469.2654
181.2990 470.2297
181.3021 459.4873
181.3144 451.1783
181.3154 469.7161
181.3167 473.5938
181.3169 472.7065
181.3206 473.2831
181.3254 451.1769
181.3322 451.0161
181.3332 459.6537
181.3367 471.2723
181.3500 471.3148
181.3530 458.9373
181.3530 471.4899
181.3610 449.9509
181.3612 459.3396
181.3669 471.1494
181.3693 459.4277
181.3779 462.6396
181.3895 472.9829
181.3895 473.2946
181.3942 459.0256
181.4097 470.4194
181.4195 459.1064
181.4327 473.3102
181.4500 459.5687
181.4646 450.5426
181.4668 473.2098
181.4722 459.7414
181.4729 472.9500
181.4741 450.5696
181.4829 472.9499
181.4927 460.2385
181.5016 459.3452
181.5079 459.2794
181.5081 472.8284
181.5210 473.3663
181.5240 473.4982
181.5262 473.5421
181.5262 458.8723
181.5304 459.7843
181.5350 472.8158
181.5419 472.7627
181.5505 459.0187
181.5550 459.6583
181.5641 473.3586
181.5657 472.1845
181.5683 473.7339
181.5722 450.6958
181.5760 450.7582
181.5779 473.8453
181.5786 451.8269
181.5857 451.7310
181.6133 450.7518
181.6153 462.9292
181.6171 472.3895
181.6172 473.2675
181.6191 473.1209
181.6197 459.6188
181.6344 473.5571
181.6375 473.3579
181.6384 451.7931
181.6426 472.7167
181.6483 459.1574
181.6517 474.1338
181.6805 473.0885
181.6812 459.0577
181.6942 464.3924
181.6951 451.7086
181.7026 472.3773
181.7044 473.3628
181.7100 473.5804
181.7134 473.3360
181.7190 473.5523
181.7229 459.3193
181.7268 473.0006
181.7288 459.0386
181.7328 473.7049
181.7328 446.7321
181.7357 473.1865
181.7371 473.8836
181.7376 473.4215
181.7420 473.7543
181.7472 473.0988
181.7537 470.6221
181.7851 473.3358
181.7902 451.8133
181.7973 473.2170
181.7992 451.9964
181.7994 450.6949
181.8006 473.1742
181.8129 451.5634
181.8204 470.3160
181.8287 473.6939
181.8314 473.2576
181.8323 472.9937
181.8347 473.0593
181.8364 450.9398
181.8441 448.5518
181.8556 447.1679
181.8794 459.3893
181.8907 470.8229
181.8913 470.5559
181.9091 451.8102
181.9096 471.2444
181.9260 451.6027
181.9522 465.0851
181.9560 471.3073
181.9717 464.9079
181.9817 459.4923
181.9865 445.4756
181.9905 465.2563
182.0059 471.8720
182.0260 451.1473
182.0284 473.1307
182.0324 470.9561
182.0336 465.2155
182.0525 471.4616
182.0590 465.3060
182.0607 459.2273
182.0721 464.9926
182.0769 451.0738
182.0858 462.5306
182.1110 471.4918
182.1124 463.9906
182.1183 471.2253
182.1306 462.7459
182.1457 446.6971
182.1475 470.4705
182.1652 470.6271
182.1695 465.2107
182.1792 463.9547
182.2148 464.1245
182.2152 470.9831
182.2612 470.7244
182.2647 464.0605
182.2651 451.7746
182.2682 465.3733
182.2699 463.9662
182.2817 473.1234
182.2836 471.9821
182.2846 465.1853
182.2960 463.9136
182.3289 464.1342
182.3351 463.9805
182.3400 467.3352
182.3475 464.1242
182.3583 464.2873
182.3616 469.6455
182.3627 463.7778
182.3777 471.9408
182.3792 464.0227
182.3794 471.9858
182.3843 469.6382
182.4062 463.8940
182.4303 464.6636
182.4314 450.9512
182.4351 464.7883
182.4639 469.9646
182.4668 471.7941
182.4707 464.1172
182.4930 471.4355
182.5051 471.5156
182.5113 472.7198
182.5192 470.0475
182.5200 465.2421
182.5207 469.7203
182.5276 471.1920
182.5330 469.8293
182.5405 469.8683
182.5451 464.8136
182.5711 464.3487
182.5755 471.7210
182.5809 463.9987
182.5851 464.7763
182.6124 469.6947
182.6155 467.0018
182.6339 471.0763
182.6396 450.0874
182.6597 472.1068
182.6610 466.9586
182.6658 470.4741
182.6677 470.1951
182.6830 464.0266
182.6872 471.7698
182.7104 469.8144
182.7198 471.8358
182.7249 472.2597
182.7258 471.8342
182.7425 471.7823
182.7546 471.7644
182.7551 471.9791
182.7558 469.8776
182.7813 464.9728
182.7833 466.0774
182.8034 465.9685
182.8116 466.8839
182.8273 471.8602
182.8337 471.8749
182.8676 472.1555
182.8694 466.6964
182.9078 466.0639
182.9191 467.0369
182.9206 467.0265
182.9313 447.4280
182.9525 467.0603
182.9848 471.9559
183.0023 466.5374
183.0121 471.9820
183.0297 466.4059
183.0343 471.7606
183.0440 460.6677
183.0475 471.7042
183.0523 471.8996
183.0588 457.0416
183.0636 467.0014
183.0741 466.9010
183.0995 456.1182
183.1146 471.8131
183.1389 447.4130
183.1638 471.6932
183.1908 471.0332
183.2363 471.7780
183.2375 471.9539
183.2400 467.3486
183.2566 472.5084
183.2890 472.1352
183.2953 471.8315
183.3281 471.1651
183.3784 471.1844
183.3820 471.9938
183.3834 471.1926
183.3890 463.9133
183.4165 471.8672
183.4351 471.1031
183.4758 454.9252
183.5070 463.8611
183.5239 470.9553
183.5239 463.9680
183.5523 455.1534
183.6103 464.1755
183.6606 463.9939
183.6753 463.9106
183.6806 463.7809
183.6942 463.9821
183.6954 463.9578
183.6989 469.8880
183.7045 447.0205
183.7218 464.0062
183.7294 464.0930
183.7905 454.3645
183.8014 463.8908
183.8020 463.7224
183.8405 449.7240
183.8637 463.8429
183.8652 472.0237
183.8785 463.8158
183.8834 463.7585
183.8873 460.7451
183.9172 470.5057
183.9236 444.9767
183.9854 449.3819
183.9947 454.3755
184.0238 446.6418
184.0332 470.4938
184.1001 465.5413
184.1015 451.4146
184.1549 451.9998
184.1785 468.9108
184.1952 446.3071
184.2340 447.4593
184.3017 465.5381
184.3061 463.7812
184.3131 469.1222
184.3274 446.6163
184.3310 465.7498
184.3450 468.9622
184.3486 468.9801
184.3656 468.8620
184.3765 465.6454
184.3922 465.5596
184.3982 452.0000
184.4245 451.9073
184.4428 465.7357
184.4531 465.5958
184.4756 461.9200
184.4765 469.0395
184.5537 454.3228
184.5799 461.2401
184.5909 451.6230
184.5974 454.4685
184.6008 465.4150
184.6060 461.0861
184.6150 451.7790
184.6291 461.0746
184.6338 461.3509
184.6682 461.0241
184.6808 466.4321
184.6967 466.1869
184.7001 466.2969
184.7111 461.1692
184.7121 468.9420
184.7346 461.5037
184.7466 461.2665
184.7727 460.1870
184.7949 447.3193
184.8129 466.2109
184.8866 461.3828
184.8979 466.3825
184.9133 466.4277
184.9249 461.3932
184.9525 449.4666
184.9614 450.6426
184.9652 466.1389
184.9824 457.9401
184.9921 466.2933
185.0037 447.2066
185.0726 449.5402
185.0741 466.1785
185.0887 469.0349
185.0985 468.1820
185.1026 450.2999
185.1099 448.8402
185.1201 453.6896
185.1753 459.4649
185.1823 466.5193
185.1823 452.4822
185.1933 457.9971
185.2066 469.4919
185.2092 468.5428
185.2137 468.2261
185.2330 459.3610
185.2436 468.5507
185.2691 449.0347
185.3002 466.7320
185.3010 466.3783
185.3390 450.5314
185.3484 461.0365
185.3701 466.7501
185.4545 448.9516
185.4581 465.9041
185.4624 449.0810
185.5108 465.7698
185.5556 465.7914
185.5608 448.9528
185.5686 448.9838
185.5866 465.9121
185.6064 448.6689
185.6120 449.0626
185.6136 469.0619
185.6245 457.5522
185.6308 449.0778
185.6315 469.4466
185.6496 460.0401
185.6842 469.2743
185.7157 447.3794
185.7211 466.1629
185.7906 468.6071
185.8010 469.1002
185.8269 466.0174
185.8413 468.9515
185.8510 469.2588
185.8563 447.4006
185.8604 447.1550
185.8958 446.9176
185.9369 467.4544
185.9375 456.2853
186.0666 450.3219
186.1290 456.1841
186.1326 447.4059
186.1826 442.4023
186.2041 452.0511
186.2311 447.2493
186.2540 466.2587
186.2825 452.2646
186.2935 459.1591
186.3154 452.2659
186.3294 451.8226
186.3335 456.0952
186.3924 442.3251
186.4384 456.1581
186.4489 447.8499
186.4910 448.0380
186.5101 456.3039
186.5132 449.1040
186.5277 452.3723
186.5676 466.7717
186.5861 450.1656
186.5913 451.9929
186.6017 450.2968
186.6087 466.4321
186.6670 466.5365
186.6685 466.5337
186.6728 441.3317
186.7094 466.0552
186.7127 467.9624
186.8285 444.2267
186.8328 464.9221
186.8473 444.9828
186.8521 466.0195
186.9085 442.5164
186.9159 442.4867
186.9266 447.8440
186.9751 447.1808
186.9848 446.6259
187.0052 458.1678
187.0323 442.6100
187.0342 444.9828
187.0494 442.0705
187.0502 465.9951
187.0537 466.3091
187.0600 466.5407
187.0659 468.7604
187.0734 467.8250
187.1022 441.4402
187.1077 467.5654
187.1294 468.5289
187.1354 441.2879
187.1357 468.0383
187.1381 465.2946
187.1519 465.7268
187.1797 447.8369
187.1862 454.6098
187.1911 445.1981
187.1959 444.9761
187.2022 442.4613
187.2057 467.5275
187.2058 442.1232
187.2162 445.1846
187.2199 454.2221
187.2295 464.7539
187.2513 465.7959
187.2557 451.2060
187.2576 442.5190
187.2601 444.1545
187.2676 465.2178
187.3279 459.8144
187.3373 467.2546
187.3498 468.3775
187.3499 465.1881
187.3500 467.0916
187.3540 467.8331
187.3559 445.0404
187.3717 468.3574
187.3813 467.9628
187.3951 445.2351
187.4009 467.6523
187.4027 467.9184
187.4087 445.0083
187.4154 447.7795
187.4191 467.1499
187.4257 468.4514
187.4306 445.1824
187.4326 445.2164
187.4432 458.7527
187.4489 442.5330
187.4547 444.8129
187.4570 468.2711
187.4598 452.4901
187.4621 443.7264
187.4622 467.3092
187.4888 452.4569
187.4932 467.1857
187.4939 466.1006
187.5102 444.9656
187.5206 445.6654
187.5342 440.7332
187.5476 450.2985
187.5510 442.0250
187.5608 467.4701
187.5615 443.7111
187.5682 445.1053
187.5686 468.1458
187.5800 466.7479
187.6029 440.8975
187.6081 467.9218
187.6139 440.9070
187.6242 445.1432
187.6404 466.0665
187.6421 442.2506
187.6431 445.1678
187.6567 466.7650
187.6569 466.7325
187.6876 463.7173
187.6881 447.3148
187.7090 464.3155
187.7151 447.1149
187.7198 444.3452
187.7326 447.3751
187.7379 467.6230
187.7381 442.2481
187.7388 463.9820
187.7449 445.0036
187.7472 468.1457
187.7564 469.2870
187.7653 464.2042
187.7713 466.7541
187.7749 466.5580
187.7953 444.0812
187.7959 445.0824
187.7970 466.4534
187.8127 467.6527
187.8135 447.3332
187.8145 466.7237
187.8408 467.0627
187.8526 466.7277
187.8551 440.8073
187.8656 443.7810
187.8902 443.5712
187.8911 468.6398
187.9271 466.8507
187.9286 463.0962
187.9329 468.6597
187.9425 450.5255
187.9469 445.3576
187.9620 468.5934
187.9646 468.4557
187.9661 468.7360
187.9722 458.8049
187.9792 448.0429
187.9840 468.0829
187.9858 468.5705
187.9863 451.2377
187.9940 445.1607
187.9996 447.3396
188.0032 465.5406
188.0065 466.7878
188.0203 448.0853
188.0258 445.7354
188.0295 446.0370
188.0470 450.8324
188.0494 467.2685
188.0495 445.8479
188.0512 467.4672
188.0523 464.9621
188.0560 447.9762
188.0649 467.2206
188.0700 450.5271
188.0753 464.8204
188.0903 449.5575
188.1073 448.6786
188.1079 466.6279
188.1115 447.2091
188.1166 447.8960
188.1197 465.7425
188.1210 468.0207
188.1296 444.4826
188.1405 447.8720
188.1544 467.3692
188.1575 445.0131
188.1768 445.0024
188.2269 467.2558
188.2301 445.6668
188.2422 451.0594
188.2474 457.6950
188.2528 448.4279
188.2641 464.7899
188.2651 467.5648
188.2806 468.1082
188.2819 464.7896
188.2860 468.4242
188.3246 468.1410
188.3271 455.4939
188.3302 455.0729
188.3316 468.4850
188.3366 450.8985
188.3572 467.0795
188.3581 454.4068
188.3710 467.4168
188.3748 465.1033
188.3781 446.6520
188.3818 449.0287
188.3900 449.1457
188.4015 468.1174
188.4068 450.8474
188.4319 457.6848
188.4329 457.4617
188.4392 468.5468
188.4426 450.8851
188.4545 449.1963
188.4706 447.6808
188.4743 455.2845
188.4818 450.6399
188.5020 468.9476
188.5143 445.5681
188.5238 451.3633
188.5291 457.5358
188.5346 446.1191
188.5394 455.4262
188.5429 457.7156
188.5443 450.8031
188.5532 445.7449
188.5569 446.1404
188.5628 468.0849
188.5655 456.0042
188.5709 450.2159
188.5733 449.4414
188.5738 453.2924
188.5827 446.1493
188.5844 450.9327
188.5913 467.9789
188.5927 455.6586
188.5980 465.7819
188.5987 446.0527
188.6028 468.4365
188.6047 456.6676
188.6098 450.6053
188.6163 445.6979
188.6163 455.3641
188.6183 468.2043
188.6197 455.2347
188.6302 455.5504
188.6533 450.6318
188.6670 445.4934
188.6681 446.1876
188.6738 467.4374
188.6879 450.1579
188.6957 450.8091
188.7149 468.3137
188.7202 455.5850
188.7469 468.5966
188.7486 451.0189
188.7619 451.0064
188.7648 460.3748
188.7680 446.3362
188.7792 456.9805
188.7871 450.9293
188.7983 457.4891
188.8042 450.9796
188.8066 456.8587
188.8129 468.3520
188.8157 468.7048
188.8326 457.7718
188.8377 457.5425
188.8424 451.0612
188.8444 451.1893
188.8533 467.2535
188.8577 468.3171
188.8639 455.2742
188.8763 451.1976
188.8811 446.4082
188.8828 450.7272
188.8887 451.9192
188.8887 451.1961
188.8901 451.3746
188.8968 451.0753
188.9066 451.2847
188.9121 451.1822
188.9168 450.8637
188.9277 451.1921
188.9416 465.5912
188.9543 443.2682
188.9968 451.1659
189.0278 451.2126
189.0302 457.6401
189.0376 451.7398
189.0517 451.5673
189.0628 451.5506
189.0648 457.3693
189.0791 457.5822
189.0881 451.6727
189.0953 457.7396
189.1111 451.4254
189.1247 463.8050
189.1252 451.4595
189.1358 451.1288
189.1398 454.3574
189.1664 468.4984
189.1762 454.3670
189.1763 451.3749
189.1859 451.6811
189.1882 457.4911
189.1925 462.6383
189.2155 457.5800
189.2159 454.5489
189.2306 451.0652
189.2323 445.9279
189.2409 457.3969
189.2441 454.1512
189.2599 451.9415
189.2668 451.5475
189.2728 458.0885
189.2826 451.2937
189.2936 451.6650
189.2996 445.5884
189.3130 443.1265
189.3166 443.3595
189.3216 454.7911
189.3223 457.1611
189.3265 467.4929
189.3404 454.2825
189.3426 456.9436
189.3437 462.6893
189.3508 453.4697
189.3529 443.1022
189.3658 451.2734
189.3809 445.6745
189.3878 454.7777
189.3962 467.4422
189.4043 445.5513
189.4302 445.1020
189.4388 450.8940
189.4446 447.2243
189.4450 446.9813
189.4471 457.7375
189.4539 451.9329
189.4718 445.8491
189.4763 453.3207
189.4814 453.0182
189.5172 446.1057
189.5186 446.0599
189.5245 442.8568
189.5289 457.0711
189.5308 451.3619
189.5328 445.6244
189.5355 449.1617
189.5479 457.4768
189.5534 452.0081
189.5592 453.9142
189.5607 445.7441
189.5699 467.8093
189.5823 454.2094
189.6255 460.6421
189.6256 445.5324
189.6298 457.5289
189.6421 457.0557
189.6586 462.8454
189.6606 452.4102
189.6619 453.9526
189.6636 458.2182
189.6644 450.8256
189.6656 445.8437
189.6711 457.1615
189.7000 454.0695
189.7200 462.4316
189.7343 457.4826
189.7412 454.0966
189.7423 455.8913
189.7468 456.0652
189.7507 457.9579
189.7527 446.5478
189.7647 445.9186
189.7886 463.1773
189.7927 454.1627
189.8079 462.2805
189.8193 457.3399
189.8236 451.3872
189.8307 454.2392
189.8324 445.5957
189.8420 454.1376
189.8481 454.5037
189.8751 446.0200
189.8776 454.4661
189.8965 463.0457
189.9158 462.5763
189.9209 450.3040
189.9268 449.1435
189.9280 454.3115
189.9307 446.2856
189.9346 449.4441
189.9470 457.2506
189.9479 446.4991
189.9585 457.2696
189.9641 462.9947
189.9679 446.1141
189.9707 450.3654
189.9778 448.9314
190.0722 452.3813
190.1078 457.5040
190.1372 461.0843
190.1389 446.3167
190.1471 456.0521
190.1557 457.5139
190.1588 461.9756
190.1790 462.9644
190.1867 446.2883
190.1960 447.2916
190.2103 449.3141
190.2216 450.4008
190.2297 446.2339
190.2303 446.4775
190.2410 446.3155
190.2751 452.1982
190.2806 446.4371
190.2825 446.4455
190.3084 463.3953
190.3327 446.2246
190.3356 450.4208
190.3494 462.6855
190.3583 444.6095
190.3623 446.4553
190.3665 446.1453
190.4048 463.6871
190.4247 462.8354
190.4336 455.0857
190.4413 449.4032
190.4532 446.5775
190.4762 446.6169
190.6043 451.9551
190.6828 452.3450
190.6836 446.1322
190.6993 446.4514
190.7016 446.6118
190.7773 446.9466
190.8263 449.7140
190.8326 447.1266
190.8346 452.5462
190.8752 452.0730
190.8817 452.1542
190.9140 451.9862
190.9399 454.8853
190.9494 447.6028
190.9712 447.3358
191.0550 446.8415
191.0694 452.3851
191.0712 449.8278
191.0905 452.0605
191.1191 452.2591
191.1245 451.9908
191.1629 452.5028
191.1634 454.1364
191.1757 442.2172
191.1910 448.4225
191.2064 449.5926
191.2072 454.6849
191.2494 450.1939
191.2915 453.8314
191.2966 450.9952
191.3023 440.3895
191.3171 449.4576
191.3408 454.1535
191.3440 449.3772
191.3450 449.3765
191.3541 451.0018
191.3624 454.0642
191.3633 462.1733
191.3753 450.8103
191.3932 449.3198
191.4014 454.0038
191.4083 449.2836
191.4283 450.5991
191.4320 454.0369
191.4344 450.9645
191.4377 452.3091
191.4402 446.7469
191.4445 440.7416
191.4495 454.1971
191.4533 455.1362
191.4710 454.3579
191.4714 443.1584
191.5074 452.5551
191.5082 439.9355
191.5253 443.1636
191.5256 449.6090
191.5506 441.0552
191.5640 455.0152
191.5989 453.8300
191.6072 464.2858
191.6117 440.5733
191.6117 449.5331
191.6163 446.4482
191.6213 443.0398
191.6213 452.3103
191.6214 443.1069
191.6282 440.5470
191.6327 440.8520
191.6344 451.1719
191.6615 452.1031
191.6625 453.9701
191.6843 454.1961
191.6861 455.0482
191.7201 454.7977
191.7236 440.7968
191.7245 443.0901
191.7314 443.4598
191.7343 442.9865
191.7463 446.9848
191.7685 439.9733
191.8216 454.8356
191.8316 451.3144
191.8430 452.4283
191.8554 443.0308
191.8576 443.1733
191.8699 452.2524
191.8928 454.9013
191.9266 452.3159
191.9484 440.4583
191.9554 450.0161
192.0078 451.4630
192.0211 442.5287
192.0350 440.4062
192.0381 443.4578
192.0500 451.1002
192.0876 442.4608
192.1038 440.3431
192.1048 442.3634
192.1179 454.9557
192.1349 443.0990
192.1476 450.4538
192.1489 442.6565
192.1685 454.8633
192.1796 439.8939
192.1913 455.6187
192.1968 461.2108
192.2051 454.9002
192.2094 442.3091
192.2100 454.7850
192.2245 442.2099
192.2295 441.8894
192.2341 454.9218
192.2432 444.4630
192.2451 442.8223
192.2534 454.6546
192.2560 442.2718
192.2578 454.6344
192.2811 449.3455
192.2833 441.2012
192.3152 449.5884
192.3233 454.7137
192.3290 449.8852
192.3459 441.7747
192.3615 442.2634
192.3652 452.6376
192.3984 452.2794
192.4174 442.6474
192.4427 440.1398
192.4491 440.9167
192.4606 454.6838
192.4924 451.9040
192.4966 442.7374
192.5185 442.7292
192.5253 443.4218
192.5388 453.8450
192.5400 449.9046
192.5476 452.5122
192.5647 449.6762
192.5753 452.1341
192.5779 449.9727
192.5799 452.8929
192.5900 452.6477
192.5918 450.0228
192.6002 451.8029
192.6003 442.8570
192.6046 452.4624
192.6094 453.2754
192.6168 452.8237
192.6186 449.9955
192.6244 442.1682
192.6259 450.0261
192.6275 449.4551
192.6333 450.1069
192.6339 452.4790
192.6374 450.2074
192.6671 461.1380
192.6731 450.1135
192.6758 452.4796
192.6799 452.7155
192.6848 448.9198
192.6887 449.9258
192.6900 452.5583
192.7033 451.8045
192.7081 449.9702
192.7119 452.5557
192.7152 451.7639
192.7211 452.4353
192.7249 449.9501
192.7360 440.7471
192.7478 452.0363
192.7613 450.0735
192.7661 449.9684
192.7820 452.6005
192.7848 450.1323
192.7861 449.7781
192.8036 452.4601
192.8047 449.6479
192.8096 442.6700
192.8219 449.8229
192.8311 450.0991
192.8346 452.6637
192.8407 452.8516
192.8420 450.2361
192.8423 450.2444
192.8445 450.0638
192.8466 452.3608
192.8578 452.1054
192.8615 465.3525
192.8686 454.6316
192.8704 453.7908
192.8720 450.0171
192.8807 449.9558
192.9074 442.8271
192.9154 452.5461
192.9174 440.1893
192.9264 450.0677
192.9317 449.9037
192.9386 449.7546
192.9726 454.8657
193.0368 451.7422
193.0426 451.9208
193.0443 461.2414
193.0558 451.4853
193.1157 451.0497
193.1200 449.2054
193.1662 452.4020
193.1685 453.7312
193.1694 450.8163
193.1880 443.1659
193.1919 450.4604
193.2194 450.0935
193.2204 461.3076
193.2343 466.7560
193.2446 450.1763
193.2475 450.0433
193.2529 450.6554
193.2666 449.9993
193.2704 450.7586
193.2804 452.3309
193.3178 450.6244
193.3464 450.8844
193.3467 450.0422
193.3551 450.2542
193.3592 461.3015
193.3812 450.3114
193.3879 450.1826
193.3940 450.1812
193.4054 465.8645
193.4327 450.4809
193.4405 450.5151
193.4492 451.9688
193.4870 450.0685
193.4967 450.8641
193.5000 450.6435
193.5119 453.0087
193.5305 452.9188
193.5315 450.4139
193.5648 451.8280
193.5863 450.0778
193.5883 450.5633
193.5902 450.3163
193.6089 450.7013
193.6128 453.0002
193.6512 452.3432
193.6611 449.9742
193.6696 451.7459
193.6946 451.8453
193.7038 450.1613
193.7105 450.6857
193.7394 452.8371
193.7676 449.9127
193.7809 449.9026
193.7839 449.6995
193.7859 452.9677
193.8380 452.8385
193.8507 451.8050
193.9000 464.7115
193.9055 455.0657
193.9759 450.6415
194.0182 445.8111
194.0400 450.8768
194.0408 449.9007
194.0430 451.7167
194.0592 450.6939
194.0760 443.8279
194.0886 450.6861
194.1918 450.9807
194.1951 452.4983
194.2061 452.2415
194.2246 453.6687
194.2401 450.4251
194.2419 463.8896
194.2424 453.9053
194.2856 450.3181
194.2984 453.1489
194.3037 449.9091
194.3196 450.6709
194.3363 450.8114
194.3411 453.5287
194.3513 450.5894
194.3644 453.0304
194.3679 453.2339
194.3826 450.0694
194.3881 443.3606
194.3934 450.5975
194.4155 450.6299
194.4464 450.5609
194.4518 450.3833
194.4565 450.4816
194.4642 450.8144
194.4742 453.1106
194.4777 450.2084
194.4804 450.4149
194.4817 450.8572
194.4875 453.7290
194.4916 450.1222
194.5083 464.3458
194.5116 450.6630
194.5503 450.3255
194.5629 453.8345
194.5699 453.3269
194.5724 450.2530
194.5826 450.6855
194.5863 450.2058
194.5991 451.9095
194.5991 450.3300
194.6006 450.1783
194.6065 450.5070
194.6074 452.4528
194.6085 453.8739
194.6464 450.5616
194.6465 452.2065
194.6595 451.1366
194.6602 451.7166
194.6628 450.3932
194.6816 450.8013
194.6880 450.1121
194.6989 450.2910
194.7126 449.9912
194.7221 464.3053
194.7309 452.3811
194.7346 451.6334
194.7607 452.5017
194.7662 453.1998
194.7712 450.3457
194.7767 451.6519
194.7833 464.0229
194.8096 452.0991
194.8239 464.5324
194.8367 449.7910
194.8371 452.0494
194.8449 452.1313
194.8475 452.2290
194.8666 464.0317
194.8722 452.0896
194.8764 448.9348
194.8798 452.4656
194.8820 453.5813
194.8979 450.7828
194.9160 451.4722
194.9162 452.5164
194.9180 451.6718
194.9211 447.7997
194.9229 451.4216
194.9238 453.6140
194.9290 452.7729
194.9330 453.1867
194.9396 443.1342
194.9407 452.0783
194.9484 452.1940
194.9538 452.4478
194.9677 452.0469
194.9689 451.7003
194.9691 451.9334
194.9731 443.1349
194.9732 453.0237
194.9793 453.6057
194.9807 453.4225
194.9807 451.9118
195.0187 464.0357
195.0369 451.9315
195.0610 452.6533
195.0940 451.9273
195.0987 449.0028
195.1029 452.4791
195.1152 451.8257
195.1307 453.6065
195.1330 451.9124
195.1358 451.0234
195.1367 452.0825
195.1371 448.8266
195.1595 452.0841
195.1677 451.7105
195.1719 452.6083
195.1730 452.7426
195.1829 452.3662
195.1841 453.6378
195.1861 452.8182
195.1923 443.5532
195.1955 452.0071
195.2120 453.4939
195.2236 451.5147
195.2369 452.5340
195.2418 452.0978
195.2567 452.0664
195.2615 451.8390
195.2618 452.1485
195.2832 452.6057
195.2859 452.1533
195.3001 452.7762
195.3055 452.0226
195.3681 452.4736
195.3711 451.8519
195.4136 448.9028
195.4364 452.0197
195.4369 452.0578
195.4478 448.8937
195.5420 453.2916
195.5612 452.9763
195.6520 452.3813
195.6535 444.2292
195.6838 452.6580
195.7108 453.4629
195.7217 442.2709
195.7642 453.3613
195.7799 442.4402
195.8077 449.4721
195.8665 448.1175
195.8694 448.1277
195.9184 448.0545
195.9188 449.1393
195.9545 450.7882
195.9739 449.1503
196.1088 463.2630
196.1219 453.1908
196.2110 447.7910
196.2190 449.4590
196.2805 448.9601
196.2897 449.0818
196.3089 463.4147
196.3259 463.3174
196.6310 442.6114
196.7190 465.4653
196.9029 447.6327
196.9298 447.5372
197.3545 445.4874
197.3821 444.0139
197.4292 465.0985
197.4566 464.5988
197.4702 465.2576
197.5484 447.1231
197.6060 444.2793
197.7173 464.4520
197.7420 444.2960
197.7738 464.4548
197.8139 465.3649
197.8456 444.2064
197.8634 464.4572
197.9376 464.4893
197.9489 444.2784
197.9700 444.1474
197.9760 464.6948
198.0048 464.0562
198.0978 447.5349
198.1701 463.8683
198.1735 464.2013
198.2201 464.0756
198.2431 444.6589
198.2924 464.6709
198.3183 464.4557
198.3823 464.5297
198.4256 464.4985
198.4445 447.3434
198.4507 464.9539
198.4555 464.5458
198.4875 464.7181
198.4885 463.9203
198.4985 464.4706
198.5377 464.1299
198.5656 444.8570
198.5760 464.4545
198.6277 444.8770
198.7325 464.4281
198.7905 464.7121
198.8342 464.8059
198.8735 463.6045
198.9416 464.2388
199.0767 463.8104
199.1063 444.7123
199.1132 444.6551
199.2442 444.6248
199.3552 464.2211
