25.5818 136.2936
25.5762 136.2912
25.6047 136.4257
25.7873 136.4677
25.6332 136.4362
25.5953 136.4590
25.7284 136.3904
25.7032 136.3525
25.7043 136.4600
25.5512 136.3571
25.6069 136.3680
25.5641 136.4186
25.6020 136.3344
25.5311 136.5149
25.6502 136.3344
25.6873 136.4221
25.6343 136.3185
25.5627 136.4320
25.6251 136.4282
25.6737 136.4276
25.6932 136.1943
25.5153 136.4263
25.5267 136.2274
25.6120 136.2021
25.8100 136.2096
25.6176 136.1900
25.6304 136.3080
25.6896 136.3911
25.6352 136.4482
25.6653 136.3164
25.7047 136.4084
25.6282 136.4211
25.6525 136.3837
25.7237 136.3178
25.6851 136.3312
25.6868 136.3648
25.6842 136.3978
25.5604 136.3656
25.6638 136.3372
25.7227 136.3301
25.5756 136.3773
25.7250 136.3227
25.7030 136.2041
25.6722 136.2165
25.7093 136.2386
25.6542 136.4022
25.7073 136.2651
25.7980 136.4760
25.6335 136.3218
25.6707 136.2499
25.6135 136.3831
25.6561 136.3197
25.7306 136.4274
25.8063 136.4479
25.7446 136.1901
25.8337 136.2353
25.6294 136.3820
25.6941 136.2741
25.7047 136.3698
25.7354 136.3359
25.6540 136.3135
25.7441 136.3224
25.7183 136.3310
25.6655 136.3173
25.6737 136.3969
25.6656 136.3443
25.6763 136.3400
25.6516 136.3188
25.6647 136.3262
25.6428 136.3533
25.6903 136.3605
25.7196 136.3062
25.6517 136.3643
25.6340 136.3146
25.6445 136.3498
25.6866 136.3900
25.7176 136.4247
25.7346 136.3175
25.6321 136.5232
25.6213 136.1658
25.6497 136.2146
25.6712 136.3954
25.4961 136.3820
25.6049 136.2336
25.7513 136.2032
25.6553 136.4289
25.7586 136.3638
25.6676 136.4136
25.7651 136.3602
25.7460 136.3067
25.7242 136.3032
25.7815 136.2105
25.7965 136.2686
25.6209 136.3451
25.7386 136.4280
25.7527 136.3594
25.8302 136.3981
25.7129 136.4215
25.6262 136.3208
25.8318 136.4543
25.7886 136.2958
25.6602 136.3647
25.7547 136.2606
25.7088 136.3946
25.6326 136.3365
25.7485 136.2597
25.6253 136.3576
25.7296 136.3065
