93.2962 52.3966
93.2611 52.5445
93.0291 52.5910
93.1433 52.5601
93.1705 52.6217
93.0961 52.6764
93.1250 52.6618
93.1655 52.7268
93.0537 52.6705
93.1920 52.5350
93.2228 52.6353
93.1268 52.7747
93.2048 52.6325
93.2210 52.5858
93.1547 52.6458
93.3810 52.7172
93.3629 52.5981
93.3453 52.7357
93.2917 52.5453
93.2709 52.5539
93.3052 52.6168
93.3342 52.5123
93.3841 52.7280
93.3331 52.6870
93.4055 52.6501
93.3055 52.6881
93.2927 52.6540
93.4058 52.5743
93.2174 52.5847
93.1030 52.7364
93.1842 52.5899
93.3218 52.7005
93.2254 52.6243
93.2026 52.6032
93.3067 52.5664
93.3140 52.5272
93.3621 52.4824
93.3440 52.4480
93.3477 52.4717
93.1311 52.4080
93.3186 52.5313
93.1390 52.6358
93.2222 52.4758
93.0638 52.4972
93.0921 52.5955
93.2725 52.4519
93.2032 52.5211
93.1399 52.5693
93.2066 52.6078
93.2542 52.6805
93.2205 52.6777
93.2266 52.5506
93.2744 52.7135
93.2440 52.5737
93.2690 52.4511
93.1831 52.5119
93.2187 52.4602
93.2140 52.6829
93.2956 52.4575
93.2677 52.6701
93.3559 52.5086
93.2985 52.5753
93.1968 52.6605
93.2048 52.5010
93.2850 52.4943
93.2647 52.4665
93.1263 52.5647
93.2671 52.5248
93.2729 52.6356
93.3152 52.5813
93.2870 52.6985
93.3235 52.5348
93.2999 52.6004
93.2782 52.4333
93.2053 52.4138
93.3098 52.4900
93.2286 52.5718
93.3083 52.4797
93.3483 52.5201
93.2247 52.4811
93.3608 52.6535
93.2218 52.4913
93.2926 52.4281
93.2690 52.5745
93.3146 52.5498
93.2901 52.5361
93.2618 52.5426
93.2493 52.5414
93.3147 52.6007
93.2876 52.5643
93.3087 52.5029
93.3241 52.5051
93.3176 52.5291
93.3233 52.5846
93.3099 52.5225
93.2743 52.5420
93.3129 52.5957
93.2773 52.5268
93.3241 52.5672
93.2562 52.5635
93.3706 52.5950
93.2641 52.5788
93.2013 52.5356
93.2581 52.5444
93.2610 52.5759
93.2129 52.5578
93.3300 52.5637
93.2703 52.5399
93.2801 52.6042
93.3807 52.4621
93.3421 52.4181
93.2856 52.4456
93.3214 52.5218
93.1432 52.5283
93.3051 52.5130
93.2413 52.4846
93.1752 52.4333
93.2308 52.4755
93.3294 52.4872
93.2091 52.5039
93.2927 52.5244
93.3479 52.4256
93.3632 52.4613
93.2302 52.6215
93.3602 52.4508
93.2351 52.5438
93.1898 52.4592
93.2338 52.5515
93.3267 52.5464
93.2302 52.4548
93.2182 52.4865
93.2231 52.5790
93.2944 52.5371
93.2031 52.5655
93.2806 52.5294
93.2433 52.5684
93.2249 52.5053
93.2073 52.5747
93.2120 52.5610
93.2248 52.5688
93.3099 52.5840
93.2487 52.5667
93.2632 52.6005
93.2608 52.5564
93.2197 52.5895
93.2454 52.4912
93.2621 52.5595
93.2754 52.5628
93.2452 52.5448
93.2998 52.5702
93.2695 52.5541
93.2348 52.5467
93.2128 52.5954
93.2065 52.5547
93.2663 52.5423
93.2593 52.4921
93.3069 52.5312
93.2320 52.5773
93.2573 52.6238
93.2713 52.4996
93.2166 52.5290
93.2888 52.5866
93.2408 52.5550
93.2315 52.5294
93.2973 52.5544
93.2729 52.4805
93.2348 52.5772
93.1872 52.6109
93.2217 52.6214
93.2366 52.5726
93.2700 52.5422
93.2421 52.5391
93.2643 52.5716
93.2582 52.6498
93.2240 52.5272
93.1872 52.5713
93.2729 52.5845
93.2556 52.4813
93.2906 52.5782
93.2650 52.5619
93.2509 52.5668
93.2450 52.5589
93.2504 52.5910
93.2718 52.5624
93.2566 52.5210
93.2384 52.5544
93.2282 52.5798
93.2657 52.5344
93.2552 52.5507
93.3270 52.5670
93.2574 52.5258
93.2805 52.5626
93.2423 52.5041
93.2461 52.5340
93.2284 52.5323
93.2139 52.5377
93.2800 52.4952
93.1680 52.5600
93.2389 52.5451
93.2738 52.5758
93.2443 52.5661
93.2373 52.5759
93.2103 52.6214
93.2316 52.4626
93.3101 52.4887
93.2428 52.5313
93.2742 52.5834
93.2472 52.4821
93.2987 52.5405
93.2095 52.4799
93.2788 52.6075
93.2682 52.5821
93.2457 52.5902
93.2070 52.5626
93.3075 52.6394
93.2579 52.6272
93.2348 52.6457
93.2722 52.6220
93.2553 52.5037
93.2667 52.5897
93.3008 52.5806
93.2785 52.5623
93.2659 52.5656
93.2564 52.5585
93.2899 52.6060
93.2650 52.5551
93.3031 52.7169
93.3846 52.5817
93.3122 52.4384
