74.7748 140.3542
74.9043 140.1607
74.7227 140.3220
74.9464 140.1946
74.8483 140.3291
74.8482 140.2975
74.7516 140.2669
74.9577 140.1907
74.8945 140.2637
74.9949 140.3566
74.9773 140.4090
74.8583 140.3221
74.7790 140.2271
74.8941 140.2962
74.8615 140.2987
74.8856 140.1658
74.9165 140.2888
74.9914 140.1793
74.8084 140.2895
74.7622 140.3917
74.9298 140.1242
74.7518 140.1976
74.7813 140.4329
74.9169 140.2482
74.9061 140.2687
74.8010 140.2679
74.8126 140.3677
74.8521 140.1959
74.8874 140.1622
74.8305 140.3815
74.9402 140.2468
74.8247 140.2731
74.8793 140.2448
74.8400 140.2559
74.8465 140.3075
74.8088 140.2669
74.8509 140.3122
74.8748 140.2890
74.8295 140.2588
74.8538 140.2783
74.7719 140.2886
74.8793 140.2961
74.8562 140.3042
74.9135 140.3230
74.8839 140.3271
74.8247 140.2820
74.7981 140.2397
74.7909 140.2694
74.8041 140.2717
74.8396 140.2888
74.8824 140.3106
74.8587 140.3062
74.8251 140.2513
74.8766 140.2684
74.8171 140.2872
74.8760 140.2347
74.8081 140.3286
74.8999 140.1605
74.7317 140.2754
74.9414 140.1711
74.8765 140.3667
74.8308 140.3336
74.9770 140.3917
74.8409 140.2420
74.7651 140.3197
74.7883 140.2257
74.8864 140.2874
74.9336 140.2142
74.8036 140.2323
74.7564 140.2260
74.8206 140.2367
74.9103 140.1697
74.7160 140.3223
74.8315 140.3107
74.8389 140.2966
74.8862 140.3005
74.8965 140.3193
74.9356 140.3502
74.9410 140.2406
74.8985 140.3411
74.9016 140.2716
74.9233 140.4229
74.9703 140.3359
74.8367 140.2948
74.8556 140.3730
74.7537 140.2743
74.7764 140.2643
75.0624 140.2016
74.8050 140.2287
74.7606 140.2038
