111.5259 143.9682
111.2758 143.9872
111.3230 143.9450
111.3716 143.9703
111.3564 144.1384
111.4205 144.1465
111.4515 144.0494
111.4665 144.1058
111.5595 144.0584
111.2880 144.0400
111.3014 144.0816
111.4066 143.9290
111.4475 143.9116
111.3799 144.0644
111.4913 143.8558
111.3702 144.0342
111.2841 144.0786
111.3553 144.0507
111.3034 143.9036
111.5073 143.9079
111.5552 143.9194
111.3036 143.9706
111.3350 144.0908
111.3636 143.8831
111.4539 143.9718
111.4707 144.0519
111.4687 144.0557
111.4703 143.9490
111.3852 144.0339
111.3736 143.9258
111.3508 143.8981
111.4179 144.0044
111.4493 143.9817
111.4326 143.9505
111.3964 143.9653
111.4868 143.9743
111.3746 144.0272
111.3824 143.9818
111.4116 143.9878
111.3410 143.9866
111.3814 143.9392
111.4184 143.9948
111.3791 143.9930
111.3811 144.0156
111.4158 143.9671
111.4554 143.9975
111.3349 144.1220
111.3330 144.1039
111.3075 144.0720
111.3230 143.9135
111.3360 144.0549
111.3986 143.9778
111.3729 144.0622
111.4015 143.9303
111.5583 143.9517
111.5129 144.0179
111.4783 144.0730
111.3112 143.8512
111.4635 143.9565
111.3759 143.9148
111.4403 143.9371
111.3704 143.9566
111.5240 143.9680
111.2362 143.8439
111.3977 143.9372
111.5807 143.9096
111.4293 143.9121
111.4550 144.0118
111.5301 143.8893
111.4285 144.0693
