66.8285 90.4207
66.7879 90.5190
66.7449 90.4413
66.8418 90.4939
66.8597 90.4124
66.8401 90.5145
66.9667 90.4592
66.8174 90.4919
66.9497 90.4740
66.8358 90.4772
66.7724 90.6336
66.8210 90.5726
66.9445 90.4924
66.8478 90.6142
66.7190 90.4920
66.7136 90.4866
66.8265 90.3805
66.7683 90.5402
66.7748 90.4701
66.8428 90.4057
66.8152 90.3335
66.9335 90.6436
66.6821 90.3716
66.7359 90.5259
66.8866 90.4654
66.7594 90.4696
66.7679 90.3976
66.8189 90.4601
66.7731 90.4042
66.7973 90.5320
66.9020 90.4477
66.8254 90.5067
66.9145 90.5533
66.9004 90.5164
66.7312 90.5537
66.7508 90.5569
66.8067 90.5925
66.8858 90.5895
66.6771 90.4420
66.6561 90.5041
66.8340 90.5706
66.6822 90.3993
66.9179 90.4225
66.9698 90.4425
66.9128 90.3265
66.8687 90.4433
66.8970 90.3311
66.9724 90.3604
66.8355 90.3640
66.8114 90.5321
66.9629 90.4542
