98.1007 114.9639
98.0427 114.8224
98.1499 114.9590
98.0283 114.9290
98.1594 114.9493
98.3055 114.9240
98.1007 114.7046
98.0089 114.8204
98.0690 114.9236
98.2300 115.0065
98.0230 114.8232
98.1463 114.9100
98.0193 114.8351
97.9495 114.8820
98.1909 114.9783
98.1857 114.8763
98.0502 114.7975
98.1444 114.9938
98.1518 114.9060
98.0061 114.9337
97.9626 114.9333
98.1131 114.8757
98.0280 114.9182
97.9923 114.8096
98.2497 114.9590
98.3303 114.9362
98.1760 114.8801
98.0397 114.9352
98.1444 115.0241
98.1786 114.9927
98.1515 114.9529
97.9826 114.8995
98.1050 114.8365
98.1342 114.8518
98.1127 114.9077
98.0966 114.8022
98.1649 114.9343
98.2040 114.8449
98.1273 114.9513
98.2112 114.8791
98.1325 114.9335
98.1290 114.9144
98.2026 114.9655
98.1174 114.9146
98.1589 114.8468
98.1480 114.8391
98.2356 114.8899
98.1936 114.8435
98.1569 114.8117
98.2020 114.9080
98.1139 114.8635
98.1128 114.8569
98.0623 114.9136
98.1640 114.9005
98.1319 114.9540
98.1731 114.8859
98.1559 114.9124
98.2197 114.8945
98.0956 114.7590
98.1754 114.8840
98.1436 114.8923
98.1466 114.8698
98.2026 114.8954
98.1759 114.8973
98.2095 114.9036
98.1388 114.8505
98.1562 114.8952
98.0328 114.7687
98.2112 115.0278
98.1084 115.0140
98.0494 114.9837
98.0893 114.9079
98.0324 114.9160
98.0678 114.9209
98.1422 114.9305
97.9966 114.9467
98.1416 114.9381
98.1367 114.9406
98.1326 114.8776
98.0963 114.8772
98.2222 115.0357
98.0390 114.9985
98.0983 115.0248
98.1852 114.7673
98.1360 114.8490
98.1736 114.8845
98.1816 114.9486
98.1526 114.9652
98.2001 114.9075
98.1852 114.8998
98.1789 114.8900
98.1964 114.9325
98.1974 114.9798
98.1639 114.9071
98.1638 114.9536
98.1843 114.9019
98.1824 114.9373
98.2266 114.8609
98.1922 114.8789
98.2256 114.9611
98.1974 114.8558
98.1993 114.9133
98.2192 114.8977
98.1794 114.8654
98.2226 114.9043
98.1826 114.9129
98.1985 114.8705
98.1798 114.9083
98.1940 114.9038
98.1671 114.8707
98.1713 114.9060
98.1865 114.9009
98.2414 114.9451
98.2343 114.8695
98.2179 114.8770
98.1097 114.9603
98.1203 114.8904
98.2091 114.8707
98.2308 114.8563
98.2329 114.9019
