25.3500 139.5475
25.3057 139.5255
25.3089 139.5273
25.2522 139.5235
25.2649 139.5319
25.2835 139.5803
25.5258 139.4996
25.3152 139.5261
25.4183 139.5615
25.5225 139.3791
25.3137 139.4539
25.4841 139.5197
25.3359 139.5355
25.3992 139.5370
25.3916 139.4572
25.4359 139.4073
25.3900 139.4311
25.4955 139.4341
25.4380 139.4583
25.4067 139.4640
25.4505 139.4617
25.4319 139.4207
25.3872 139.4887
25.3748 139.4152
25.3644 139.4159
25.4095 139.5291
25.5359 139.4987
25.4273 139.3545
25.3881 139.4534
25.4327 139.4529
25.4681 139.4372
25.4191 139.4485
25.4514 139.4239
25.4305 139.5256
25.4016 139.5126
25.4364 139.4669
25.3985 139.5985
25.4299 139.6424
25.6027 139.4365
25.4202 139.4804
25.5784 139.5049
25.4970 139.5654
25.4211 139.4123
25.4084 139.3966
