76.0127 95.9498
76.0543 96.0796
76.1399 96.0939
75.9405 96.1048
75.9589 96.1913
75.9581 96.0391
76.0473 96.1914
76.0118 96.1803
75.9075 96.0473
75.9657 96.1061
76.0071 96.0622
75.9316 96.1330
76.2174 96.0804
76.0022 96.1076
76.0243 96.2254
76.0778 96.0120
76.0760 96.0755
76.0126 95.9915
76.0590 96.1509
75.8944 96.0525
76.0788 96.1158
75.9250 95.9624
75.9183 96.1298
76.1580 96.2061
75.9990 96.0816
76.0718 96.1651
75.8976 96.1011
76.0331 96.1232
76.0319 95.9534
76.0175 96.0051
75.9292 96.1515
76.0704 96.0329
75.9130 95.9723
75.9043 96.1639
76.0601 96.0255
76.0177 96.0987
75.9849 95.9761
75.8919 96.1704
75.8978 96.1549
76.0379 96.0016
76.0697 96.0144
76.0280 96.1479
76.1200 96.1179
75.8878 96.0931
76.0806 96.1702
76.0561 96.1054
75.9218 96.1019
75.9590 95.9455
75.9909 96.0237
76.0501 96.0449
76.0779 96.0507
76.0613 95.9790
76.0748 96.0023
75.9790 96.1571
76.1326 96.0674
76.0082 96.0404
75.9869 96.0054
75.9556 96.0305
75.8640 96.1094
76.0045 96.0815
75.9473 96.0435
76.0162 96.1376
76.0096 95.8961
76.1301 96.0400
76.0534 96.0467
76.0306 96.0182
76.0788 96.0776
76.0128 95.9686
76.1168 96.0133
75.9865 96.0708
75.9885 96.0282
76.0857 95.9686
75.9886 96.0609
76.0008 95.9581
75.8954 96.0999
76.0610 95.9160
76.0449 95.9927
76.1045 96.1035
76.0658 96.0591
76.0456 96.1003
76.0359 96.1126
75.8930 96.0664
76.0196 96.0427
76.0386 96.0458
75.8333 96.1244
76.0602 96.0203
76.0613 95.9729
75.9833 96.0583
76.0391 96.0984
76.1723 96.1032
76.0716 96.1152
75.9825 96.0112
75.9396 96.0669
76.0396 96.0906
76.0684 96.0351
75.9023 96.0962
76.0899 96.0812
76.0536 96.2558
75.8778 96.1695
76.0339 96.1371
76.1365 95.9913
76.1599 95.9171
76.0886 96.0949
75.9907 96.1017
75.8994 96.0612
75.9910 96.0967
76.0150 96.1156
75.9838 96.0613
75.9078 96.1578
76.1800 96.0201
76.0998 96.1530
75.9386 96.0428
76.0697 96.1480
76.1375 96.1004
76.1635 96.0987
76.1271 96.0048
76.1410 96.1240
75.9303 96.0853
76.1371 96.0771
76.0285 96.1218
75.9739 96.0456
75.9194 96.0621
75.9476 96.0193
75.9795 96.0573
76.0711 96.0228
75.9401 96.1179
76.0893 95.9332
76.1780 96.0130
76.0711 96.1101
76.0560 96.1072
76.0634 96.0023
76.2715 96.0167
75.8483 96.1252
76.2318 96.0030
76.1500 96.2112
76.1038 96.0374
76.1970 96.1396
76.1105 96.1076
75.9263 96.1218
76.1757 96.1816
76.0389 96.0919
76.0996 96.0973
76.0971 96.0497
76.0808 96.0923
76.1127 96.0355
76.1502 96.0681
76.1335 96.0912
76.1097 96.1073
76.0819 96.0334
76.1359 96.0481
76.1523 96.2344
76.1368 96.0609
76.1129 96.0866
76.1271 96.0592
76.1406 96.0698
76.1036 96.0449
76.1533 96.0039
