45.7050 91.0513
45.5711 91.0502
45.6582 91.1155
45.7634 91.0708
45.4810 91.1315
45.5929 90.9640
45.5416 90.9689
45.5502 90.8978
45.4838 91.1805
45.5766 91.0638
45.7116 90.9825
45.7642 91.0133
45.4452 90.9622
45.5793 90.9550
45.5948 91.0167
45.5177 90.8598
45.5558 90.8287
45.6475 91.0109
45.6147 90.9053
45.6983 91.0811
45.6205 91.0621
45.6218 90.9601
45.4842 91.0587
45.6793 91.0639
45.7004 91.0409
45.7039 91.0894
45.5646 90.9617
45.5513 91.1358
45.6555 90.9343
45.4982 90.8032
45.6894 91.0618
45.6817 90.9942
45.6083 90.9740
45.6722 90.9127
45.6429 90.9625
45.7862 91.0465
45.7360 91.1264
45.7046 90.9722
45.6171 90.9561
45.5188 91.1427
45.7148 90.9663
45.7198 90.7932
45.6686 90.9485
45.7523 91.0344
45.6566 90.8741
45.7388 90.9679
45.6687 91.1399
45.5180 91.1999
45.7903 90.9076
45.4144 91.0588
45.6265 91.0875
45.5440 90.8421
45.5899 91.1423
45.7188 91.0860
45.7772 91.0179
45.7415 90.9621
45.6943 90.8944
45.7715 90.9796
45.6092 90.9778
45.7367 91.0543
45.4869 90.9811
45.6158 91.1631
45.5851 90.9957
45.6722 90.9784
45.6840 90.8547
45.6591 91.1263
45.5888 91.1220
45.6054 91.0242
45.4661 90.9911
45.6874 90.9419
45.5891 91.1393
45.4438 90.9250
45.6077 90.8249
45.6254 90.9748
45.4522 91.1411
45.5625 90.8247
45.7849 91.0421
45.5014 91.1719
45.7335 91.0112
45.6184 90.9239
45.3971 91.1384
45.5515 91.0610
45.6327 91.0509
45.6349 91.0910
45.6661 90.8980
45.5439 91.1392
45.4717 91.0886
45.5510 90.9032
45.6086 90.9234
45.6401 91.0721
45.5260 90.9581
45.7211 90.9350
45.6945 91.0214
45.7283 90.9186
45.7935 90.9257
45.7810 90.9163
45.7782 90.9267
