128.3926 147.6507
128.4250 147.5882
128.5672 147.5067
128.3927 147.5793
128.6179 147.5591
128.4413 147.5957
128.4674 147.5432
128.5551 147.6178
128.5499 147.6972
128.4591 147.6365
128.5764 147.5291
128.3511 147.4692
128.4689 147.4959
128.3465 147.5222
128.4434 147.5049
128.4680 147.5788
128.4199 147.5897
128.4769 147.6846
128.5835 147.5928
128.5249 147.5293
128.5411 147.4988
128.4909 147.7000
128.4584 147.5915
128.4805 147.5828
128.4694 147.5287
128.4342 147.6035
128.4484 147.5906
128.5337 147.4935
128.4817 147.6010
128.4728 147.6706
128.4299 147.5183
128.5236 147.6099
128.5521 147.4915
128.4637 147.6923
128.4985 147.6214
128.4379 147.4627
128.4494 147.5598
128.4876 147.4079
128.4438 147.5686
128.4256 147.4904
128.4543 147.5742
128.3904 147.5351
128.4813 147.5449
128.4887 147.6214
128.3163 147.5273
