77.9276 140.4020
77.8355 140.4630
77.9408 140.4106
77.6500 140.4867
77.7515 140.3468
77.7269 140.3324
77.6904 140.3975
77.6605 140.3002
77.7795 140.4626
77.7605 140.4093
77.8367 140.3594
77.8894 140.2323
77.8948 140.2971
77.9074 140.4255
77.8114 140.2425
77.8174 140.4555
77.8087 140.5117
77.9391 140.1588
77.8686 140.3315
77.7295 140.5012
77.7061 140.5256
77.7584 140.4304
77.9311 140.3652
77.7467 140.2272
77.8240 140.2889
77.9604 140.2456
77.6994 140.2271
77.8355 140.3775
77.7867 140.4507
77.8507 140.3772
77.7757 140.3548
77.9069 140.3542
77.9009 140.4372
77.8378 140.4082
77.8531 140.3799
77.7820 140.4037
77.9446 140.3462
77.7426 140.2614
77.7740 140.3817
77.7780 140.3957
77.7969 140.3624
77.6400 140.2981
77.8239 140.3367
77.8107 140.4383
77.7655 140.4395
77.7140 140.3933
77.9076 140.3774
77.8599 140.3017
77.6685 140.4880
77.7898 140.4353
77.6983 140.4202
77.7939 140.3942
77.7663 140.3449
77.7878 140.4587
77.9541 140.2666
77.8466 140.4714
77.8555 140.2763
77.7318 140.4566
77.7039 140.4874
77.8252 140.2949
77.7473 140.4874
77.8855 140.3631
77.8639 140.4064
77.7183 140.3875
77.7850 140.4726
77.9441 140.3285
77.8154 140.2334
77.7745 140.4871
77.8078 140.4081
77.7390 140.4321
77.8554 140.3876
77.8670 140.3024
77.6944 140.4917
77.7436 140.4881
77.7478 140.4007
77.7478 140.3665
77.7120 140.3739
77.7936 140.4048
77.8159 140.2887
77.8616 140.3873
77.8548 140.4639
77.9320 140.3286
77.8483 140.3897
77.8508 140.3423
77.8190 140.4157
77.7414 140.3586
77.7460 140.3641
77.7446 140.4092
77.7777 140.4339
77.7714 140.3850
77.8113 140.3945
77.8317 140.3634
77.9778 140.2083
