104.4436 118.9054
104.6833 118.7721
104.5269 118.9403
104.4817 118.8672
104.4994 118.8851
104.6449 118.8885
104.4339 118.8233
104.5500 118.8191
104.6389 118.8750
104.5994 118.8300
104.5341 118.8279
104.5731 118.8297
104.5369 118.9207
104.4800 118.9056
104.6304 118.8770
104.6963 118.9336
104.6865 118.8895
104.6485 118.8308
104.7151 118.8484
104.7030 118.8946
104.5090 119.0212
104.6116 118.9796
104.5534 118.9345
104.4542 118.9892
104.5654 118.8335
104.5242 118.8868
104.6700 118.9402
104.4975 118.8255
104.6724 118.9491
104.4605 118.9851
104.5269 118.7798
104.5638 118.9182
104.6227 118.9681
104.5747 118.8892
104.6537 118.8680
104.6058 118.8318
104.5961 118.8604
104.6144 118.9612
104.5898 118.9627
104.5952 119.0220
104.6484 118.9717
104.5969 118.9847
104.5445 118.9436
104.6256 118.9073
104.4841 118.9389
104.6423 118.8367
104.5542 118.8695
104.5701 118.9638
104.5223 119.0217
104.5421 118.8117
104.6969 118.8804
104.5543 118.8528
104.4372 118.8900
104.4616 119.0199
104.5909 118.9100
104.6796 118.9585
