44.5227 100.6714
44.4097 100.5588
44.5989 100.5114
44.5576 100.5317
44.4852 100.4561
44.5079 100.4536
44.4597 100.4064
44.4680 100.5366
44.4383 100.6758
44.4313 100.5491
44.4057 100.5109
44.3460 100.4277
44.3855 100.4923
44.3568 100.3859
44.4231 100.4951
44.2933 100.5799
44.4328 100.5310
44.4444 100.4591
44.3868 100.4651
44.5376 100.5177
44.5072 100.4412
44.4471 100.5079
44.5054 100.4712
44.4414 100.5329
44.4481 100.4573
44.4046 100.6100
44.3564 100.3018
44.4184 100.5777
44.4507 100.4755
44.4370 100.5377
44.4508 100.5644
44.4689 100.6379
44.4225 100.5919
44.4462 100.4920
44.5137 100.5357
44.4666 100.4571
44.5257 100.6848
44.4417 100.5058
44.5903 100.4705
44.4185 100.5184
44.5200 100.4958
44.4518 100.5545
44.5125 100.5215
44.5164 100.6360
44.3892 100.3664
44.5750 100.5246
44.5126 100.4503
44.4429 100.4534
44.5541 100.4260
44.3587 100.5184
44.5146 100.4710
44.4777 100.5610
44.5619 100.5145
44.5300 100.6018
44.6020 100.6119
44.5210 100.3621
44.5470 100.3687
44.5782 100.5239
44.5129 100.4387
44.3895 100.4966
44.5090 100.5120
44.4971 100.5105
44.4737 100.4294
44.3904 100.4447
44.5400 100.5775
44.4070 100.4879
44.4869 100.4773
44.5102 100.5595
44.5448 100.5444
44.4578 100.4411
44.4973 100.5264
44.5189 100.5327
44.5832 100.5632
44.5522 100.4749
44.5341 100.5100
44.4521 100.4153
44.5418 100.4674
44.5530 100.5625
44.5563 100.4198
44.5244 100.5426
44.4924 100.4199
44.5810 100.5423
44.5273 100.5580
44.4321 100.5440
44.4991 100.5644
44.4214 100.6001
44.5711 100.4065
44.6291 100.4987
44.5593 100.5021
44.4746 100.6628
44.4362 100.5696
44.5107 100.4962
44.4966 100.3660
44.6285 100.4588
44.4192 100.4640
44.4754 100.5173
44.5324 100.5013
44.5377 100.5399
44.3973 100.4830
44.5350 100.5405
44.5678 100.6497
44.5666 100.5538
44.3745 100.6146
44.4170 100.3058
44.5710 100.4475
44.5566 100.4404
44.5684 100.4769
44.4633 100.6241
44.4767 100.5095
44.6021 100.4743
44.5442 100.5453
44.5977 100.5008
44.6101 100.4865
44.5660 100.4403
44.4181 100.4395
