117.2316 153.3997
117.1010 153.7424
117.3825 153.7848
117.3137 153.5886
117.0851 153.6291
117.3673 153.5649
117.2467 153.6794
117.1713 153.7637
117.0974 153.6352
117.3123 153.6626
117.1717 153.5336
117.3459 153.5610
117.4933 153.6969
117.2991 153.6070
117.2604 153.6777
117.1639 153.3885
117.1986 153.7229
117.2727 153.6097
117.2548 153.6626
117.3858 153.5178
117.2403 153.5291
117.3385 153.6157
117.4467 153.4390
117.3394 153.4849
117.3711 153.6109
117.2817 153.4444
117.2717 153.6362
117.3859 153.6048
117.3988 153.6626
117.4971 153.5998
117.5071 153.5636
117.5199 153.4941
117.4490 153.4828
117.4600 153.5982
117.4854 153.4728
117.2412 153.5285
117.3044 153.5959
117.3476 153.5565
117.1335 153.5714
117.1811 153.4462
117.3320 153.4765
117.3933 153.7015
117.2491 153.5767
117.2991 153.6274
117.3566 153.6057
117.3168 153.6283
117.4208 153.6666
117.3716 153.6224
117.2395 153.5874
117.3248 153.5717
117.1409 153.7473
117.2695 153.6268
117.3530 153.6303
117.3832 153.5943
117.4566 153.6084
117.3583 153.6490
117.3584 153.6473
117.2072 153.5777
117.4746 153.5979
117.4202 153.6805
117.3225 153.6135
117.4507 153.6462
117.3917 153.6796
117.2870 153.5929
117.2458 153.5239
117.4697 153.6451
117.3061 153.5215
117.2437 153.4955
117.5258 153.6214
117.3104 153.5582
117.2984 153.5323
117.2579 153.6431
117.4609 153.5032
117.3135 153.4640
117.2599 153.5089
117.4142 153.5569
117.2586 153.6520
117.3700 153.5287
117.2938 153.5160
117.3379 153.6557
117.2584 153.6242
117.4825 153.7082
117.2997 153.5185
117.3148 153.6183
117.3135 153.6448
117.3048 153.8175
117.2121 153.5173
117.3942 153.6243
117.1832 153.5477
117.3232 153.5490
117.4491 153.5173
117.3295 153.5021
117.2632 153.5820
117.4114 153.4837
117.3274 153.5723
117.2409 153.5268
117.3560 153.4775
117.2694 153.5629
117.2157 153.5661
117.2857 153.5197
117.2965 153.8110
117.3825 153.6905
117.2384 153.4520
117.2419 153.7277
117.3119 153.5734
117.5059 153.6097
117.4058 153.6146
117.3257 153.5704
117.3808 153.5322
117.2955 153.5319
117.4231 153.6583
117.3855 153.4482
117.3975 153.5735
117.4336 153.6004
117.3081 153.6196
117.2658 153.5835
117.2832 153.5639
117.1749 153.6632
117.1669 153.5013
117.3153 153.6591
117.1874 153.7193
117.2309 153.6020
117.2812 153.5403
117.3084 153.6111
117.2498 153.5760
117.2314 153.6676
117.1678 153.6663
117.2087 153.7239
117.4001 153.5830
117.3161 153.6828
117.4466 153.5954
117.3432 153.5624
117.2781 153.6081
117.1497 153.6169
117.3864 153.6858
117.3568 153.5679
117.4047 153.5194
117.3361 153.5798
117.3650 153.5562
117.4208 153.5950
117.3716 153.7767
117.3507 153.6812
117.3894 153.6091
117.2188 153.6799
117.3687 153.5471
117.3666 153.6991
117.4091 153.6192
117.4952 153.6887
117.3326 153.6045
117.3664 153.6169
117.3125 153.6509
117.1739 153.4140
117.4730 153.5273
117.5073 153.6215
117.2369 153.7038
