153.0907 102.9900
152.9311 103.0980
152.7892 103.0498
152.7727 102.9240
152.8577 103.1191
152.7693 103.0316
152.7759 103.0590
152.8223 102.8648
152.8286 103.0234
153.0071 102.9732
152.8659 103.0359
153.0057 102.9790
152.8933 102.9409
152.9282 102.9167
152.7722 103.0657
152.8476 102.9739
152.8970 102.9283
152.9069 103.0720
152.9922 102.9280
152.9991 102.8982
152.8675 102.9887
153.0925 103.0336
152.8917 102.9449
152.9430 102.8560
152.9342 103.0189
152.9345 102.9388
153.0017 102.9273
152.9265 102.8882
152.9801 102.9890
152.8831 102.8756
152.8174 102.9556
152.9590 103.0028
152.9903 102.9756
152.8177 103.0905
152.8126 102.9260
152.9034 102.8387
152.8822 102.9043
152.9787 102.8831
152.8313 103.1222
152.9218 103.1845
152.9581 103.0868
152.8703 102.9433
152.8403 103.1019
152.9286 102.9926
152.8111 103.0354
152.9616 103.0931
152.9317 103.0068
152.8540 102.9550
152.9499 103.0841
152.9582 102.9773
152.8400 102.9789
152.8484 103.0098
152.9431 103.0186
152.8909 102.9467
152.8893 102.9795
152.9723 102.9975
152.8759 102.9778
152.8601 102.9285
152.8744 102.9535
152.9329 102.9425
152.9417 103.0399
152.9157 102.9792
152.9687 103.0354
152.8503 103.0431
152.9027 102.9811
152.8570 102.9175
152.8601 102.9510
153.0441 102.9419
153.0743 102.8512
153.0640 102.9712
