37.2132 143.9853
37.0343 144.0973
37.1124 144.1618
37.1564 144.1152
37.1525 144.2225
37.0801 144.1946
37.1587 144.1207
37.1648 144.0593
37.1830 144.3535
37.1648 144.2670
37.1000 144.2980
37.3727 144.3550
37.2844 144.2565
37.3278 144.2520
37.0652 144.1336
37.2508 144.3040
37.2850 144.2315
37.2614 144.1811
37.0356 144.1626
37.2123 144.0771
37.1083 144.0748
37.1062 144.0738
37.2932 144.2436
37.0663 144.1502
37.0032 144.1996
37.3944 144.1853
37.0062 144.2229
37.1757 143.9851
37.0681 144.1679
37.1659 144.2253
37.2383 144.2029
37.3042 144.0134
37.1344 144.2307
37.1406 144.1574
37.2304 144.1491
37.3126 144.1601
37.1528 144.0837
37.2008 144.1917
37.1626 144.0073
37.1232 144.2338
37.1872 144.2666
37.1677 144.1662
37.0100 144.3473
37.3792 144.2365
37.2091 144.2202
37.0773 144.3599
37.0971 144.2203
37.2450 144.2519
37.1140 144.1658
37.0813 144.2241
37.0807 144.2483
37.2042 144.3069
37.1045 144.2232
37.1339 144.2406
37.1990 144.2691
37.1133 144.2209
37.1795 144.3327
37.1512 144.2756
37.1624 144.2103
37.1434 144.2479
37.0213 144.2100
37.1621 144.2184
37.1495 144.1860
37.1394 144.3024
37.2366 144.2680
37.2357 144.2718
37.2328 144.3073
37.2040 144.2630
37.2471 144.2027
37.1522 144.2975
37.0906 144.2259
37.0865 144.2002
37.2640 144.0722
37.1285 144.0339
37.4108 144.1385
37.1881 144.2533
37.3316 144.2016
37.3438 144.1256
37.2962 144.2112
37.2133 144.2011
37.1848 144.1392
37.2968 144.1536
37.3092 144.0942
37.0478 144.3549
37.2974 144.2754
37.2987 144.2403
37.3682 144.2491
37.3483 144.2876
37.2712 144.2073
37.3055 144.2039
37.2405 144.3174
37.2129 144.2612
37.1226 144.2212
37.3076 144.1877
37.2343 144.1883
37.2039 144.2603
37.2123 144.2889
37.2172 144.2111
37.2357 144.2225
37.2796 144.2411
37.2598 144.2222
37.1896 144.2993
37.3150 144.2542
37.3223 144.3833
37.2394 144.3679
37.2655 144.3591
37.2873 144.1316
37.1535 144.3619
37.2863 144.3512
37.2668 144.3053
37.3570 144.2737
37.3470 144.1948
37.1658 144.3587
37.1940 144.2347
37.2179 144.2862
37.2123 144.2849
37.1568 144.2102
37.2651 144.2450
37.2648 144.2574
37.2736 144.2218
37.2077 144.4147
37.3358 144.2067
37.1439 144.2991
37.1410 144.2386
37.3617 144.2954
37.3421 144.3452
37.2324 144.2540
37.4069 144.2990
37.3582 144.2869
37.1711 144.2525
37.2075 144.3112
37.1615 144.2691
37.3015 144.2303
37.2294 144.2365
37.3748 144.2595
37.3579 144.2212
37.2847 144.2838
37.3087 144.3106
37.3386 144.2473
37.3236 144.1566
37.0990 144.3413
37.3936 144.2685
37.2763 144.2668
37.2788 144.3262
37.2917 144.3645
37.3649 144.3276
37.1661 144.1257
37.4070 144.1627
