68.9078 95.9789
68.8838 95.9774
68.8457 96.0992
68.9979 95.9466
68.8905 96.0454
68.7924 95.9989
68.9355 95.9722
68.8463 95.9926
68.8806 95.8953
68.7189 95.8819
68.6870 96.0235
68.8660 96.1169
68.7484 95.9323
68.9158 95.9548
69.0283 96.0699
68.8643 95.9414
68.8432 95.9783
68.9360 96.0034
68.8571 96.0168
68.8506 95.9886
68.7790 96.0179
68.9150 96.0135
68.9114 96.0747
68.9684 95.8797
68.6614 96.0285
68.7376 95.9437
68.9035 96.0974
68.8010 95.9492
68.9193 96.0131
68.6652 96.0853
68.8144 95.9361
68.9184 95.9956
68.8720 96.0460
68.8459 95.9645
69.0287 96.1397
69.0366 96.1077
68.8721 95.9691
68.8544 95.9748
68.8839 96.1519
68.9222 95.9566
68.8447 95.9835
68.8254 95.8990
68.8438 95.9662
68.9175 95.9006
69.0026 96.0973
68.8451 96.0281
68.8593 96.2054
68.9031 96.0408
68.9478 96.1532
68.8712 96.0299
68.9773 95.9267
68.8570 96.2164
68.9789 96.0088
68.8480 95.9690
68.7682 95.8461
68.9711 95.8743
68.9131 96.0386
68.7182 96.0658
68.8843 96.1311
68.8812 95.9258
68.8366 96.0114
68.8539 95.9835
68.8350 95.8061
68.8375 95.9288
68.9114 95.9577
68.7787 96.0310
68.7923 95.8914
68.8921 96.0529
68.9636 96.0108
68.8925 96.0500
68.7695 96.1305
68.8133 96.0128
68.7999 95.9957
68.6974 96.1432
68.9107 95.9540
68.8489 95.9691
68.9182 95.9168
68.9578 96.0129
68.9066 96.1062
68.9175 95.9771
68.9499 96.1252
68.8664 95.8392
68.7326 95.8907
68.7797 96.1117
68.9624 95.8834
68.7546 96.0620
68.6691 95.8600
68.7620 96.1261
68.8113 96.0918
68.8592 95.8025
68.9490 96.1830
69.0282 95.9671
68.8661 96.0320
68.8804 96.0387
68.8595 95.8591
68.9031 95.9963
68.8560 95.8544
68.9818 96.2102
68.9963 95.9562
68.9292 96.0439
68.7966 95.9618
68.7670 95.8361
68.9663 95.9913
68.9148 96.0027
68.9222 95.9767
68.9721 96.1172
68.8295 95.9932
68.8358 95.8410
68.9428 95.8325
68.8653 96.0815
68.9427 96.0722
68.7930 96.1052
68.8191 96.1496
68.9007 96.1320
68.9694 96.0240
68.9047 96.0303
68.9014 95.9482
68.8361 96.0010
69.0079 95.9445
68.8764 95.9704
68.8645 95.8504
68.9323 96.0520
68.9293 96.0406
68.8724 96.0404
68.8999 96.0212
68.9149 96.0157
68.9099 95.9764
68.9087 96.0119
68.9221 95.9829
68.8786 95.9799
68.9702 96.0311
68.8807 96.0840
68.8625 96.0808
68.6344 96.0099
68.9727 95.9647
68.9063 96.0120
68.6762 96.0684
68.7318 95.9720
68.9877 95.9655
69.0195 95.9291
69.0138 95.9435
