104.9253 123.0739
104.8720 123.1338
104.8257 123.0629
104.8134 123.0758
104.9671 123.0736
105.0340 123.1699
104.9623 123.1329
104.9316 123.1931
104.9353 123.0686
104.9429 123.0286
104.9947 123.1588
105.0618 123.1484
105.0615 123.2459
104.9969 123.1062
104.9633 123.0114
104.9197 123.0937
104.9336 123.2101
104.8730 123.1547
104.8519 123.0756
104.8051 123.1980
104.9767 123.1976
105.0945 123.1309
104.9943 123.0969
104.9498 123.0172
104.8859 123.0974
105.1094 123.2299
105.0260 123.3209
104.9701 123.2195
104.9141 123.0893
104.9835 123.1981
105.0276 123.2216
104.9299 123.1323
104.9770 123.1961
105.0362 123.2947
104.9738 123.0064
104.7561 123.0261
104.9422 123.0010
104.8223 123.3156
104.9627 123.1075
104.9228 123.0691
104.9752 123.1394
104.7511 123.0831
104.8693 123.2370
105.0137 123.0632
104.8415 123.1838
104.8166 123.0552
104.9930 123.1798
104.8884 123.0994
104.9751 123.0888
105.0098 123.1648
104.9933 123.1024
105.0224 123.1577
104.9798 123.0292
104.9267 123.0592
104.9155 123.1989
104.9587 123.1229
105.0240 123.1072
104.9712 123.1452
104.9314 123.2584
104.7793 123.0394
104.8704 123.2889
105.0715 123.1316
104.9806 123.1356
104.9908 123.0507
104.9390 122.9954
104.9110 123.1315
104.9046 123.2785
105.1163 123.2750
104.9547 123.0360
104.9950 123.0653
104.9345 123.1332
105.0559 123.1623
104.9705 123.1368
104.9920 123.1149
104.9581 123.1293
104.9391 123.1241
104.9776 123.1093
104.9649 123.1292
104.9833 123.1722
104.9665 123.1147
105.0986 123.2091
104.9178 123.0332
104.9579 123.1275
105.0455 123.1881
105.0937 123.1226
105.0052 123.1122
104.9887 123.1704
104.9282 123.0766
104.9443 123.1772
104.9817 123.0736
105.0016 123.1790
105.0341 123.1285
104.8734 123.1752
104.9691 123.1168
105.1091 123.1109
105.0504 123.1071
104.9418 123.1093
105.1171 123.1994
104.9431 123.2115
104.9855 123.1502
105.0128 123.1715
104.9976 123.1314
104.9868 123.1208
105.0084 123.1049
105.0175 123.1190
105.0110 123.1188
105.0281 123.0904
104.9359 123.1435
104.9818 123.1579
105.0848 123.2207
