66.3848 90.7206
66.5706 90.8017
66.5427 90.7258
66.3758 90.7682
66.6443 90.7587
66.5203 90.7968
66.4460 90.7161
66.4782 90.7439
66.4855 90.6783
66.4756 90.6932
66.4365 90.7865
66.4477 90.6922
66.4541 90.6841
66.5169 90.8345
66.5576 90.7222
66.4738 90.8078
66.4952 90.7374
66.4141 90.7135
66.5699 90.6986
66.4554 90.6971
66.4454 90.7486
66.4004 90.7321
66.4530 90.6899
66.4510 90.7383
66.4058 90.6781
66.4567 90.7515
66.4233 90.7409
66.5414 90.7989
66.5595 90.7662
66.5119 90.7473
66.2882 90.6697
66.4630 90.6849
66.4502 90.7970
66.3841 90.7251
66.3386 90.7161
66.3648 90.7810
66.5051 90.6958
66.3935 90.6405
66.3460 90.8279
66.5638 90.8724
66.5458 90.7425
66.4946 90.7417
66.5165 90.6520
66.4934 90.6310
66.3043 90.6863
66.4465 90.7816
66.5036 90.7122
66.5953 90.7130
66.5833 90.6191
66.6000 90.6640
66.2991 90.6550
66.4717 90.6601
66.4530 90.6906
66.5268 90.7104
