96.5513 48.1657
96.5081 48.1480
96.3738 48.1801
96.5061 48.1290
96.3435 48.2333
96.3848 48.2131
96.3678 48.1823
96.3942 48.3242
96.4388 48.4035
96.4883 48.3394
96.5142 48.1706
96.3510 48.2105
96.4794 48.2068
96.4607 48.2417
96.4045 48.3142
96.5150 48.2585
96.5004 48.2248
96.4594 48.1487
96.5201 48.2506
96.6056 48.2444
96.5075 48.0487
96.3661 48.4154
96.4835 48.1514
96.6160 48.2623
96.4292 48.2315
96.4564 48.2815
96.3896 48.2173
96.4203 48.2721
96.5424 48.3268
96.5499 48.1157
96.4444 48.2910
96.4070 48.2069
96.5109 48.2208
96.5869 48.1231
96.6093 48.3234
96.6996 48.1605
96.5884 48.0679
96.5343 48.2767
96.3749 48.2975
96.4972 48.4090
96.6565 48.2983
96.4335 48.1812
96.6591 48.1617
96.5237 48.1021
96.5112 48.2345
96.4945 48.1419
96.6263 48.1576
96.6108 48.0494
96.5705 48.3868
96.6590 48.2700
96.6381 48.3004
96.5634 48.1742
96.6241 48.2587
96.3998 48.2316
96.4558 48.2281
96.4532 48.3614
96.4721 48.3591
96.5691 48.0819
96.3414 48.1632
96.5673 48.1171
96.4036 48.1504
96.6410 48.2316
96.4842 48.1919
96.5147 48.2607
96.4136 48.1603
96.5584 48.3283
96.5793 48.1843
96.4497 48.1664
96.4707 48.2467
96.4693 48.0933
96.4161 48.3322
96.4992 48.1639
96.4653 48.2417
96.5279 48.2466
96.5667 48.2698
96.3984 48.1276
96.5431 48.0935
96.4792 48.2493
96.5163 48.1589
96.5343 48.3189
96.4583 48.2287
96.4982 48.1918
96.6143 48.2142
96.3691 48.1908
96.3945 48.2301
96.5232 48.1691
96.3169 48.3747
96.5073 48.2242
96.2817 48.2055
96.4993 48.0449
96.5949 48.2437
96.5872 48.0854
96.5639 48.0848
96.5073 48.2093
96.7212 48.1774
96.5274 48.2197
96.6002 48.2455
96.6253 48.1941
96.6144 48.2913
96.4630 48.0789
96.4618 48.2422
96.4205 48.2531
96.3959 48.1640
96.6022 48.1074
96.5417 48.2378
96.6106 48.1163
96.5855 48.2090
96.4798 48.1693
96.5912 48.2364
96.6002 48.1927
96.4157 48.2908
96.5872 48.1745
96.5303 48.3023
96.3958 48.2260
96.5765 48.1188
96.5492 48.1222
96.5291 48.1178
96.4192 48.2728
96.4660 48.0933
96.5361 48.2232
96.5620 48.1738
96.5259 48.2286
96.4435 48.1446
96.5187 48.1742
96.4761 48.2829
96.5443 48.1416
96.5123 48.0685
96.4183 48.2608
96.5066 48.2443
96.5201 48.1136
96.6313 48.2428
96.5056 48.2297
96.2826 48.2824
96.6995 48.1821
96.3326 48.2841
96.5429 48.1015
96.4858 48.2548
96.4860 48.0223
96.2952 48.2779
96.4198 48.1534
96.3442 48.2702
96.5135 48.1211
96.5036 48.3928
96.4095 48.0588
96.2933 48.1853
96.5216 48.2134
96.5179 48.1881
96.3887 48.3291
96.7127 48.2484
96.5212 48.1421
96.5779 48.0576
96.5424 48.2731
96.5729 48.2941
96.3795 48.1452
96.6335 48.1608
96.5286 48.2351
96.6238 48.2242
96.5678 48.0984
96.5682 48.2132
96.6416 48.3833
96.6951 48.1733
96.3568 48.1047
96.5365 48.0643
96.3871 48.0710
