67.0672 96.0936
67.1074 96.1382
67.0459 96.1122
67.0962 96.1102
67.0513 96.1137
67.1631 96.1682
67.0689 96.1012
67.0239 96.1236
67.1087 96.0728
67.0691 96.0993
67.1072 96.1634
67.0628 96.0643
67.0864 96.1208
67.0962 96.1408
67.1120 96.1257
67.1829 96.0878
67.0580 96.1214
67.1680 96.0459
67.0977 96.0915
67.0882 96.1070
67.1224 96.1418
67.1456 96.0725
67.1616 96.1325
67.0378 96.0587
67.1116 96.1076
67.0562 96.1101
67.0643 96.0910
67.1054 96.0875
67.0558 96.0725
67.0418 96.0800
67.0669 96.1428
66.9999 96.1642
67.0708 95.9824
67.0558 96.1019
66.9777 96.0632
67.0053 96.1065
67.0228 96.0753
66.9451 96.0943
66.8663 96.0646
67.1962 96.0671
67.2022 96.1229
67.1604 96.1153
67.1421 96.1320
67.0857 96.1437
67.0358 96.1374
67.1782 96.0289
67.1618 96.0009
67.0937 95.9385
67.1773 96.1317
66.9438 96.1244
67.0607 96.1563
67.1233 96.0683
67.1525 96.0860
67.1122 96.1894
67.0791 96.1605
67.1433 96.1599
67.0261 96.0974
67.0263 96.1611
67.0094 96.1900
67.1033 96.2285
67.2168 96.0955
