8.3573 217.9160
8.4078 217.7922
8.4133 217.8352
8.4195 217.9392
8.4213 217.8640
8.4381 217.8656
8.4421 217.6794
8.4481 217.8803
8.4521 217.8181
8.4551 217.8195
8.4616 217.8098
8.4676 217.7947
8.4689 218.0200
8.4700 217.7583
8.4713 217.7821
8.4728 217.7715
8.4732 217.9318
8.4735 217.8115
8.4738 217.8269
8.4786 217.7492
8.4821 217.9120
8.4830 217.7862
8.4839 217.7143
8.4866 217.7557
8.4880 217.9107
8.4913 217.8025
8.4948 217.8341
8.4966 217.7263
8.4972 217.7496
8.4973 217.7824
8.4987 217.9563
8.4991 217.8116
8.5009 218.1455
8.5018 217.9343
8.5035 217.7541
8.5039 217.8058
8.5040 217.8429
8.5044 217.8275
8.5047 217.7610
8.5049 217.7958
8.5052 217.8191
8.5056 217.7634
8.5057 217.7811
8.5057 217.7834
8.5059 217.8347
8.5066 217.7882
8.5072 217.5686
8.5075 217.8844
8.5078 217.7546
8.5081 217.8513
8.5088 217.9600
8.5093 217.7415
8.5096 217.9267
8.5112 217.5964
8.5115 217.8986
8.5150 217.7802
8.5150 217.9399
8.5162 217.8698
8.5164 217.8711
8.5170 217.7911
8.5178 218.0843
8.5181 218.0466
8.5191 217.8322
8.5214 217.8079
8.5220 218.1914
8.5224 217.7805
8.5238 217.8284
8.5240 217.9224
8.5247 217.8620
8.5258 217.8273
8.5270 217.7722
8.5274 217.7895
8.5274 217.8322
8.5277 217.7898
8.5279 217.9351
8.5279 217.9570
8.5282 217.8158
8.5288 217.6584
8.5292 218.0312
8.5294 217.7893
8.5300 217.7878
8.5302 217.8821
8.5313 217.8364
8.5314 217.8942
8.5321 217.7552
8.5346 217.7814
8.5349 218.1886
8.5351 217.9862
8.5359 217.8118
8.5359 217.8913
8.5361 217.8855
8.5362 217.7454
8.5363 217.7745
8.5363 218.1291
8.5366 217.7558
8.5371 218.2049
8.5374 217.8015
8.5382 218.1134
8.5383 217.7831
8.5385 217.8815
8.5388 217.8114
8.5390 217.9664
8.5391 218.1124
8.5393 217.7718
8.5401 217.8740
8.5410 217.7469
8.5413 217.9423
8.5417 217.8648
8.5422 217.8597
8.5423 217.8243
8.5426 217.7572
8.5426 217.7850
8.5427 217.8022
8.5429 217.8366
8.5432 218.0434
8.5434 217.9047
8.5436 217.7715
8.5445 217.9760
8.5445 218.0385
8.5446 217.8376
8.5448 217.7859
8.5449 218.0524
8.5452 217.7827
8.5459 217.7663
8.5464 217.8476
8.5467 218.0587
8.5470 217.9726
8.5470 218.1535
8.5471 218.1671
8.5472 217.8694
8.5481 217.8119
8.5487 217.9502
8.5488 217.7652
8.5491 217.8278
8.5491 217.8413
8.5496 217.8173
8.5497 217.9117
8.5502 217.9304
8.5503 217.8671
8.5505 218.1716
8.5509 217.7342
8.5511 217.8403
8.5514 217.8429
8.5518 217.9800
8.5519 218.1380
8.5520 217.7571
8.5520 217.9685
8.5521 217.6979
8.5534 218.2353
8.5535 217.7737
8.5536 217.7712
8.5536 217.8940
8.5537 217.8149
8.5538 217.8271
8.5540 218.0190
8.5542 217.7497
8.5542 217.7782
8.5543 217.9143
8.5547 217.8102
8.5549 217.7866
8.5554 217.9676
8.5556 217.8769
8.5557 217.8714
8.5560 217.8001
8.5560 218.1068
8.5561 217.6559
8.5561 217.6836
8.5566 217.8012
8.5569 218.0133
8.5573 218.1812
8.5577 217.8611
8.5581 217.8533
8.5581 218.0366
8.5583 218.1030
8.5588 217.7307
8.5590 217.8554
8.5590 218.0815
8.5591 217.7703
8.5592 217.8134
8.5597 217.8366
8.5601 217.8260
8.5604 217.8335
8.5604 217.8791
8.5605 218.0253
8.5606 217.8704
8.5610 217.8301
8.5611 217.8578
8.5611 217.8785
8.5613 217.8096
8.5618 217.8513
8.5625 218.1301
8.5629 217.8222
8.5640 217.7820
8.5641 218.0757
8.5643 217.8364
8.5649 217.8099
8.5649 217.8607
8.5649 218.2312
8.5653 217.7895
8.5654 217.9081
8.5662 217.7750
8.5664 217.8055
8.5664 217.8443
8.5664 217.8757
8.5665 217.7388
8.5669 218.2254
8.5671 217.8161
8.5674 218.0661
8.5679 217.7823
8.5684 217.9569
8.5687 217.9007
8.5695 217.8741
8.5695 218.2298
8.5701 218.1362
8.5703 217.8773
8.5704 217.7825
8.5705 217.8954
8.5706 218.0459
8.5713 217.8567
8.5715 217.8113
8.5717 218.2036
8.5725 217.7463
8.5725 218.1552
8.5731 217.9645
8.5741 217.7948
8.5752 217.7995
8.5757 217.8991
8.5757 217.9456
8.5760 217.8539
8.5762 217.7853
8.5765 217.7920
8.5765 217.8630
8.5767 217.9728
8.5769 218.0404
8.5771 217.7094
8.5772 217.7066
8.5773 217.9064
8.5774 217.7756
8.5783 217.8068
8.5784 217.9761
8.5785 217.6611
8.5785 217.7955
8.5787 217.8525
8.5787 217.9045
8.5792 217.7755
8.5793 217.8209
8.5795 217.8330
8.5801 217.7583
8.5804 217.7342
8.5805 217.8182
8.5807 218.1656
8.5810 217.9281
8.5814 217.8596
8.5818 217.7984
8.5820 217.8174
8.5828 217.8611
8.5838 217.7548
8.5839 218.0620
8.5845 217.9418
8.5847 217.8448
8.5856 218.1357
8.5859 217.6931
8.5865 217.8200
8.5867 217.8598
8.5869 218.1308
8.5870 217.8218
8.5870 217.9106
8.5871 218.1265
8.5872 217.8110
8.5874 218.0275
8.5880 217.8541
8.5884 217.8428
8.5884 218.0621
8.5891 217.9311
8.5894 217.8251
8.5895 217.7814
8.5897 217.8249
8.5904 218.0790
8.5907 218.1300
8.5908 217.8917
8.5910 217.8243
8.5911 217.8523
8.5913 217.7679
8.5914 218.1029
8.5920 217.7431
8.5922 217.8206
8.5927 217.8757
8.5928 217.8918
8.5930 218.0607
8.5936 217.8321
8.5937 217.8438
8.5938 217.7956
8.5939 218.0008
8.5939 218.1760
8.5940 217.7982
8.5945 217.9198
8.5946 217.8207
8.5957 217.7466
8.5957 217.7770
8.5957 217.8460
8.5958 217.9059
8.5960 217.7261
8.5961 218.2433
8.5964 217.7868
8.5965 217.7578
8.5967 217.8542
8.5969 217.7773
8.5981 217.6437
8.5982 218.1284
8.5983 217.7587
8.5985 217.8374
8.5985 217.8469
8.5986 217.8588
8.5990 217.9014
8.5990 217.9086
8.5991 217.9157
8.5994 217.7416
8.5995 217.8574
8.5998 218.0765
8.6004 218.1223
8.6008 218.0736
8.6011 217.8130
8.6011 217.8399
8.6016 217.8829
8.6018 217.6212
8.6025 218.1023
8.6027 217.9515
8.6029 218.0451
8.6031 217.8495
8.6036 217.8117
8.6037 217.8289
8.6039 217.7581
8.6040 217.8922
8.6045 218.1841
8.6057 217.7472
8.6057 217.9262
8.6059 217.8345
8.6060 217.9056
8.6064 217.7959
8.6064 218.1123
8.6065 218.1286
8.6066 218.1095
8.6087 217.8784
8.6090 217.8547
8.6097 217.8283
8.6099 217.7825
8.6101 218.1420
8.6103 218.1509
8.6109 217.7520
8.6118 218.0502
8.6119 217.8526
8.6121 218.0325
8.6122 217.7925
8.6130 217.9227
8.6135 217.7266
8.6137 217.8237
8.6141 217.9292
8.6143 217.9032
8.6146 217.7751
8.6146 217.8138
8.6150 217.7294
8.6153 218.0816
8.6155 217.8118
8.6164 217.8767
8.6165 218.1452
8.6171 217.7986
8.6173 217.9027
8.6178 218.1781
8.6179 218.0704
8.6179 218.0971
8.6183 218.1447
8.6191 217.6870
8.6195 218.2362
8.6205 217.9028
8.6206 217.7887
8.6208 217.8506
8.6212 218.2377
8.6215 218.0318
8.6216 218.1830
8.6222 217.7952
8.6222 218.1423
8.6223 218.0186
8.6226 218.0804
8.6230 217.6395
8.6232 218.0865
8.6233 217.7934
8.6234 218.1726
8.6235 217.7903
8.6241 217.8296
8.6243 217.6256
8.6245 217.8378
8.6247 218.0497
8.6249 217.7225
8.6250 218.1109
8.6253 218.0518
8.6253 218.0894
8.6256 217.7661
8.6257 217.8844
8.6263 218.1046
8.6265 218.1466
8.6267 218.0168
8.6270 217.8765
8.6277 217.7254
8.6278 218.0062
8.6283 217.7335
8.6289 217.7413
8.6293 217.7008
8.6294 217.8138
8.6295 217.8288
8.6298 217.7748
8.6299 218.1189
8.6300 217.9611
8.6303 217.8190
8.6307 217.7525
8.6309 217.8237
8.6315 217.9386
8.6320 218.0590
8.6326 217.9536
8.6326 218.1935
8.6337 218.0301
8.6339 217.7097
8.6343 217.6912
8.6346 217.7458
8.6347 218.0766
8.6348 217.7078
8.6348 218.1948
8.6359 217.8380
8.6367 217.7579
8.6374 217.8705
8.6376 217.7803
8.6380 217.7030
8.6383 218.0668
8.6387 217.8257
8.6396 217.8173
8.6404 218.0749
8.6407 217.8245
8.6410 218.0913
8.6412 217.7731
8.6416 217.7797
8.6417 217.6604
8.6417 217.8386
8.6420 218.1091
8.6422 218.2494
8.6424 217.8373
8.6426 218.1015
8.6427 217.6922
8.6434 217.7730
8.6437 217.8577
8.6438 218.1510
8.6439 217.7766
8.6439 217.7787
8.6440 218.2408
8.6441 218.1581
8.6442 217.7839
8.6446 218.0695
8.6449 217.7934
8.6452 217.8573
8.6453 217.6885
8.6455 217.6741
8.6457 217.8276
8.6461 217.8499
8.6461 218.1084
8.6462 217.8735
8.6468 217.8422
8.6470 218.1166
8.6473 217.8303
8.6476 217.9761
8.6480 217.7578
8.6484 218.0216
8.6484 218.0690
8.6493 218.0943
8.6495 217.7215
8.6501 217.7799
8.6505 218.0655
8.6506 218.0522
8.6512 217.7977
8.6513 217.7376
8.6514 218.0240
8.6517 218.0494
8.6520 217.8829
8.6525 217.9942
8.6526 217.9483
8.6531 217.8400
8.6533 217.9084
8.6534 217.9566
8.6536 218.0154
8.6546 217.7951
8.6546 218.1582
8.6550 217.9955
8.6555 217.8464
8.6559 217.8199
8.6560 217.7788
8.6569 218.1116
8.6571 218.0758
8.6575 218.0779
8.6577 218.2356
8.6578 218.0515
8.6587 218.0315
8.6587 218.1648
8.6588 217.8459
8.6591 218.2032
8.6597 217.7627
8.6603 217.8760
8.6606 218.2620
8.6610 217.9743
8.6610 218.1397
8.6611 217.7011
8.6613 217.9954
8.6619 217.7344
8.6621 217.7424
8.6621 217.8405
8.6626 217.9863
8.6631 217.8334
8.6631 218.1198
8.6632 217.8222
8.6639 218.0730
8.6644 218.0310
8.6645 218.0719
8.6646 217.7626
8.6647 217.9729
8.6651 218.1109
8.6653 218.0936
8.6663 217.7838
8.6665 217.9471
8.6667 217.7094
8.6668 217.9252
8.6672 217.6782
8.6675 217.8209
8.6683 218.0746
8.6688 217.8573
8.6689 218.0036
8.6692 218.0102
8.6693 218.1489
8.6694 217.8840
8.6697 217.8104
8.6698 218.0167
8.6701 218.2272
8.6707 218.0692
8.6708 218.0564
8.6708 218.0608
8.6713 218.0053
8.6717 217.6103
8.6723 217.8761
8.6736 218.2563
8.6739 217.9851
8.6741 218.1747
8.6742 218.0267
8.6742 218.0417
8.6753 217.8290
8.6754 217.7496
8.6759 218.0676
8.6765 217.9897
8.6772 217.8751
8.6775 217.6549
8.6777 218.0009
8.6777 218.1475
8.6777 218.1610
8.6780 217.9138
8.6788 217.7332
8.6791 217.7011
8.6791 218.2772
8.6794 217.9989
8.6795 217.7690
8.6796 217.9003
8.6803 218.1866
8.6804 217.8064
8.6809 218.0517
8.6814 217.8460
8.6817 217.7046
8.6818 218.2382
8.6830 217.8904
8.6830 217.9013
8.6832 218.2610
8.6840 218.0837
8.6844 217.8230
8.6846 217.7813
8.6848 217.7957
8.6850 218.1253
8.6851 217.7146
8.6867 218.0481
8.6869 217.9980
8.6883 218.1119
8.6888 218.0293
8.6894 217.7099
8.6898 217.8407
8.6902 217.7984
8.6912 218.1833
8.6913 218.0813
8.6921 218.1751
8.6931 218.2406
8.6938 218.0294
8.6940 218.0667
8.6941 218.0096
8.6943 218.1291
8.6949 218.1540
8.6957 218.1664
8.6962 217.7555
8.6964 218.0648
8.6975 217.8347
8.6979 218.1193
8.6982 217.7588
8.6985 217.9919
8.6986 218.1292
8.6988 217.7820
8.6992 217.7642
8.6994 218.0487
8.7002 218.1465
8.7005 218.0746
8.7006 218.1419
8.7007 218.0783
8.7007 218.1208
8.7023 217.9999
8.7023 218.0554
8.7031 217.7944
8.7032 217.9980
8.7036 217.7841
8.7043 217.9120
8.7045 218.0662
8.7057 217.7812
8.7058 217.8983
8.7061 218.0670
8.7068 218.1244
8.7070 217.7720
8.7085 218.2827
8.7095 217.9661
8.7097 218.0547
8.7100 217.7081
8.7101 218.0556
8.7103 217.8016
8.7112 217.9359
8.7115 217.7982
8.7116 217.8598
8.7128 218.0700
8.7148 217.9985
8.7149 218.0476
8.7158 217.8223
8.7173 218.0372
8.7183 218.0498
8.7190 218.1106
8.7191 217.6934
8.7210 217.7860
8.7211 217.8003
8.7216 218.1092
8.7224 217.7141
8.7226 217.8271
8.7238 217.8984
8.7240 217.7454
8.7244 217.8487
8.7248 218.2008
8.7251 218.0667
8.7257 217.9802
8.7265 218.0890
8.7274 217.7805
8.7283 218.2100
8.7285 217.7130
8.7299 217.8608
8.7302 217.9183
8.7305 218.2068
8.7309 217.8374
8.7319 218.0967
8.7329 217.9385
8.7330 218.1261
8.7332 217.7594
8.7339 217.7494
8.7392 218.1085
8.7403 217.6283
8.7410 217.9928
8.7417 217.8133
8.7437 217.7912
8.7475 218.0299
8.7501 217.6854
8.7508 217.8991
8.7511 217.8059
8.7513 217.7225
8.7548 217.6954
8.7567 217.7409
8.7570 218.0074
8.7571 217.8241
8.7591 218.1046
8.7593 217.9611
8.7595 217.7204
8.7599 218.1391
8.7622 217.7671
8.7655 217.7545
8.7671 218.0469
8.7678 218.0381
8.7681 217.7694
8.7695 217.7448
8.7712 217.7516
8.7714 218.0249
8.7744 217.7573
8.7752 217.8067
8.7753 218.0225
8.7760 218.0652
8.7776 217.5925
8.7777 218.1278
8.7781 218.1279
8.7784 217.6620
8.7784 217.9913
8.7787 217.7744
8.7800 217.7632
8.7807 217.8762
8.7813 217.7593
8.7815 218.0639
8.7820 218.1191
8.7840 218.1129
8.7847 217.7912
8.7849 218.0418
8.7861 217.7016
8.7866 217.8159
8.7873 217.7696
8.7886 218.0564
8.7894 217.4932
8.7896 217.7443
8.7913 217.7378
8.7915 218.2336
8.7919 218.1017
8.7930 217.9981
8.7932 217.7774
8.7933 217.7249
8.7936 217.7068
8.7939 218.0141
8.7945 217.7679
8.7949 217.6797
8.7950 217.8256
8.7954 218.0797
8.7957 217.6965
8.7963 217.7432
8.7965 217.7310
8.7968 218.0165
8.7969 217.7124
8.7969 217.7513
8.7974 218.0508
8.7976 218.0493
8.7980 218.1537
8.7986 217.7788
8.7989 217.7561
8.7992 217.9453
8.7994 217.7654
8.7999 218.1551
8.8002 217.7860
8.8024 217.7498
8.8033 218.0724
8.8039 218.0715
8.8041 217.7804
8.8052 217.7974
8.8052 217.8375
8.8059 217.7523
8.8063 217.7243
8.8071 217.8949
8.8074 218.0238
8.8078 217.7113
8.8079 217.7564
8.8082 217.9823
8.8085 217.7373
8.8089 218.0028
8.8092 218.1097
8.8094 217.9011
8.8094 218.1458
8.8105 217.6987
8.8107 217.7306
8.8112 218.0106
8.8116 218.2706
8.8121 218.1227
8.8130 217.7970
8.8135 217.8909
8.8140 218.1096
8.8147 217.8373
8.8149 217.7140
8.8150 217.7153
8.8154 217.6790
8.8157 218.1364
8.8171 217.8386
8.8177 218.0625
8.8198 217.8407
8.8201 217.7052
8.8205 217.5868
8.8209 217.7402
8.8215 217.7245
8.8218 217.7473
8.8221 218.0950
8.8225 217.6306
8.8227 217.6125
8.8227 217.7001
8.8229 217.8479
8.8230 217.7102
8.8237 218.0741
8.8245 217.7547
8.8245 217.9572
8.8248 217.8132
8.8248 218.1256
8.8251 217.6850
8.8258 218.0441
8.8259 217.7585
8.8261 217.7608
8.8267 217.6717
8.8267 218.1380
8.8268 218.1636
8.8270 217.7982
8.8271 217.6434
8.8272 217.7172
8.8275 217.9866
8.8283 218.0098
8.8284 218.1432
8.8285 218.1024
8.8286 217.7914
8.8286 217.8241
8.8289 217.6631
8.8292 218.0024
8.8301 217.9989
8.8304 217.7734
8.8306 218.0134
8.8307 217.5473
8.8312 217.9112
8.8313 218.0721
8.8315 218.0686
8.8318 217.6816
8.8320 217.7419
8.8320 218.0888
8.8324 217.6947
8.8325 217.7489
8.8327 217.8348
8.8335 217.6689
8.8341 218.0050
8.8343 218.0088
8.8354 218.1029
8.8356 217.8631
8.8357 217.7989
8.8358 217.6662
8.8360 217.8090
8.8368 217.6647
8.8369 217.6211
8.8370 217.7027
8.8374 218.0064
8.8376 218.0703
8.8377 217.7381
8.8380 218.0073
8.8397 217.6969
8.8397 217.7307
8.8397 217.7343
8.8408 217.8379
8.8409 217.6617
8.8420 217.7623
8.8423 218.0455
8.8427 217.6764
8.8429 217.8078
8.8441 217.6951
8.8443 217.7424
8.8447 217.6792
8.8451 217.8204
8.8453 217.7635
8.8472 217.7025
8.8475 217.7706
8.8475 218.0997
8.8478 217.7103
8.8478 217.7242
8.8480 217.7812
8.8481 217.6485
8.8484 217.8248
8.8485 217.7464
8.8486 217.9740
8.8487 217.8380
8.8495 217.9415
8.8501 217.7633
8.8502 217.7325
8.8503 217.7470
8.8506 218.1100
8.8507 217.7443
8.8514 217.9328
8.8516 218.0928
8.8520 217.5018
8.8525 217.7894
8.8525 218.2036
8.8526 217.9510
8.8535 217.7236
8.8536 218.0499
8.8537 217.9533
8.8539 217.6721
8.8540 217.8204
8.8544 218.1181
8.8547 218.0894
8.8550 217.7677
8.8551 217.9978
8.8552 217.8271
8.8553 217.6361
8.8561 217.7791
8.8563 217.7656
8.8566 217.8071
8.8572 217.9841
8.8575 217.7587
8.8575 218.0970
8.8579 217.9657
8.8579 218.0004
8.8582 217.8096
8.8584 217.6364
8.8585 217.7052
8.8585 217.9683
8.8586 218.0084
8.8589 217.8488
8.8592 217.6444
8.8592 217.7970
8.8593 217.8012
8.8594 218.0762
8.8596 217.9966
8.8603 217.7092
8.8604 217.7357
8.8604 218.1407
8.8605 218.0707
8.8605 218.1643
8.8613 217.9254
8.8616 218.1381
8.8620 217.6791
8.8622 217.8963
8.8626 218.0478
8.8627 217.7947
8.8628 217.7051
8.8634 217.8351
8.8634 217.8465
8.8637 217.8299
8.8638 217.6729
8.8644 217.9763
8.8645 217.7742
8.8647 217.9379
8.8647 218.0140
8.8649 218.0114
8.8653 217.7422
8.8660 218.1188
8.8669 217.6713
8.8672 218.1203
8.8673 217.9334
8.8678 217.6701
8.8692 217.7612
8.8698 217.7776
8.8700 217.6785
8.8704 217.6734
8.8708 217.5074
8.8709 217.8280
8.8715 218.1466
8.8719 217.7448
8.8720 217.9421
8.8723 218.0533
8.8723 218.1698
8.8724 217.7248
8.8730 217.9292
8.8734 218.0692
8.8737 217.7610
8.8740 217.7407
8.8746 218.1022
8.8761 217.7552
8.8763 218.0704
8.8765 218.0561
8.8766 217.6355
8.8767 217.6991
8.8778 217.6411
8.8779 217.6533
8.8779 217.7819
8.8779 217.8080
8.8782 217.7546
8.8782 218.0335
8.8783 217.7170
8.8785 217.8574
8.8795 217.7301
8.8795 217.7344
8.8797 217.7544
8.8798 217.7635
8.8804 218.0779
8.8809 217.5861
8.8810 217.7046
8.8813 217.7468
8.8816 217.9565
8.8818 217.7711
8.8819 217.7585
8.8822 217.7764
8.8823 217.7276
8.8829 218.0506
8.8835 217.7668
8.8840 217.6685
8.8844 217.7417
8.8855 218.0923
8.8858 217.6807
8.8865 217.9001
8.8866 217.8540
8.8867 217.6572
8.8869 217.8152
8.8872 217.9902
8.8874 217.6713
8.8875 217.7804
8.8884 217.8543
8.8887 218.0106
8.8888 217.7377
8.8893 218.1461
8.8898 217.8132
8.8898 217.9804
8.8900 217.8735
8.8902 218.0147
8.8911 217.7214
8.8911 218.0180
8.8914 218.0220
8.8918 217.8642
8.8919 218.0213
8.8921 217.6602
8.8926 217.6267
8.8928 217.7377
8.8931 217.8908
8.8933 218.0145
8.8937 217.6946
8.8938 218.0963
8.8940 217.7888
8.8940 217.8063
8.8947 217.9206
8.8950 217.7893
8.8951 217.8021
8.8951 218.0846
8.8956 217.7228
8.8960 217.8954
8.8967 218.0669
8.8971 218.0113
8.8972 217.8543
8.8973 218.0940
8.8974 218.0304
8.8975 218.1160
8.8983 217.9507
8.8984 217.9805
8.8985 217.7940
8.8985 217.9248
8.8988 218.2275
8.8990 217.9967
8.8991 218.0872
8.8993 218.0644
8.8994 217.7095
8.8998 218.1008
8.9001 217.8207
8.9013 217.7645
8.9013 218.2121
8.9016 217.9612
8.9016 218.1113
8.9018 217.8714
8.9022 217.7738
8.9023 217.6388
8.9030 217.8891
8.9038 218.0263
8.9039 218.0062
8.9041 217.7690
8.9048 217.5669
8.9049 218.0928
8.9055 217.9598
8.9056 218.0607
8.9057 217.6951
8.9058 217.6669
8.9064 217.6579
8.9066 217.7534
8.9068 218.0672
8.9071 218.0583
8.9072 217.7095
8.9082 217.8846
8.9090 218.0898
8.9094 217.9780
8.9094 218.1030
8.9098 218.0837
8.9099 217.7459
8.9101 218.0157
8.9102 217.7314
8.9107 217.7649
8.9113 217.8165
8.9117 217.8917
8.9121 218.0148
8.9129 217.8036
8.9135 217.7293
8.9138 217.7439
8.9141 217.9274
8.9144 218.2058
8.9145 217.6718
8.9150 218.1201
8.9158 217.9924
8.9165 217.7511
8.9172 217.6633
8.9172 217.6769
8.9172 217.7800
8.9173 217.7731
8.9182 217.9558
8.9184 218.0511
8.9191 218.0762
8.9194 217.7598
8.9203 217.8771
8.9207 218.0150
8.9210 218.1686
8.9229 217.6679
8.9229 217.7317
8.9230 218.0197
8.9239 217.7078
8.9245 217.7621
8.9250 217.9717
8.9251 217.6681
8.9251 217.9970
8.9255 217.7398
8.9259 217.7273
8.9260 218.0610
8.9262 218.1068
8.9267 218.0365
8.9276 218.0701
8.9276 218.1855
8.9278 218.0193
8.9280 218.0515
8.9283 217.8246
8.9287 218.0890
8.9289 218.0266
8.9289 218.0878
8.9289 218.1302
8.9293 217.7738
8.9295 217.8436
8.9306 217.9344
8.9307 217.9787
8.9308 218.0815
8.9309 217.7000
8.9311 217.7620
8.9311 218.0297
8.9312 218.1492
8.9315 217.6897
8.9316 218.0092
8.9319 218.0031
8.9324 218.0631
8.9330 217.9533
8.9333 217.9869
8.9336 217.9957
8.9340 217.7227
8.9340 217.9372
8.9341 218.1913
8.9355 217.9378
8.9359 218.0130
8.9361 217.6631
8.9365 218.1000
8.9375 218.0797
8.9378 217.8437
8.9383 217.9785
8.9386 217.8555
8.9400 217.8995
8.9401 217.8222
8.9403 218.1200
8.9415 217.8167
8.9421 217.7272
8.9426 218.0124
8.9428 218.0461
8.9429 217.8278
8.9432 218.0527
8.9433 217.8588
8.9434 218.1216
8.9437 217.7133
8.9438 217.7277
8.9441 217.8569
8.9454 218.1149
8.9455 218.0706
8.9463 218.0782
8.9465 218.0921
8.9466 217.7642
8.9470 217.9799
8.9471 217.8498
8.9472 218.0183
8.9478 218.0291
8.9480 217.7020
8.9487 218.1102
8.9489 217.9723
8.9496 217.9311
8.9502 217.6550
8.9505 217.6346
8.9505 217.7572
8.9512 218.0667
8.9514 217.9084
8.9526 218.1972
8.9529 217.6059
8.9536 217.5866
8.9543 217.7527
8.9550 217.6873
8.9556 217.7217
8.9558 218.1324
8.9560 217.6812
8.9561 217.9390
8.9561 218.1179
8.9564 218.1201
8.9565 218.0206
8.9575 217.7167
8.9577 217.8042
8.9582 218.0868
8.9586 217.7933
8.9588 217.6884
8.9592 217.9576
8.9600 217.6409
8.9601 218.0714
8.9609 218.0765
8.9613 217.7250
8.9614 218.1210
8.9622 218.0978
8.9626 217.7034
8.9632 217.5711
8.9632 217.9804
8.9636 217.9905
8.9640 217.7339
8.9652 217.8046
8.9655 217.9808
8.9657 217.7420
8.9669 217.9521
8.9669 218.0258
8.9675 218.1232
8.9676 217.8766
8.9679 217.7356
8.9683 217.6776
8.9690 217.6770
8.9695 217.7647
8.9713 218.1952
8.9722 217.7867
8.9729 217.7330
8.9736 218.0268
8.9739 218.1067
8.9742 218.0361
8.9742 218.0410
8.9751 217.6004
8.9753 218.0255
8.9769 217.6647
8.9771 218.1180
8.9793 217.9883
8.9800 218.0061
8.9800 218.0891
8.9805 217.7825
8.9815 217.7950
8.9828 217.9938
8.9829 218.1099
8.9842 218.0520
8.9848 218.1058
8.9855 217.6214
8.9856 218.0208
8.9861 217.8395
8.9862 218.1065
8.9873 217.7824
8.9875 217.8848
8.9880 217.7613
8.9881 218.0752
8.9884 217.8089
8.9887 218.0080
8.9892 217.7120
8.9893 218.0280
8.9904 218.0253
8.9909 218.0909
8.9913 218.0192
8.9913 218.0862
8.9924 217.7342
8.9927 217.7108
8.9933 218.0890
8.9941 218.1234
8.9954 217.8713
8.9973 217.7127
8.9985 217.9129
8.9989 218.0196
9.0002 218.0170
9.0011 217.7387
9.0021 218.0657
9.0035 218.1228
9.0042 217.7396
9.0046 218.0464
9.0050 217.9294
9.0057 217.8073
9.0066 217.9899
9.0073 217.6018
9.0073 217.8396
9.0095 218.0231
9.0113 217.8128
9.0117 217.7879
9.0155 217.9065
9.0157 217.9143
9.0177 217.9686
9.0178 218.0434
9.0192 217.7419
9.0199 217.7011
9.0209 217.9429
9.0221 217.8135
9.0221 218.1064
9.0255 217.9398
9.0259 218.0406
9.0287 218.0068
9.0321 218.0223
9.0352 218.1240
9.0355 217.7347
9.0355 218.0373
9.0358 218.0266
9.0360 218.1102
9.0396 217.7975
9.0400 218.0429
9.0420 218.0032
9.0426 218.0721
9.0435 217.7084
9.0481 217.7010
9.0492 217.9287
9.0515 218.0364
9.0519 217.6541
9.0580 217.8884
9.0741 217.9886
9.0900 218.0644
9.1016 217.7583
9.1029 217.9376
