115.9347 155.0897
115.9819 154.9518
115.9974 154.9553
116.0199 154.8246
116.0223 154.9506
116.0260 155.3437
116.0287 154.8155
116.0577 154.7845
116.0748 154.9470
116.0861 155.0958
116.0991 155.1641
116.0995 154.8189
116.1006 155.0994
116.1008 155.1138
116.1016 154.7594
116.1064 155.0261
116.1091 155.1498
116.1127 154.9362
116.1135 155.4205
116.1427 155.0291
116.1466 155.0941
116.1475 155.1019
116.1498 155.1378
116.1561 155.2523
116.1586 155.1673
116.1600 155.2047
116.1605 155.1322
116.1626 155.1220
116.1635 155.1055
116.1643 155.0689
116.1681 155.0932
116.1687 155.1283
116.1707 155.1236
116.1712 155.1077
116.1754 154.9915
116.1769 155.0017
116.1777 155.0730
116.1800 155.0236
116.1813 155.2557
116.1816 155.1068
116.1843 155.0757
116.1846 155.1372
116.1883 155.1113
116.1895 155.0456
116.1921 155.0757
116.1921 155.1624
116.1941 154.8260
116.1970 155.0583
116.1980 155.0698
116.2009 155.1104
116.2014 154.8649
116.2020 155.0773
116.2055 155.0737
116.2062 155.1352
116.2099 155.1589
116.2111 154.9298
116.2124 155.0467
116.2125 155.0918
116.2126 155.1082
116.2144 154.9783
116.2145 155.0665
116.2147 155.0628
116.2148 155.1945
116.2155 155.1445
116.2164 155.1236
116.2166 155.0429
116.2166 155.0783
116.2167 155.1100
116.2167 155.1154
116.2173 155.1140
116.2176 155.1749
116.2192 155.1568
116.2197 154.8236
116.2201 155.1101
116.2210 155.2185
116.2221 155.0513
116.2221 155.1252
116.2225 155.0331
116.2227 155.0579
116.2237 155.0526
116.2247 155.1004
116.2266 155.1132
116.2269 155.0479
116.2277 155.1432
116.2282 155.1850
116.2286 155.0216
116.2290 154.8871
116.2290 155.1387
116.2292 155.1153
116.2294 155.0818
116.2297 155.2769
116.2305 155.0128
116.2308 155.1559
116.2322 155.0968
116.2324 154.8974
116.2332 155.0714
116.2344 155.1358
116.2345 155.0626
116.2346 155.0859
116.2349 154.9277
116.2349 155.1463
116.2351 155.0797
116.2360 155.1434
116.2364 155.1165
116.2365 155.1526
116.2366 155.0960
116.2372 155.1142
116.2378 155.0374
116.2380 154.9577
116.2381 155.0666
116.2382 155.0514
116.2390 155.0178
116.2405 155.1279
116.2408 155.1909
116.2417 154.9530
116.2421 155.0308
116.2423 154.9974
116.2425 155.1349
116.2428 155.0504
116.2434 154.8848
116.2436 155.0868
116.2439 155.0804
116.2447 155.1044
116.2471 155.0880
116.2476 155.0695
116.2477 155.1624
116.2480 155.1232
116.2480 155.1487
116.2483 155.0138
116.2486 155.1035
116.2489 155.1139
116.2491 155.1275
116.2494 155.1055
116.2494 155.1229
116.2497 155.1201
116.2498 154.9616
116.2503 155.1417
116.2508 155.0329
116.2520 155.1080
116.2523 155.1325
116.2526 155.0683
116.2530 155.1249
116.2549 155.0414
116.2551 155.4389
116.2552 155.1091
116.2553 155.0728
116.2556 155.0667
116.2560 155.0669
116.2565 155.1906
116.2570 155.0310
116.2582 155.1120
116.2583 155.1173
116.2586 154.9174
116.2591 155.0752
116.2594 155.1036
116.2594 155.1467
116.2600 155.1408
116.2601 155.1031
116.2603 154.9695
116.2613 155.0873
116.2616 154.9939
116.2622 154.8884
116.2622 155.1341
116.2623 155.0982
116.2624 155.1068
116.2625 154.9010
116.2627 155.0886
116.2639 155.0473
116.2644 155.0455
116.2645 154.8581
116.2646 155.1056
116.2647 155.0948
116.2651 154.8500
116.2652 155.1545
116.2661 155.1083
116.2663 155.0946
116.2664 155.0980
116.2669 154.8845
116.2676 154.9062
116.2680 155.1118
116.2682 154.9048
116.2684 155.0703
116.2688 155.0395
116.2690 155.1161
116.2691 155.1340
116.2692 155.0573
116.2692 155.1246
116.2694 155.1048
116.2695 155.1227
116.2696 155.0648
116.2702 154.8863
116.2709 155.0396
116.2712 155.1047
116.2716 155.0089
116.2719 154.9218
116.2728 155.0888
116.2733 155.1080
116.2751 154.9098
116.2752 154.9764
116.2752 155.1032
116.2755 154.7495
116.2756 155.0934
116.2758 155.0401
116.2763 155.0943
116.2768 155.0782
116.2772 155.1469
116.2777 155.0199
116.2777 155.0963
116.2780 155.0996
116.2780 155.2095
116.2788 154.8224
116.2792 154.8577
116.2792 155.0812
116.2792 155.1253
116.2795 155.0679
116.2797 155.0477
116.2802 154.8594
116.2805 154.9427
116.2814 154.8957
116.2824 155.0777
116.2830 155.1507
116.2831 154.8937
116.2831 155.0890
116.2838 155.0933
116.2843 155.0608
116.2847 155.1115
116.2853 155.1143
116.2855 155.1092
116.2857 154.8207
116.2863 155.0954
116.2869 155.4670
116.2872 154.8936
116.2881 155.0948
116.2882 154.8481
116.2884 154.8040
116.2885 155.1458
116.2889 154.8965
116.2899 155.0646
116.2902 155.4103
116.2905 155.0672
116.2914 155.0519
116.2917 155.0580
116.2920 154.8442
116.2920 155.0918
116.2930 155.1726
116.2932 154.8297
116.2932 154.8768
116.2937 155.1081
116.2944 154.8470
116.2944 154.8997
116.2949 154.9501
116.2951 154.8790
116.2952 154.8891
116.2958 154.8591
116.2960 155.0607
116.2963 154.8559
116.2963 154.9016
116.2963 155.1105
116.2964 155.1308
116.2966 154.8436
116.2972 155.0744
116.2982 154.9532
116.2986 154.7162
116.2996 155.1107
116.2997 155.0592
116.3002 154.8514
116.3004 154.8783
116.3006 154.9086
116.3006 154.9662
116.3013 154.8332
116.3014 155.1898
116.3014 155.2751
116.3015 155.1171
116.3020 155.0787
116.3023 155.0493
116.3026 155.0370
116.3029 154.8693
116.3030 155.0725
116.3034 155.0501
116.3037 155.0967
116.3037 155.1360
116.3039 154.8206
116.3039 155.1426
116.3045 154.8820
116.3045 155.1319
116.3046 155.0949
116.3049 154.8146
116.3055 154.9042
116.3055 155.1427
116.3060 154.9060
116.3063 154.9322
116.3068 154.8843
116.3069 154.8391
116.3071 154.8379
116.3074 154.8361
116.3084 155.0998
116.3085 154.8611
116.3086 154.8500
116.3088 154.8950
116.3089 155.0740
116.3094 155.0252
116.3094 155.4456
116.3098 154.8947
116.3099 154.8651
116.3101 154.9349
116.3103 154.9010
116.3104 154.8690
116.3105 154.9807
116.3106 155.0732
116.3111 155.0376
116.3112 154.8820
116.3117 154.8650
116.3118 154.8866
116.3118 154.9050
116.3119 154.8814
116.3120 155.0919
116.3131 154.8416
116.3131 154.8686
116.3136 155.0321
116.3136 155.1477
116.3138 154.8622
116.3138 154.9183
116.3139 154.8616
116.3140 155.0895
116.3142 154.8263
116.3143 154.8398
116.3143 154.8675
116.3143 155.0899
116.3144 154.8047
116.3146 155.1515
116.3150 154.9301
116.3152 154.8886
116.3154 155.0637
116.3161 154.9350
116.3162 154.9234
116.3168 155.0069
116.3169 154.8690
116.3171 155.0408
116.3175 154.8516
116.3175 154.8919
116.3175 155.4330
116.3183 155.1445
116.3186 154.8733
116.3186 154.8777
116.3187 155.1606
116.3192 154.9060
116.3192 155.1189
116.3198 154.8748
116.3198 154.9333
116.3200 154.8838
116.3201 154.9647
116.3204 155.1448
116.3208 154.8169
116.3210 154.8183
116.3211 154.8858
116.3213 154.9266
116.3214 155.0928
116.3215 155.0733
116.3217 154.8249
116.3219 154.8514
116.3221 154.8696
116.3225 155.1136
116.3237 154.8541
116.3239 154.8490
116.3239 154.9035
116.3239 154.9137
116.3246 155.0621
116.3252 154.8691
116.3252 154.9194
116.3253 154.8877
116.3254 154.8407
116.3257 154.9770
116.3262 154.9979
116.3268 154.9150
116.3272 154.8017
116.3272 154.8392
116.3276 155.0998
116.3283 154.8609
116.3285 154.8795
116.3286 154.9028
116.3293 154.8763
116.3301 155.0689
116.3307 154.9021
116.3309 154.8739
116.3310 154.9050
116.3313 154.8968
116.3314 154.8166
116.3315 154.8372
116.3318 154.8588
116.3325 154.8089
116.3329 154.8951
116.3330 154.9444
116.3330 155.1283
116.3332 155.0562
116.3334 154.8024
116.3335 155.1147
116.3343 155.1234
116.3347 155.0645
116.3353 154.8598
116.3353 154.8702
116.3363 155.0893
116.3368 154.8771
116.3369 154.8625
116.3372 154.8719
116.3372 154.9034
116.3373 155.0725
116.3376 154.8339
116.3377 154.8201
116.3378 154.8476
116.3382 154.8416
116.3383 154.8611
116.3385 154.8759
116.3388 154.8793
116.3390 154.9043
116.3396 154.8365
116.3396 154.8918
116.3401 154.8478
116.3416 154.7362
116.3416 154.8978
116.3418 154.8643
116.3423 154.8089
116.3424 154.7985
116.3425 155.0919
116.3432 154.7377
116.3437 154.8535
116.3439 154.8668
116.3440 154.8504
116.3441 154.8505
116.3443 154.7554
116.3443 154.8118
116.3446 154.8505
116.3448 154.8635
116.3453 154.7880
116.3453 154.9506
116.3457 154.8841
116.3462 154.8368
116.3472 154.8430
116.3479 154.8643
116.3481 154.8586
116.3481 155.0050
116.3483 154.8130
116.3484 154.8126
116.3486 155.2976
116.3488 154.8419
116.3494 154.8378
116.3495 154.8213
116.3497 154.8236
116.3499 154.8407
116.3504 154.8083
116.3505 155.0413
116.3508 154.9482
116.3514 154.9025
116.3514 154.9051
116.3522 154.8135
116.3524 154.9998
116.3527 154.8769
116.3530 154.8001
116.3532 154.7745
116.3536 154.9136
116.3537 154.9092
116.3540 154.8794
116.3540 155.0864
116.3545 154.8630
116.3547 154.8295
116.3549 155.1079
116.3550 154.8612
116.3552 154.8248
116.3554 154.7744
116.3559 154.9075
116.3563 154.8204
116.3563 154.8580
116.3569 154.7301
116.3571 154.8235
116.3575 154.7996
116.3576 154.9244
116.3581 154.7866
116.3583 154.9157
116.3584 154.8537
116.3588 155.1143
116.3591 154.9527
116.3594 154.8736
116.3598 154.8994
116.3600 154.9324
116.3603 154.8771
116.3612 154.7843
116.3614 154.8656
116.3616 154.8026
116.3618 155.0139
116.3619 155.0499
116.3620 154.8511
116.3622 154.7761
116.3623 154.9233
116.3625 154.9072
116.3629 155.0940
116.3632 154.8637
116.3635 154.9207
116.3637 154.8317
116.3637 155.0280
116.3642 154.8533
116.3647 154.8369
116.3649 154.8660
116.3649 154.9207
116.3650 154.9005
116.3660 154.8556
116.3668 154.9149
116.3671 155.0184
116.3674 154.9085
116.3675 155.2418
116.3685 155.0618
116.3686 154.8119
116.3687 154.8651
116.3687 155.1456
116.3692 154.8466
116.3692 154.8883
116.3692 154.9068
116.3692 154.9070
116.3696 154.9314
116.3697 154.7955
116.3697 154.8407
116.3705 154.8958
116.3708 154.8507
116.3709 155.1395
116.3710 155.1333
116.3717 154.8660
116.3723 154.8555
116.3726 154.7635
116.3730 154.8755
116.3733 155.0703
116.3734 155.0026
116.3741 155.0969
116.3744 154.8212
116.3747 154.8825
116.3753 154.8354
116.3756 154.9137
116.3765 154.8723
116.3767 154.9122
116.3779 154.8052
116.3779 154.8085
116.3783 154.8212
116.3785 155.1494
116.3787 154.8463
116.3795 154.8763
116.3796 154.8324
116.3798 154.7844
116.3799 154.8375
116.3801 154.9848
116.3806 154.8560
116.3810 154.8844
116.3810 154.9035
116.3814 155.1108
116.3819 154.8713
116.3820 155.0212
116.3823 154.8699
116.3829 155.3009
116.3836 154.8470
116.3846 154.9285
116.3850 154.8304
116.3851 154.8747
116.3857 155.2119
116.3866 154.8283
116.3867 155.0394
116.3871 155.1447
116.3872 155.0468
116.3875 155.0198
116.3875 155.1358
116.3882 154.8994
116.3883 154.7870
116.3893 154.8860
116.3895 154.8026
116.3897 155.1799
116.3899 154.8453
116.3900 154.8691
116.3900 154.8888
116.3903 154.8779
116.3908 154.8448
116.3908 155.2241
116.3910 154.9095
116.3924 155.0492
116.3927 155.0658
116.3928 155.0671
116.3934 155.0819
116.3941 154.9380
116.3948 155.2979
116.3948 155.4055
116.3950 155.0346
116.3952 155.2656
116.3958 155.1959
116.3961 154.8721
116.3964 155.0736
116.3967 155.0257
116.3976 154.8757
116.3978 154.7915
116.3979 154.8109
116.3981 154.9437
116.3981 155.1412
116.3984 155.1604
116.3991 154.8257
116.3999 154.9517
116.4007 155.1530
116.4009 155.1304
116.4010 154.7968
116.4013 155.0016
116.4015 154.8945
116.4017 154.8100
116.4032 154.8721
116.4032 155.0317
116.4043 154.8627
116.4050 154.8535
116.4052 155.1035
116.4061 154.7916
116.4064 154.8891
116.4083 154.8192
116.4086 155.1842
116.4093 154.8630
116.4096 155.2034
116.4099 155.2419
116.4110 155.0588
116.4113 155.1735
116.4115 155.1230
116.4117 155.0217
116.4117 155.0525
116.4128 154.9066
116.4128 155.0708
116.4136 155.1715
116.4141 155.1722
116.4143 154.8528
116.4151 154.8676
116.4151 155.1448
116.4159 155.2293
116.4164 155.0354
116.4165 155.1935
116.4169 155.0348
116.4169 155.0497
116.4177 155.0134
116.4179 154.8055
116.4185 155.1545
116.4190 154.7942
116.4190 154.9546
116.4195 155.0618
116.4197 155.0095
116.4198 155.1320
116.4199 155.1487
116.4206 154.8752
116.4210 154.8756
116.4214 154.8783
116.4218 155.0355
116.4219 155.0386
116.4229 155.0315
116.4230 155.1889
116.4235 155.1541
116.4236 155.2428
116.4239 155.0320
116.4239 155.1170
116.4244 155.2153
116.4245 154.9103
116.4246 154.8398
116.4248 155.1854
116.4250 155.1396
116.4252 155.2021
116.4254 155.0520
116.4256 154.8952
116.4262 154.7576
116.4262 155.0008
116.4264 154.9756
116.4268 155.2389
116.4269 154.9577
116.4273 154.8529
116.4274 155.0251
116.4275 155.1559
116.4285 154.8196
116.4286 155.0504
116.4286 155.2595
116.4291 155.1255
116.4294 155.2445
116.4299 154.9273
116.4309 155.0765
116.4314 155.0549
116.4321 154.8877
116.4321 154.9083
116.4334 155.2448
116.4337 155.0843
116.4344 155.2353
116.4348 155.0411
116.4354 154.8131
116.4354 154.9688
116.4359 155.2387
116.4375 155.1910
116.4376 154.9489
116.4380 154.8920
116.4388 155.2860
116.4394 154.8450
116.4400 155.1924
116.4401 154.9578
116.4407 154.9962
116.4412 155.1582
116.4413 155.0594
116.4415 154.7931
116.4416 154.9038
116.4417 155.1886
116.4427 155.1393
116.4435 154.9964
116.4437 155.2305
116.4439 155.1926
116.4441 155.1785
116.4442 155.1845
116.4445 155.2475
116.4447 155.1785
116.4449 155.2088
116.4453 155.1660
116.4454 155.1712
116.4457 154.9961
116.4464 155.1679
116.4464 155.2279
116.4470 155.4431
116.4477 155.2103
116.4480 155.1945
116.4484 154.9882
116.4484 155.2262
116.4491 155.1365
116.4492 154.8329
116.4497 155.2557
116.4498 155.1938
116.4504 155.1270
116.4506 155.1629
116.4510 155.2152
116.4511 155.2112
116.4512 154.8732
116.4513 155.0367
116.4514 154.8601
116.4516 155.1790
116.4518 154.9390
116.4524 155.2549
116.4542 155.1589
116.4552 154.8273
116.4559 155.2088
116.4561 155.0569
116.4563 155.2026
116.4567 155.2282
116.4572 155.0645
116.4572 155.2099
116.4575 155.1361
116.4577 155.1122
116.4579 155.0256
116.4585 155.0511
116.4586 155.0368
116.4592 155.2177
116.4594 154.9125
116.4598 155.1400
116.4598 155.2142
116.4603 155.2019
116.4604 155.2919
116.4605 155.2002
116.4606 155.2066
116.4609 154.9166
116.4611 155.2237
116.4617 155.2255
116.4627 154.9369
116.4627 155.1041
116.4631 155.1898
116.4634 155.2003
116.4638 155.2036
116.4641 155.2048
116.4643 155.2051
116.4645 155.2486
116.4647 154.9579
116.4647 154.9758
116.4647 155.1605
116.4647 155.2965
116.4651 154.8921
116.4656 155.0233
116.4657 155.1593
116.4673 155.1750
116.4678 155.2021
116.4681 155.1405
116.4681 155.2249
116.4689 155.0398
116.4695 155.1665
116.4697 155.2524
116.4700 155.2416
116.4701 155.1720
116.4701 155.2436
116.4703 155.1349
116.4706 155.1486
116.4707 155.1797
116.4712 155.1138
116.4714 155.0045
116.4719 154.9522
116.4722 155.1806
116.4736 154.8976
116.4738 155.2988
116.4739 155.1864
116.4742 155.1597
116.4747 155.0885
116.4747 155.2301
116.4754 155.2251
116.4756 155.0595
116.4757 155.1722
116.4764 155.1325
116.4765 155.1984
116.4769 155.2195
116.4776 155.2243
116.4782 155.2087
116.4798 155.2141
116.4801 155.1257
116.4815 155.2582
116.4818 154.8037
116.4818 155.1140
116.4820 155.0945
116.4825 155.1259
116.4825 155.1569
116.4827 155.1796
116.4828 155.2390
116.4830 155.0268
116.4830 155.2216
116.4831 155.2330
116.4835 155.1860
116.4836 155.1000
116.4838 155.1892
116.4840 155.1508
116.4842 155.2200
116.4843 155.1237
116.4844 155.1575
116.4849 155.2367
116.4858 155.2909
116.4860 155.2018
116.4864 155.0339
116.4865 155.1936
116.4868 155.1507
116.4870 155.1240
116.4883 154.9899
116.4886 155.1657
116.4889 155.2109
116.4894 154.9858
116.4906 155.1415
116.4909 155.2052
116.4910 155.1495
116.4916 155.1296
116.4916 155.1984
116.4922 154.9366
116.4923 155.1618
116.4926 155.2042
116.4927 155.1566
116.4939 155.2006
116.4955 155.1999
116.4956 155.1042
116.4961 155.0020
116.4964 155.2048
116.4966 155.1535
116.4969 155.2414
116.4971 155.2476
116.4973 154.8974
116.4990 155.2127
116.4996 155.1370
116.4996 155.1939
116.4997 155.3845
116.4998 154.8491
116.5003 155.1503
116.5004 155.1666
116.5009 155.0823
116.5014 155.2133
116.5019 155.0679
116.5019 155.2154
116.5021 155.1630
116.5023 154.8961
116.5030 155.1115
116.5033 155.2026
116.5034 155.1974
116.5038 155.1198
116.5041 155.1898
116.5046 155.2191
116.5047 155.1005
116.5055 155.1628
116.5056 155.1416
116.5056 155.2074
116.5057 154.9385
116.5057 155.1734
116.5057 155.1972
116.5058 155.1300
116.5066 154.9853
116.5067 155.1737
116.5068 155.1826
116.5069 155.2359
116.5081 155.1880
116.5085 154.9356
116.5086 155.2159
116.5088 155.0953
116.5090 155.0605
116.5095 155.0921
116.5096 155.0538
116.5098 155.1818
116.5098 155.1888
116.5098 155.2066
116.5100 155.1975
116.5102 155.1982
116.5107 155.1924
116.5111 155.2019
116.5117 155.1664
116.5118 154.9678
116.5120 155.1679
116.5126 155.1229
116.5126 155.1871
116.5127 155.1539
116.5130 155.1958
116.5131 154.9620
116.5132 155.1797
116.5133 155.1793
116.5134 155.1846
116.5138 155.1919
116.5147 155.2252
116.5149 155.2005
116.5151 155.1176
116.5153 155.2376
116.5160 155.0363
116.5160 155.0957
116.5160 155.1971
116.5163 154.8741
116.5164 154.8389
116.5169 155.0118
116.5173 155.1905
116.5174 155.1776
116.5176 155.2184
116.5177 155.0665
116.5179 154.9473
116.5185 155.1665
116.5190 155.2274
116.5194 155.1186
116.5201 154.9789
116.5201 155.1604
116.5203 154.9166
116.5207 155.1037
116.5216 155.2116
116.5225 155.1488
116.5226 155.0791
116.5231 155.1591
116.5239 154.9739
116.5250 155.0492
116.5257 155.1598
116.5261 155.0319
116.5264 155.2344
116.5267 154.9069
116.5267 154.9768
116.5267 155.1934
116.5271 155.0480
116.5275 154.9591
116.5278 155.1915
116.5283 154.9927
116.5290 155.2540
116.5293 154.9704
116.5293 155.1770
116.5295 154.9415
116.5298 155.1926
116.5305 154.9917
116.5308 155.1510
116.5310 155.1845
116.5311 154.9805
116.5320 155.1828
116.5321 155.0538
116.5321 155.1988
116.5322 154.9384
116.5323 155.0045
116.5323 155.1836
116.5324 155.1755
116.5326 155.3446
116.5337 154.9569
116.5348 154.8960
116.5349 155.0419
116.5349 155.1627
116.5364 155.2186
116.5367 154.9808
116.5376 155.2506
116.5378 155.1467
116.5382 154.9180
116.5382 155.1399
116.5384 155.2410
116.5389 155.0536
116.5391 154.9408
116.5396 154.9835
116.5398 154.8549
116.5404 154.9674
116.5404 154.9844
116.5408 154.9792
116.5413 154.9426
116.5415 154.8527
116.5419 154.9607
116.5420 155.1901
116.5424 154.8692
116.5425 155.1855
116.5430 154.9559
116.5434 154.9786
116.5435 155.2224
116.5436 155.1918
116.5446 154.9976
116.5455 155.0130
116.5457 154.9315
116.5457 154.9883
116.5464 155.1199
116.5467 154.9746
116.5468 154.9297
116.5468 155.0183
116.5470 155.0127
116.5471 155.0034
116.5475 154.9576
116.5479 155.0249
116.5480 155.1810
116.5481 155.0130
116.5487 155.1407
116.5488 154.9351
116.5491 154.9643
116.5499 155.1335
116.5501 154.9757
116.5505 154.9288
116.5507 155.1802
116.5516 154.8921
116.5522 155.1830
116.5526 154.9703
116.5533 154.9653
116.5536 154.9585
116.5543 155.0148
116.5546 154.9327
116.5548 155.1933
116.5550 154.9916
116.5550 155.0450
116.5557 155.0125
116.5557 155.1935
116.5559 154.9482
116.5567 154.9806
116.5567 154.9979
116.5573 154.9868
116.5573 155.0123
116.5575 154.9169
116.5580 154.9773
116.5581 155.0432
116.5583 154.9238
116.5583 154.9772
116.5584 154.9729
116.5591 155.0018
116.5592 154.9619
116.5597 155.0238
116.5599 155.0776
116.5602 154.9917
116.5603 155.0318
116.5607 155.0603
116.5614 155.0185
116.5616 155.0424
116.5618 154.9998
116.5618 155.0481
116.5619 154.9652
116.5621 154.9528
116.5622 154.9668
116.5627 155.1761
116.5634 154.9755
116.5637 155.1943
116.5638 154.9477
116.5640 154.9706
116.5640 155.1552
116.5650 154.9099
116.5652 155.0679
116.5653 155.0274
116.5660 155.0032
116.5664 155.0311
116.5674 154.9544
116.5677 154.9515
116.5680 154.9545
116.5681 154.8836
116.5682 154.9602
116.5683 154.9393
116.5696 155.1733
116.5711 154.9492
116.5712 154.8454
116.5713 155.2475
116.5715 154.9440
116.5720 155.0993
116.5724 155.1255
116.5729 155.1551
116.5729 155.1743
116.5730 154.9281
116.5734 154.9138
116.5734 154.9482
116.5751 154.9336
116.5751 154.9817
116.5754 155.0199
116.5762 154.9546
116.5767 155.2171
116.5773 155.0452
116.5778 154.9904
116.5779 154.9860
116.5785 154.9454
116.5789 154.9349
116.5795 155.0031
116.5795 155.0159
116.5813 154.9829
116.5815 155.0583
116.5822 155.1784
116.5836 155.1670
116.5842 155.1469
116.5849 155.1733
116.5854 154.9814
116.5854 155.1264
116.5858 154.9071
116.5864 155.0272
116.5866 154.9447
116.5866 155.0153
116.5869 155.0511
116.5870 155.0445
116.5876 154.9431
116.5877 155.1642
116.5878 154.9637
116.5882 154.9849
116.5888 155.1652
116.5892 154.9666
116.5896 154.9718
116.5897 154.9716
116.5898 154.9314
116.5910 154.9990
116.5912 154.9495
116.5916 154.8806
116.5925 154.9491
116.5928 155.0606
116.5931 155.0563
116.5936 154.9808
116.5942 154.9955
116.5944 154.8774
116.5950 154.9610
116.5952 154.9740
116.5953 154.9587
116.5959 154.9480
116.5960 155.0225
116.5970 154.9917
116.5971 155.0167
116.5975 154.9472
116.5977 154.9563
116.5978 154.9111
116.5984 154.9687
116.5989 155.1091
116.5998 154.9998
116.5999 155.1353
116.6011 154.9940
116.6023 154.9514
116.6031 155.0153
116.6034 154.9443
116.6036 154.9860
116.6051 154.9980
116.6056 155.1885
116.6063 155.0232
116.6068 155.1652
116.6079 155.0239
116.6083 155.2316
116.6091 155.0014
116.6097 155.0318
116.6128 155.0299
116.6137 154.9600
116.6140 155.2655
116.6150 155.0076
116.6181 154.9294
116.6184 154.9241
116.6194 154.9857
116.6217 155.0345
116.6220 155.0537
116.6223 155.0521
116.6245 155.0395
116.6257 155.2150
116.6260 154.9379
116.6287 154.8931
116.6291 155.0671
116.6292 154.9820
116.6322 155.0506
116.6323 155.0036
116.6324 154.9685
116.6350 155.0816
116.6351 155.0384
116.6395 154.9807
116.6395 155.1406
116.6399 155.0246
116.6403 155.0259
116.6410 154.9670
116.6413 155.0117
116.6427 155.1394
116.6430 155.0676
116.6466 154.9705
116.6498 154.9412
116.6518 155.0618
116.6529 154.9659
116.6541 154.8864
116.6549 155.1827
116.6570 154.9236
116.6587 155.0191
116.6595 155.0859
116.6600 154.9457
116.6611 154.9502
116.6623 154.9995
116.6628 155.0534
116.6648 154.9200
116.6663 154.9871
116.6705 154.9396
116.6706 154.9861
116.6715 155.0862
116.6743 155.0558
116.6757 155.0999
116.6829 154.9573
116.6831 155.0522
116.6852 154.9375
116.6882 155.0981
116.6888 154.9701
116.6917 155.0838
116.6924 155.0011
116.7022 155.1663
116.7024 155.0485
116.7139 155.0487
116.7143 155.0612
