125.7356 103.8262
125.7379 103.8458
125.7392 103.5714
125.7554 103.5388
125.7665 103.8168
125.7749 103.5657
125.7817 103.4819
125.7817 103.5128
125.7817 103.7994
125.7843 103.8191
125.7849 103.8146
125.7865 103.8105
125.7880 103.9148
125.7883 103.6860
125.7885 103.6997
125.7888 103.9118
125.7915 103.8701
125.7927 103.8367
125.7932 103.6853
125.7936 103.5352
125.7985 103.7646
125.7999 103.7851
125.8012 103.7489
125.8060 103.7106
125.8071 103.7216
125.8081 103.6879
125.8105 103.5131
125.8121 103.7532
125.8125 103.7224
125.8132 103.6288
125.8144 103.4562
125.8147 103.7747
125.8183 103.5292
125.8190 103.7400
125.8219 103.7497
125.8248 103.8439
125.8249 103.9189
125.8251 103.6899
125.8253 103.4611
125.8255 103.7569
125.8257 103.6953
125.8258 103.4837
125.8263 103.7240
125.8274 103.5358
125.8282 103.8839
125.8284 103.7840
125.8286 103.4916
125.8309 103.5626
125.8315 103.8296
125.8322 103.9643
125.8331 103.8014
125.8338 103.8238
125.8339 103.5757
125.8341 103.7452
125.8342 103.4938
125.8344 103.5281
125.8353 103.5725
125.8363 103.6969
125.8378 103.5423
125.8384 103.7523
125.8384 103.7891
125.8395 103.4775
125.8396 103.5084
125.8399 103.4439
125.8400 103.6979
125.8417 103.5300
125.8418 103.4713
125.8424 103.7651
125.8430 103.4859
125.8441 103.7595
125.8445 103.4925
125.8447 103.7719
125.8458 103.7767
125.8478 103.7734
125.8481 103.5297
125.8483 103.6994
125.8489 103.5752
125.8491 103.7550
125.8497 103.4851
125.8499 103.7002
125.8509 103.5547
125.8518 103.7561
125.8524 103.7917
125.8526 103.5475
125.8541 103.7457
125.8553 103.6997
125.8558 103.7924
125.8567 103.7022
125.8568 103.7687
125.8574 103.7780
125.8589 103.4727
125.8593 103.7300
125.8594 103.7947
125.8597 103.7697
125.8603 103.7914
125.8607 103.7314
125.8608 103.7153
125.8614 103.7444
125.8616 103.6635
125.8619 103.4860
125.8620 103.7223
125.8623 103.7292
125.8641 103.4879
125.8643 103.5118
125.8645 103.5125
125.8649 103.7814
125.8651 103.5957
125.8654 103.8058
125.8665 103.7844
125.8672 103.8724
125.8673 103.6463
125.8680 103.4735
125.8682 103.5763
125.8684 103.5051
125.8693 103.5213
125.8693 103.5637
125.8699 103.5644
125.8701 103.7644
125.8710 103.7282
125.8719 103.4837
125.8721 103.7587
125.8723 103.4964
125.8723 103.8089
125.8725 103.7737
125.8726 103.7598
125.8726 103.7623
125.8729 103.6033
125.8733 103.5424
125.8743 103.7660
125.8745 103.7778
125.8746 103.4574
125.8749 103.6985
125.8755 103.7342
125.8760 103.5192
125.8762 103.6008
125.8762 103.7825
125.8765 103.7978
125.8770 103.4653
125.8773 103.5607
125.8782 103.7525
125.8783 103.7866
125.8792 103.5691
125.8795 103.5148
125.8797 103.6804
125.8798 103.4882
125.8799 103.7627
125.8800 103.7981
125.8801 103.5410
125.8804 103.5136
125.8804 103.5159
125.8804 103.8357
125.8808 103.7189
125.8810 103.8253
125.8811 103.4729
125.8812 103.5388
125.8812 103.7636
125.8812 103.8126
125.8814 103.5759
125.8815 103.4711
125.8817 103.7368
125.8822 103.4710
125.8825 103.7560
125.8833 103.5247
125.8835 103.8028
125.8841 103.7562
125.8844 103.8058
125.8852 103.4273
125.8854 103.5023
125.8855 103.7756
125.8857 103.8436
125.8858 103.6241
125.8859 103.6939
125.8860 103.3846
125.8861 103.6828
125.8863 103.4984
125.8863 103.7459
125.8867 103.8389
125.8868 103.7552
125.8868 103.8297
125.8872 103.5269
125.8875 103.6582
125.8880 103.7650
125.8883 103.4997
125.8891 103.4128
125.8891 103.4878
125.8892 103.5349
125.8892 103.9838
125.8893 103.6365
125.8896 103.5455
125.8910 103.7552
125.8911 103.8057
125.8912 103.7345
125.8914 103.7652
125.8919 103.4394
125.8923 103.7627
125.8927 103.5472
125.8928 103.5443
125.8929 103.6397
125.8931 103.8173
125.8932 103.4949
125.8932 103.5623
125.8933 103.6687
125.8939 103.7172
125.8940 103.4636
125.8940 103.7409
125.8945 103.5130
125.8949 103.4396
125.8953 103.4101
125.8958 103.7693
125.8960 103.4809
125.8965 103.7570
125.8967 103.7662
125.8967 103.7904
125.8968 103.7877
125.8969 103.7236
125.8973 103.6511
125.8977 103.5481
125.8977 103.7877
125.8978 103.8673
125.8979 103.4990
125.8979 103.5109
125.8981 103.7470
125.8982 103.7529
125.8984 103.7898
125.8988 103.4818
125.8990 103.6950
125.8991 103.4824
125.8991 103.5593
125.8992 103.6485
125.8992 103.8010
125.8994 103.4976
125.8994 103.7091
125.8995 103.8228
125.8999 103.5232
125.8999 103.7825
125.9001 103.4871
125.9001 103.5067
125.9001 103.7948
125.9003 103.4901
125.9008 103.8056
125.9013 103.5306
125.9013 103.5544
125.9021 103.6274
125.9022 103.5092
125.9023 103.7430
125.9026 103.6557
125.9026 103.7962
125.9032 103.6398
125.9033 103.5368
125.9033 103.5519
125.9034 103.4595
125.9035 103.7371
125.9036 103.6488
125.9041 103.8875
125.9042 103.8058
125.9044 103.6727
125.9047 103.6296
125.9050 103.7748
125.9052 103.7402
125.9054 103.7538
125.9062 103.7394
125.9063 103.6075
125.9063 103.7772
125.9063 103.7871
125.9064 103.4902
125.9065 103.5118
125.9066 103.5754
125.9073 103.8433
125.9074 103.7586
125.9075 103.7990
125.9076 103.5042
125.9079 103.8036
125.9082 103.8169
125.9083 103.5426
125.9086 103.7349
125.9089 103.9196
125.9091 103.8154
125.9098 103.4936
125.9100 103.4177
125.9102 103.6736
125.9104 103.7138
125.9104 103.7368
125.9104 103.8210
125.9105 103.6023
125.9106 103.7496
125.9110 103.5839
125.9111 103.4678
125.9113 103.5419
125.9116 103.7882
125.9126 103.7769
125.9128 103.7512
125.9129 103.5432
125.9129 103.8303
125.9137 103.5524
125.9140 103.5088
125.9145 103.4592
125.9145 103.5469
125.9154 103.7586
125.9154 103.7914
125.9156 103.8318
125.9157 103.6066
125.9157 103.8033
125.9157 103.8859
125.9159 103.9843
125.9165 103.5432
125.9168 103.5988
125.9170 103.5091
125.9171 103.5278
125.9172 103.9451
125.9173 103.5394
125.9176 103.5077
125.9177 103.4541
125.9177 103.6458
125.9182 103.5570
125.9183 103.5303
125.9184 103.8031
125.9188 103.4852
125.9188 103.7537
125.9192 103.5367
125.9193 103.5964
125.9194 103.6343
125.9197 103.7251
125.9203 103.4532
125.9203 103.5471
125.9204 103.4790
125.9205 103.7721
125.9206 103.5623
125.9210 103.6339
125.9210 103.7894
125.9214 103.7604
125.9221 103.7104
125.9222 103.7159
125.9226 103.4799
125.9230 103.8427
125.9235 103.4794
125.9237 103.5029
125.9239 103.6939
125.9241 103.7698
125.9242 103.5718
125.9243 103.5005
125.9244 103.4954
125.9245 103.8001
125.9246 103.7375
125.9246 103.8135
125.9246 103.8272
125.9249 103.4810
125.9250 103.6224
125.9254 103.4522
125.9255 103.5169
125.9258 103.5070
125.9260 103.4962
125.9276 103.7325
125.9276 103.8213
125.9277 103.6350
125.9282 103.5356
125.9284 103.7721
125.9289 103.5030
125.9294 103.8120
125.9296 103.4953
125.9298 103.7742
125.9299 103.4955
125.9300 103.5206
125.9303 103.6253
125.9314 103.4523
125.9317 103.7642
125.9318 103.6014
125.9319 103.7579
125.9320 103.7025
125.9323 103.8361
125.9324 103.4687
125.9338 103.7665
125.9339 103.6944
125.9341 103.5926
125.9343 103.6425
125.9347 103.6685
125.9351 103.5029
125.9352 103.5170
125.9353 103.5145
125.9356 103.7750
125.9361 103.8064
125.9361 103.8431
125.9366 103.5055
125.9374 103.5416
125.9374 103.5616
125.9375 103.5989
125.9382 103.7985
125.9385 103.8020
125.9391 103.5518
125.9392 103.7806
125.9395 103.7835
125.9400 103.7340
125.9406 103.7794
125.9420 103.5339
125.9420 103.7013
125.9420 103.7757
125.9423 103.8004
125.9427 103.7943
125.9429 103.5553
125.9433 103.7071
125.9438 103.7232
125.9445 103.5370
125.9445 103.7535
125.9445 103.8049
125.9446 103.5003
125.9451 103.4969
125.9452 103.5474
125.9452 103.5578
125.9458 103.8127
125.9460 103.7486
125.9464 103.8143
125.9469 103.4589
125.9470 103.7754
125.9472 103.6883
125.9472 103.7875
125.9473 103.7358
125.9477 103.7487
125.9482 103.7865
125.9482 103.8100
125.9486 103.5065
125.9489 103.7934
125.9490 103.5185
125.9494 103.4444
125.9500 103.8730
125.9504 103.7678
125.9505 103.4834
125.9507 103.5811
125.9509 103.7204
125.9509 103.7583
125.9510 103.5244
125.9511 103.5407
125.9512 103.8773
125.9516 103.6146
125.9543 103.7058
125.9561 103.5366
125.9565 103.5355
125.9566 103.6284
125.9567 103.7235
125.9567 103.7952
125.9571 103.7852
125.9573 103.7467
125.9579 103.7182
125.9580 103.7765
125.9583 103.7721
125.9584 103.7557
125.9596 103.7527
125.9597 103.5956
125.9603 103.6982
125.9604 103.5953
125.9606 103.4595
125.9606 103.8031
125.9609 103.8334
125.9611 103.5257
125.9612 103.5057
125.9612 103.7467
125.9621 103.5402
125.9626 103.5215
125.9626 103.8597
125.9630 103.8086
125.9633 103.8757
125.9636 103.4257
125.9640 103.7653
125.9644 103.8092
125.9653 103.7272
125.9655 103.5424
125.9659 103.5270
125.9660 103.8687
125.9661 103.5088
125.9669 103.4842
125.9671 103.5400
125.9672 103.7474
125.9673 103.7411
125.9679 103.7690
125.9682 103.8094
125.9687 103.7433
125.9697 103.7454
125.9698 103.4905
125.9701 103.5330
125.9701 103.7403
125.9719 103.7000
125.9729 103.7397
125.9738 103.7382
125.9750 103.7267
125.9756 103.8601
125.9760 103.5357
125.9771 103.5144
125.9783 103.8553
125.9789 103.7487
125.9799 103.5760
125.9801 103.7261
125.9801 103.7476
125.9817 103.7751
125.9818 103.5536
125.9824 103.8377
125.9826 103.3876
125.9829 103.8025
125.9832 103.7499
125.9838 103.8492
125.9840 103.6537
125.9846 103.5759
125.9850 103.5353
125.9854 103.5340
125.9855 103.5278
125.9880 103.7397
125.9890 103.7474
125.9891 103.7511
125.9892 103.5149
125.9898 103.7308
125.9916 103.6625
125.9918 103.8996
125.9919 103.8300
125.9923 103.6372
125.9923 103.8213
125.9938 103.8107
125.9940 103.7616
125.9944 103.7760
125.9949 103.7913
125.9951 103.8290
125.9952 103.5260
125.9958 103.7742
125.9960 103.7174
125.9985 103.5425
125.9986 103.6333
126.0006 103.9306
126.0007 103.5389
126.0018 103.8566
126.0022 103.7200
126.0033 103.8026
126.0034 103.7830
126.0056 103.7750
126.0066 103.4918
126.0068 103.6625
126.0071 103.6558
126.0079 103.7566
126.0086 103.7751
126.0101 103.7719
126.0104 103.7611
126.0108 103.7175
126.0108 103.7815
126.0114 103.7999
126.0133 103.6688
126.0139 103.6780
126.0143 103.9387
126.0156 103.8351
126.0169 103.6224
126.0209 103.5563
126.0211 103.8205
126.0219 103.5827
126.0233 103.7600
126.0235 103.5992
126.0237 103.8618
126.0253 103.6244
126.0267 103.7586
126.0297 103.6991
126.0301 103.6593
126.0310 103.6199
126.0312 103.7897
126.0330 103.6971
126.0335 103.8422
126.0336 103.5341
126.0353 103.7219
126.0358 103.6495
126.0396 103.6262
126.0422 103.7345
126.0427 103.8019
126.0436 103.6889
126.0438 103.6292
126.0450 103.5083
126.0464 103.9056
126.0466 103.8486
126.0485 103.6190
126.0485 103.8212
126.0487 103.6658
126.0488 103.5972
126.0501 103.8415
126.0504 103.6424
126.0508 103.6654
126.0529 103.8941
126.0544 103.6935
126.0550 103.8082
126.0551 103.4801
126.0574 103.7308
126.0579 103.6420
126.0580 103.7127
126.0588 103.5748
126.0623 103.6261
126.0632 103.7820
126.0652 103.8513
126.0653 103.4366
126.0660 103.7703
126.0660 103.8059
126.0660 103.8342
126.0664 103.8226
126.0670 103.8367
126.0681 103.5944
126.0691 103.7502
126.0699 103.5296
126.0704 103.5171
126.0704 103.8901
126.0706 103.7397
126.0707 103.7857
126.0720 103.7762
126.0735 103.7144
126.0736 103.7503
126.0760 103.8417
126.0764 103.8449
126.0764 103.9895
126.0765 103.8567
126.0771 103.8560
126.0782 103.8533
126.0786 103.8648
126.0791 103.8010
126.0804 103.8907
126.0816 103.6004
126.0833 103.7462
126.0839 103.4912
126.0850 103.7913
126.0851 103.7149
126.0861 103.5541
126.0870 103.8511
126.0871 103.7871
126.0881 103.6268
126.0889 103.8574
126.0895 103.8389
126.0910 103.7864
126.0923 103.8149
126.0926 103.5517
126.0927 103.6008
126.0930 103.8098
126.0932 103.6878
126.0944 103.5677
126.0946 103.9097
126.0959 103.8920
126.0961 103.8586
126.0962 103.5284
126.0966 103.7837
126.0966 103.8134
126.0968 103.8659
126.0969 103.6362
126.0970 103.7980
126.0979 103.8345
126.0983 103.5609
126.0987 103.8033
126.0996 103.8454
126.0999 103.8644
126.1001 103.6572
126.1003 103.8085
126.1006 103.5658
126.1009 103.6067
126.1009 103.8190
126.1018 103.8324
126.1028 103.8071
126.1030 103.6487
126.1032 103.7772
126.1039 103.7724
126.1046 103.8261
126.1056 103.8795
126.1059 103.5934
126.1067 103.8261
126.1069 103.8233
126.1078 103.8661
126.1082 103.8522
126.1085 103.5433
126.1088 103.5995
126.1088 103.7451
126.1089 103.7991
126.1090 103.8146
126.1095 103.8410
126.1096 103.5937
126.1107 103.7598
126.1108 103.8082
126.1115 103.7950
126.1116 103.7245
126.1118 103.7521
126.1120 103.6528
126.1125 103.7989
126.1131 103.5280
126.1132 103.8196
126.1133 103.7247
126.1134 103.6479
126.1136 103.8753
126.1153 103.5592
126.1155 103.5487
126.1155 103.5763
126.1168 103.8657
126.1170 103.8565
126.1171 103.8400
126.1176 103.7437
126.1183 103.8097
126.1186 103.5390
126.1187 103.5711
126.1192 103.9243
126.1207 103.8446
126.1214 103.6037
126.1216 103.5080
126.1216 103.7589
126.1217 103.5215
126.1217 103.7442
126.1218 103.5376
126.1218 103.7991
126.1221 103.8893
126.1223 103.8572
126.1224 103.6022
126.1225 103.5604
126.1225 103.7981
126.1226 103.8353
126.1239 103.5590
126.1247 103.5434
126.1248 103.5398
126.1253 103.7451
126.1255 103.8251
126.1259 103.7437
126.1264 103.8136
126.1267 103.5444
126.1271 103.6155
126.1272 103.8107
126.1283 103.8066
126.1292 103.5411
126.1296 103.5712
126.1296 103.8519
126.1298 103.6939
126.1298 103.8283
126.1301 103.6629
126.1302 103.7820
126.1305 103.7717
126.1310 103.5865
126.1310 103.7698
126.1312 103.5367
126.1316 103.8137
126.1320 103.5325
126.1320 103.8270
126.1326 103.7998
126.1327 103.7401
126.1329 103.6046
126.1330 103.5455
126.1330 103.8915
126.1332 103.7977
126.1334 103.8182
126.1336 103.6078
126.1341 103.8128
126.1344 103.8651
126.1346 103.5856
126.1348 103.8166
126.1351 103.7888
126.1354 103.7571
126.1355 103.8643
126.1357 103.7925
126.1357 103.7976
126.1357 103.8028
126.1359 103.8219
126.1360 103.7279
126.1363 103.8604
126.1364 103.8139
126.1365 103.5787
126.1366 103.8572
126.1370 103.5644
126.1370 103.7952
126.1376 103.5997
126.1376 103.8513
126.1379 103.6827
126.1385 103.4715
126.1395 103.7314
126.1397 103.5426
126.1398 103.6729
126.1404 103.5399
126.1410 103.8173
126.1415 103.7886
126.1415 103.8367
126.1416 103.6011
126.1416 103.8162
126.1417 103.7964
126.1417 103.8671
126.1420 103.8788
126.1425 103.7636
126.1427 103.7214
126.1428 103.5780
126.1430 103.8437
126.1430 103.8628
126.1431 103.7811
126.1438 103.8207
126.1445 103.6219
126.1449 103.6108
126.1455 103.5638
126.1461 103.5643
126.1461 103.7739
126.1461 103.8441
126.1464 103.5864
126.1466 103.7736
126.1467 103.7632
126.1468 103.6863
126.1468 103.7985
126.1469 103.5013
126.1469 103.7265
126.1470 103.8141
126.1472 103.8326
126.1479 103.5678
126.1481 103.7862
126.1482 103.7996
126.1486 103.5971
126.1488 103.5660
126.1489 103.6005
126.1492 103.7621
126.1493 103.7937
126.1494 103.5440
126.1505 103.5983
126.1511 103.5730
126.1512 103.7728
126.1513 103.8130
126.1514 103.7625
126.1515 103.7845
126.1517 103.7963
126.1519 103.8167
126.1520 103.7648
126.1525 103.7937
126.1527 103.5030
126.1527 103.5803
126.1528 103.6165
126.1528 103.7588
126.1534 103.8153
126.1538 103.7073
126.1538 103.8023
126.1540 103.8105
126.1541 103.8627
126.1542 103.5889
126.1543 103.8747
126.1544 103.5280
126.1544 103.8061
126.1547 103.5028
126.1547 103.7076
126.1551 103.8282
126.1551 103.8302
126.1554 103.6109
126.1555 103.8082
126.1557 103.8544
126.1562 103.5729
126.1564 103.7910
126.1565 103.7722
126.1566 103.8161
126.1574 103.6022
126.1574 103.8503
126.1575 103.5421
126.1577 103.5495
126.1577 103.7751
126.1579 103.5765
126.1583 103.8681
126.1587 103.8282
126.1587 103.8720
126.1588 103.8112
126.1589 103.7924
126.1590 103.6099
126.1591 103.5810
126.1593 103.8226
126.1596 103.7878
126.1602 103.5527
126.1602 103.5746
126.1603 103.8067
126.1604 103.8280
126.1606 103.7206
126.1607 103.5000
126.1609 103.7785
126.1610 103.7555
126.1610 103.9002
126.1612 103.7795
126.1614 103.8057
126.1615 103.8257
126.1617 103.5537
126.1618 103.5279
126.1621 103.8047
126.1622 103.5448
126.1622 103.7807
126.1624 103.7368
126.1635 103.7753
126.1637 103.5742
126.1638 103.5603
126.1638 103.7397
126.1640 103.7863
126.1641 103.5708
126.1641 103.7894
126.1646 103.6395
126.1650 103.5532
126.1652 103.8271
126.1653 103.6021
126.1654 103.7784
126.1654 103.7925
126.1656 103.7655
126.1658 103.8283
126.1660 103.7895
126.1662 103.7890
126.1663 103.7350
126.1664 103.7366
126.1665 103.7639
126.1668 103.7872
126.1670 103.5620
126.1675 103.5638
126.1675 103.8252
126.1678 103.7711
126.1678 103.7819
126.1681 103.5702
126.1682 103.6182
126.1684 103.7786
126.1685 103.5899
126.1688 103.8074
126.1689 103.5678
126.1694 103.7816
126.1703 103.5668
126.1706 103.5798
126.1707 103.5521
126.1707 103.6835
126.1710 103.5525
126.1710 103.7773
126.1714 103.5955
126.1716 103.7604
126.1716 103.7979
126.1716 103.8030
126.1717 103.7275
126.1717 103.8000
126.1720 103.7907
126.1721 103.5522
126.1724 103.8275
126.1725 103.5934
126.1727 103.5751
126.1728 103.5189
126.1728 103.5974
126.1735 103.7925
126.1737 103.8107
126.1739 103.5870
126.1743 103.8284
126.1745 103.5314
126.1750 103.5148
126.1751 103.8472
126.1752 103.5422
126.1759 103.5145
126.1759 103.8773
126.1762 103.5567
126.1762 103.8247
126.1763 103.6452
126.1763 103.8254
126.1764 103.5960
126.1765 103.7975
126.1768 103.5496
126.1770 103.8281
126.1771 103.6089
126.1772 103.7828
126.1774 103.5053
126.1775 103.8438
126.1778 103.7703
126.1779 103.7805
126.1786 103.8682
126.1787 103.6766
126.1788 103.5141
126.1790 103.5349
126.1791 103.7600
126.1793 103.5232
126.1793 103.5386
126.1794 103.4806
126.1803 103.8208
126.1804 103.5955
126.1804 103.7977
126.1809 103.9035
126.1810 103.8070
126.1810 103.9154
126.1812 103.5787
126.1815 103.5690
126.1815 103.8207
126.1816 103.5724
126.1816 103.8628
126.1819 103.8680
126.1822 103.7896
126.1823 103.8796
126.1825 103.5741
126.1825 103.6043
126.1826 103.7958
126.1828 103.7802
126.1830 103.8667
126.1840 103.4991
126.1843 103.5063
126.1844 103.7750
126.1847 103.5119
126.1849 103.5475
126.1849 103.5900
126.1849 103.8161
126.1850 103.7783
126.1858 103.7896
126.1863 103.7852
126.1864 103.8634
126.1865 103.5311
126.1866 103.7567
126.1869 103.7919
126.1870 103.8784
126.1885 103.6326
126.1885 103.8018
126.1886 103.7683
126.1887 103.8506
126.1889 103.7630
126.1890 103.8444
126.1893 103.5609
126.1893 103.8051
126.1897 103.8118
126.1897 103.8317
126.1898 103.5439
126.1900 103.5183
126.1900 103.8301
126.1904 103.7759
126.1905 103.7344
126.1909 103.6898
126.1910 103.5851
126.1914 103.5389
126.1918 103.6266
126.1919 103.4997
126.1920 103.8262
126.1922 103.5751
126.1923 103.8128
126.1924 103.7780
126.1925 103.5561
126.1930 103.7554
126.1938 103.6364
126.1941 103.7493
126.1944 103.8374
126.1946 103.5787
126.1949 103.4953
126.1949 103.7818
126.1949 103.7903
126.1950 103.7170
126.1951 103.5607
126.1954 103.8101
126.1957 103.7463
126.1960 103.5291
126.1961 103.7713
126.1963 103.5892
126.1966 103.5705
126.1972 103.8102
126.1973 103.8852
126.1978 103.8415
126.1979 103.9325
126.1981 103.8193
126.1982 103.5260
126.1982 103.8464
126.1982 103.8544
126.1984 103.5551
126.1985 103.8247
126.1987 103.5501
126.1994 103.8079
126.1995 103.6255
126.1997 103.6227
126.1998 103.9780
126.2002 103.7991
126.2004 103.8318
126.2005 103.7984
126.2006 103.7934
126.2010 103.8361
126.2013 103.7650
126.2015 103.8701
126.2024 103.8179
126.2027 103.5670
126.2030 103.4962
126.2033 103.5464
126.2044 103.7542
126.2047 103.5480
126.2050 103.8271
126.2052 103.6100
126.2052 103.8050
126.2052 103.8113
126.2053 103.5668
126.2055 103.4405
126.2064 103.5245
126.2064 103.8358
126.2065 103.9218
126.2067 103.7970
126.2067 103.8709
126.2073 103.4861
126.2075 103.5394
126.2075 103.5803
126.2075 103.6019
126.2081 103.5381
126.2086 103.7448
126.2087 103.8236
126.2089 103.7873
126.2091 103.5706
126.2091 103.6177
126.2093 103.8436
126.2093 103.8705
126.2095 103.5577
126.2101 103.4822
126.2102 103.7313
126.2103 103.6179
126.2105 103.8203
126.2106 103.6869
126.2107 103.5839
126.2107 103.8845
126.2112 103.6083
126.2112 103.8760
126.2121 103.5246
126.2126 103.8626
126.2128 103.8338
126.2129 103.5808
126.2130 103.8303
126.2139 103.5460
126.2142 103.6468
126.2146 103.4861
126.2149 103.5807
126.2150 103.5793
126.2159 103.8572
126.2161 103.8420
126.2163 103.8718
126.2165 103.8462
126.2166 103.5902
126.2167 103.6028
126.2171 103.8738
126.2172 103.4616
126.2172 103.5589
126.2172 103.6145
126.2172 103.7340
126.2176 103.5509
126.2178 103.5443
126.2180 103.5686
126.2182 103.7935
126.2184 103.6157
126.2193 103.7938
126.2200 103.8119
126.2201 103.5472
126.2206 103.5494
126.2217 103.7863
126.2217 103.9126
126.2228 103.5041
126.2228 103.7916
126.2235 103.8980
126.2241 103.4942
126.2244 103.8655
126.2245 103.4842
126.2247 103.6933
126.2250 103.5669
126.2250 103.8128
126.2250 103.8244
126.2253 103.5590
126.2266 103.8813
126.2267 103.8321
126.2268 103.7956
126.2278 103.5711
126.2278 103.7391
126.2284 103.6114
126.2289 103.7762
126.2290 103.5547
126.2291 103.5471
126.2294 104.0393
126.2301 103.8439
126.2307 103.5938
126.2307 103.8512
126.2310 103.5499
126.2311 103.8562
126.2314 103.5965
126.2326 103.5693
126.2327 103.5306
126.2329 103.7660
126.2333 103.8395
126.2340 103.5537
126.2348 103.8009
126.2351 103.5987
126.2354 103.8048
126.2357 103.7632
126.2360 103.6083
126.2370 103.8114
126.2371 103.8505
126.2375 103.8339
126.2376 103.7879
126.2387 103.5091
126.2390 103.7788
126.2400 103.7074
126.2400 103.7637
126.2410 103.7952
126.2411 103.8354
126.2420 103.6566
126.2425 103.6875
126.2425 103.8716
126.2436 103.5768
126.2441 103.7799
126.2446 103.7944
126.2465 103.9764
126.2471 103.8748
126.2478 103.5042
126.2506 103.8163
126.2508 103.8601
126.2513 103.6337
126.2521 103.8338
126.2523 103.8124
126.2529 103.6082
126.2558 103.6082
126.2560 103.5946
126.2563 103.6252
126.2566 103.5577
126.2569 103.6535
126.2570 103.8632
126.2573 103.8656
126.2581 103.8961
126.2602 103.6250
126.2622 103.8611
126.2623 103.9418
126.2628 103.5385
126.2635 103.7856
126.2644 103.6191
126.2652 103.6266
126.2652 103.9139
126.2657 103.8907
126.2663 103.8334
126.2672 103.8598
126.2678 103.8504
126.2705 103.5506
126.2732 103.8144
126.2746 103.7744
126.2767 103.7772
126.2789 103.5700
126.2797 103.8049
126.2801 103.9252
126.2802 103.5695
126.2819 103.5664
126.2825 103.8535
126.2827 103.8337
126.2829 103.8432
126.2832 103.5600
126.2833 103.8349
126.2833 103.8839
126.2839 103.9741
126.2845 103.6597
126.2849 103.9880
126.2876 103.6363
126.2876 103.8008
126.2878 103.9143
126.2883 103.8820
126.2892 103.8423
126.2896 103.8924
126.2902 103.9186
126.2907 103.5729
126.2908 103.5843
126.2926 103.5880
126.2934 103.5341
126.2946 103.9372
126.2963 103.6221
126.3030 103.7964
126.3038 103.8878
126.3039 103.9112
126.3045 103.6915
126.3061 103.8272
126.3083 103.7526
126.3090 103.6646
126.3149 103.8554
126.3167 103.5902
126.3227 103.9541
126.3238 103.5182
126.3717 103.7050
126.3730 103.8552
126.3804 103.7987
