74.6013 211.2610
74.6112 211.3475
74.6134 211.3623
74.6185 211.1746
74.6192 211.3744
74.6219 211.2171
74.6222 211.3762
74.6228 211.3312
74.6257 211.2636
74.6277 211.3404
74.6280 211.3680
74.6286 211.2880
74.6290 211.1983
74.6293 211.1559
74.6313 211.2310
74.6319 211.2245
74.6327 211.2630
74.6332 211.2547
74.6385 211.3154
74.6386 211.2504
74.6387 211.2427
74.6401 211.3342
74.6409 211.2870
74.6410 211.3805
74.6411 211.3001
74.6413 211.4050
74.6427 211.3951
74.6441 211.3774
74.6452 211.4264
74.6456 211.1058
74.6457 211.1414
74.6470 211.2976
74.6473 211.3831
74.6475 211.2505
74.6482 211.2293
74.6499 211.2407
74.6517 211.2597
74.6522 211.2965
74.6528 211.2401
74.6541 211.2898
74.6542 211.3524
74.6545 211.3579
74.6559 211.3636
74.6568 211.2647
74.6576 211.2380
74.6580 211.3661
74.6589 211.3380
74.6590 211.3233
74.6610 211.1278
74.6612 211.2685
74.6615 211.2950
74.6624 211.1436
74.6629 211.2650
74.6630 211.1228
74.6635 211.3836
74.6636 211.2981
74.6646 211.2865
74.6650 211.1869
74.6661 211.3647
74.6662 211.3155
74.6665 211.2227
74.6666 211.3494
74.6674 211.3139
74.6675 211.1161
74.6681 211.1962
74.6682 211.2908
74.6684 211.3446
74.6687 211.3970
74.6690 211.4331
74.6699 211.3683
74.6700 211.1173
74.6702 211.2203
74.6708 211.2492
74.6710 211.3696
74.6720 211.4658
74.6723 211.1126
74.6725 211.1694
74.6728 211.2217
74.6744 211.1588
74.6747 211.2961
74.6750 211.4173
74.6751 211.1748
74.6753 211.3720
74.6754 211.4270
74.6759 211.2196
74.6761 211.2439
74.6776 211.3130
74.6780 211.3326
74.6787 211.3475
74.6789 211.3339
74.6802 211.2844
74.6809 211.3971
74.6813 211.2486
74.6814 211.2608
74.6817 211.3102
74.6818 211.2811
74.6820 211.2814
74.6824 211.2431
74.6825 211.2431
74.6830 211.2853
74.6831 211.3421
74.6833 211.4253
74.6837 211.0779
74.6854 211.3884
74.6869 211.3315
74.6870 211.2791
74.6870 211.4131
74.6877 211.2967
74.6878 211.1824
74.6887 211.1929
74.6889 211.2321
74.6893 211.1874
74.6898 211.2475
74.6900 211.3293
74.6902 211.1760
74.6904 211.0890
74.6906 211.2646
74.6908 211.1834
74.6908 211.2610
74.6913 211.1333
74.6923 211.2249
74.6926 211.2895
74.6935 211.3169
74.6942 211.3673
74.6952 211.0645
74.6971 211.2606
74.6972 211.2869
74.6974 211.3421
74.6975 211.3264
74.6975 211.3340
74.6979 211.2545
74.6985 211.2628
74.6987 211.2115
74.6987 211.2561
74.6989 211.2430
74.6989 211.2751
74.6990 211.2006
74.6993 211.2810
74.6994 211.3712
74.7001 211.3069
74.7003 211.3089
74.7008 211.3389
74.7009 211.3310
74.7010 211.2753
74.7012 211.3300
74.7018 211.3409
74.7019 211.3061
74.7019 211.3300
74.7032 211.1912
74.7032 211.3073
74.7036 211.2702
74.7036 211.3309
74.7037 211.3728
74.7041 211.0931
74.7042 211.3494
74.7044 211.2988
74.7049 211.2986
74.7051 211.1499
74.7051 211.3041
74.7061 211.2938
74.7065 211.2611
74.7068 211.3148
74.7072 211.3051
74.7077 211.4312
74.7085 211.1184
74.7085 211.1688
74.7092 211.3622
74.7093 211.1584
74.7096 211.2963
74.7101 211.3205
74.7108 211.3354
74.7110 211.0197
74.7110 211.3051
74.7110 211.3411
74.7112 211.1794
74.7113 211.0628
74.7120 211.3520
74.7121 211.3244
74.7124 211.3059
74.7132 211.1366
74.7132 211.3858
74.7147 211.0545
74.7147 211.2861
74.7149 211.3756
74.7150 211.3419
74.7154 211.2321
74.7158 211.2357
74.7162 211.4038
74.7171 211.3289
74.7172 211.3149
74.7174 211.2676
74.7175 211.3078
74.7175 211.3222
74.7177 211.3021
74.7178 211.3423
74.7180 211.2124
74.7181 211.3835
74.7183 211.2927
74.7186 211.1969
74.7186 211.2128
74.7186 211.2591
74.7188 211.2167
74.7195 211.1797
74.7195 211.4055
74.7196 211.2596
74.7196 211.2967
74.7203 211.2669
74.7203 211.3190
74.7207 211.1055
74.7212 211.2940
74.7214 211.2363
74.7215 211.3058
74.7216 211.3878
74.7218 211.3302
74.7220 211.3164
74.7221 211.3872
74.7222 211.2313
74.7225 211.2891
74.7233 211.3311
74.7234 211.3212
74.7236 211.2321
74.7236 211.3416
74.7240 211.4407
74.7245 211.3376
74.7245 211.4198
74.7251 211.2566
74.7252 211.2824
74.7255 211.0996
74.7257 211.2637
74.7273 211.3797
74.7275 211.3330
74.7276 211.3003
74.7281 211.2893
74.7282 211.2606
74.7283 211.1264
74.7285 211.3372
74.7289 211.2755
74.7294 211.2338
74.7294 211.3250
74.7296 211.2092
74.7297 211.1328
74.7298 211.2463
74.7300 211.1565
74.7301 211.2939
74.7303 211.3260
74.7303 211.4156
74.7310 211.1956
74.7319 211.2490
74.7327 211.2724
74.7330 211.2203
74.7330 211.2801
74.7332 211.2797
74.7335 211.3788
74.7336 211.1818
74.7340 211.2348
74.7343 211.2155
74.7346 211.0588
74.7346 211.2476
74.7347 211.2365
74.7349 211.1208
74.7349 211.2942
74.7349 211.2956
74.7351 211.2709
74.7352 211.1776
74.7353 211.4173
74.7361 211.3387
74.7363 211.3759
74.7364 211.2922
74.7364 211.3860
74.7366 211.3028
74.7369 211.2930
74.7369 211.3852
74.7375 211.2152
74.7376 211.1867
74.7376 211.2696
74.7379 211.3793
74.7381 211.1956
74.7383 211.2727
74.7384 211.0115
74.7384 211.1589
74.7387 211.2809
74.7389 211.3649
74.7390 211.2890
74.7390 211.3176
74.7394 211.3410
74.7395 211.3614
74.7397 211.2025
74.7401 211.2956
74.7404 211.2303
74.7407 211.3484
74.7410 211.1037
74.7411 211.2435
74.7416 211.1795
74.7417 211.3898
74.7422 211.3253
74.7427 211.2560
74.7438 211.3282
74.7447 211.2991
74.7449 211.2148
74.7451 211.3064
74.7451 211.3149
74.7451 211.3619
74.7452 211.3598
74.7453 211.0137
74.7455 211.3416
74.7457 211.2619
74.7468 211.2425
74.7468 211.2449
74.7468 211.2930
74.7477 211.3492
74.7480 211.1749
74.7483 211.3159
74.7489 211.3174
74.7495 211.0454
74.7495 211.4315
74.7499 211.0399
74.7503 211.3610
74.7503 211.3702
74.7506 211.3110
74.7508 211.3381
74.7509 211.3278
74.7513 211.3785
74.7514 211.2339
74.7516 211.0435
74.7525 211.1853
74.7526 211.2773
74.7526 211.3790
74.7526 211.4418
74.7527 211.2396
74.7529 211.2965
74.7535 211.3247
74.7537 211.4040
74.7538 211.0481
74.7540 211.3294
74.7542 211.2418
74.7544 211.1546
74.7548 211.1250
74.7556 211.2796
74.7565 211.2613
74.7565 211.2904
74.7567 211.4054
74.7568 211.3365
74.7571 211.3049
74.7572 211.3203
74.7575 211.3345
74.7584 211.1953
74.7584 211.2843
74.7586 211.3906
74.7586 211.4072
74.7587 211.0935
74.7593 211.1975
74.7593 211.2471
74.7597 211.2154
74.7598 211.0041
74.7598 211.2148
74.7601 211.2508
74.7602 211.0406
74.7607 211.2071
74.7608 211.2184
74.7608 211.2399
74.7613 211.3722
74.7615 211.1302
74.7618 211.3053
74.7620 211.0385
74.7623 211.1769
74.7625 211.3484
74.7626 211.0887
74.7627 211.1759
74.7627 211.3866
74.7632 211.3437
74.7634 211.2233
74.7635 211.1256
74.7637 211.2872
74.7638 211.3269
74.7639 211.2578
74.7641 211.2279
74.7642 211.1562
74.7643 211.2968
74.7644 211.3182
74.7648 211.2738
74.7650 211.1105
74.7655 211.0678
74.7659 211.1953
74.7663 211.2427
74.7668 211.2328
74.7673 211.2024
74.7673 211.2151
74.7678 211.0323
74.7678 211.3251
74.7684 211.3366
74.7686 211.1909
74.7687 211.2947
74.7689 211.3718
74.7690 211.2206
74.7690 211.2884
74.7692 211.1037
74.7696 211.2792
74.7703 211.0999
74.7703 211.1855
74.7706 211.2719
74.7713 211.2397
74.7716 211.1837
74.7717 211.2213
74.7720 211.2403
74.7723 211.1868
74.7723 211.2589
74.7730 211.3288
74.7732 211.2138
74.7733 211.3790
74.7734 211.2792
74.7736 211.2675
74.7737 211.2978
74.7739 211.3685
74.7742 211.0036
74.7745 211.4765
74.7748 211.1871
74.7748 211.3639
74.7756 211.3126
74.7757 211.2673
74.7759 211.1690
74.7763 211.0515
74.7764 211.2946
74.7766 211.3198
74.7767 211.2704
74.7769 211.2241
74.7769 211.2586
74.7769 211.2776
74.7774 211.0321
74.7788 211.0808
74.7789 211.2425
74.7794 211.1908
74.7796 211.0977
74.7798 211.2383
74.7801 211.2715
74.7807 211.1448
74.7807 211.3122
74.7809 211.2610
74.7811 211.1236
74.7813 211.0031
74.7814 211.3102
74.7814 211.3187
74.7816 211.2809
74.7820 211.2285
74.7823 211.2240
74.7825 211.3772
74.7827 211.0221
74.7827 211.2824
74.7828 211.2669
74.7829 211.2073
74.7831 211.2172
74.7831 211.2382
74.7835 211.4064
74.7837 211.2377
74.7838 211.2644
74.7838 211.3219
74.7838 211.3514
74.7839 211.2000
74.7842 211.3403
74.7843 211.3000
74.7845 211.0654
74.7847 211.1834
74.7857 211.3401
74.7861 210.9986
74.7866 211.2322
74.7870 211.5132
74.7871 211.4196
74.7874 210.9716
74.7875 211.2576
74.7876 211.3349
74.7877 211.0435
74.7882 211.0500
74.7888 211.1905
74.7888 211.3475
74.7891 211.2156
74.7895 211.2478
74.7898 211.0512
74.7898 211.2734
74.7899 211.1520
74.7900 211.2080
74.7900 211.4415
74.7901 211.2380
74.7908 211.1077
74.7909 211.2247
74.7910 211.0409
74.7912 211.2841
74.7915 211.2718
74.7916 211.3698
74.7919 211.2961
74.7922 211.0178
74.7922 211.0884
74.7927 211.2715
74.7930 211.3130
74.7934 211.2534
74.7935 211.0953
74.7937 211.1983
74.7939 211.2873
74.7940 211.3152
74.7944 211.1725
74.7946 211.2048
74.7948 211.0205
74.7950 210.9735
74.7953 211.1813
74.7954 211.2884
74.7957 211.1141
74.7957 211.3632
74.7958 211.3172
74.7961 211.2201
74.7963 211.2301
74.7964 211.4210
74.7971 211.1759
74.7972 211.2949
74.7979 211.2869
74.7990 211.2273
74.7996 211.2675
74.7996 211.3199
74.7998 211.1894
74.7999 211.0059
74.8005 211.3782
74.8011 211.2436
74.8012 211.0263
74.8021 211.0320
74.8027 211.2427
74.8032 211.3017
74.8033 211.2177
74.8035 211.2773
74.8040 211.0594
74.8041 211.3415
74.8043 211.1990
74.8044 211.0944
74.8046 211.2807
74.8047 211.2375
74.8048 211.2375
74.8051 211.1491
74.8054 211.2870
74.8057 211.2788
74.8058 211.0865
74.8061 211.0515
74.8062 211.2596
74.8063 211.0574
74.8063 211.2046
74.8066 211.0794
74.8068 211.2454
74.8068 211.3336
74.8073 211.0225
74.8075 211.0387
74.8075 211.1934
74.8075 211.2905
74.8076 211.2266
74.8077 211.2447
74.8081 211.2789
74.8083 211.2346
74.8083 211.2928
74.8088 211.3129
74.8089 211.0898
74.8089 211.2242
74.8090 211.0887
74.8101 211.1564
74.8102 211.2179
74.8108 211.0693
74.8113 211.3399
74.8119 211.3654
74.8120 211.2606
74.8124 211.2241
74.8127 211.2491
74.8129 211.2205
74.8130 211.0611
74.8137 211.0803
74.8138 211.1162
74.8138 211.1882
74.8139 211.2597
74.8146 211.2440
74.8147 211.1413
74.8148 211.3481
74.8149 211.2979
74.8155 211.0528
74.8157 211.2687
74.8160 211.2181
74.8162 211.0674
74.8163 211.0615
74.8163 211.2936
74.8164 211.2906
74.8167 211.2654
74.8168 211.1611
74.8169 211.0468
74.8169 211.3009
74.8178 211.2948
74.8179 211.1862
74.8183 211.0290
74.8190 211.0658
74.8190 211.2916
74.8194 211.3391
74.8195 210.9848
74.8195 211.1340
74.8196 211.0583
74.8202 211.0803
74.8202 211.1158
74.8205 211.2394
74.8207 211.2545
74.8213 211.0725
74.8214 211.2571
74.8218 211.3028
74.8219 211.2138
74.8220 211.1476
74.8221 211.2156
74.8224 211.0706
74.8224 211.0979
74.8225 211.2245
74.8229 211.2843
74.8230 211.2266
74.8241 211.0704
74.8243 211.0989
74.8246 211.2368
74.8247 210.9916
74.8247 211.0296
74.8249 211.0168
74.8256 211.0071
74.8256 211.1107
74.8257 211.2428
74.8257 211.4044
74.8260 211.0435
74.8263 211.2473
74.8265 211.2966
74.8268 210.9922
74.8275 211.2249
74.8282 211.1016
74.8287 211.1086
74.8287 211.2570
74.8288 211.2073
74.8290 211.0314
74.8290 211.2802
74.8294 211.2384
74.8295 210.9458
74.8295 210.9568
74.8296 211.0277
74.8297 211.1318
74.8298 211.1928
74.8299 210.9920
74.8302 211.0468
74.8303 211.1237
74.8304 211.3222
74.8305 211.0706
74.8307 211.2000
74.8309 211.2314
74.8311 211.2909
74.8313 211.2010
74.8315 211.2683
74.8327 210.9592
74.8329 211.2491
74.8330 211.0327
74.8330 211.0527
74.8331 211.1006
74.8332 211.2996
74.8334 211.0648
74.8338 211.2120
74.8339 211.0667
74.8342 211.2406
74.8343 211.0418
74.8344 211.0049
74.8347 211.2440
74.8348 211.2273
74.8351 211.3627
74.8360 210.9783
74.8363 211.0565
74.8368 211.3509
74.8369 211.1555
74.8372 211.0469
74.8373 211.1287
74.8375 211.0035
74.8379 211.0620
74.8379 211.2419
74.8385 211.2563
74.8388 211.0915
74.8388 211.2863
74.8400 211.1906
74.8403 211.0106
74.8407 211.2086
74.8416 211.0701
74.8416 211.4285
74.8423 211.0252
74.8428 211.2290
74.8431 211.3493
74.8436 210.9950
74.8437 211.0035
74.8442 211.2139
74.8447 211.2755
74.8447 211.4334
74.8448 210.9995
74.8448 211.1730
74.8449 210.9504
74.8450 211.2495
74.8459 211.3000
74.8463 211.2724
74.8464 211.1053
74.8472 211.3017
74.8473 211.0080
74.8479 211.2352
74.8486 211.1195
74.8486 211.1916
74.8486 211.2564
74.8487 211.0876
74.8490 211.2514
74.8492 211.1713
74.8496 211.0091
74.8498 211.1759
74.8499 210.9926
74.8500 211.1242
74.8500 211.1917
74.8503 211.2964
74.8504 211.0591
74.8505 211.0255
74.8506 211.0422
74.8509 210.9802
74.8517 211.2714
74.8519 211.0284
74.8519 211.2753
74.8520 210.9466
74.8520 211.1779
74.8523 211.1612
74.8538 211.1633
74.8539 211.3729
74.8546 211.0799
74.8549 211.0009
74.8552 211.0522
74.8553 211.0681
74.8555 211.0918
74.8557 211.0940
74.8559 211.2883
74.8564 211.1066
74.8564 211.3228
74.8565 211.1965
74.8567 211.1090
74.8574 211.2467
74.8581 210.9841
74.8587 211.4003
74.8593 211.3718
74.8594 211.1476
74.8599 211.1777
74.8604 211.2949
74.8607 211.1093
74.8619 211.3111
74.8633 211.3172
74.8634 211.2279
74.8635 211.1978
74.8635 211.3799
74.8636 211.4346
74.8651 210.9215
74.8652 211.1521
74.8654 211.0652
74.8658 210.9303
74.8659 211.3129
74.8664 211.3554
74.8672 211.0154
74.8681 211.0759
74.8683 211.0553
74.8704 211.0118
74.8706 211.0383
74.8706 211.2908
74.8706 211.2966
74.8708 211.2267
74.8709 211.3380
74.8730 211.1815
74.8733 211.2137
74.8737 211.0649
74.8741 211.0760
74.8744 211.2766
74.8752 211.1480
74.8754 211.2624
74.8755 210.9995
74.8758 211.3312
74.8761 211.0005
74.8761 211.2834
74.8764 211.0222
74.8765 211.1167
74.8768 211.1181
74.8770 211.3870
74.8776 211.2752
74.8792 210.9330
74.8797 211.3098
74.8806 211.0619
74.8818 211.2787
74.8820 211.0413
74.8825 211.0735
74.8831 211.2627
74.8834 211.1661
74.8835 211.3497
74.8837 211.2834
74.8840 211.2456
74.8843 211.4232
74.8857 211.6019
74.8859 211.4918
74.8863 211.1382
74.8868 211.2616
74.8868 211.2682
74.8878 211.0693
74.8895 211.4056
74.8896 211.0341
74.8900 211.0176
74.8902 211.2182
74.8904 211.1697
74.8904 211.2726
74.8906 211.2333
74.8908 211.3486
74.8910 211.2333
74.8925 211.0957
74.8930 211.0295
74.8938 211.2766
74.8939 211.3755
74.8947 211.3557
74.8957 211.4124
74.8960 211.2156
74.8961 211.2353
74.8968 211.1252
74.8969 211.3195
74.8970 210.9883
74.8973 211.2103
74.8973 211.3419
74.8978 211.1032
74.8983 210.9845
74.8990 211.2891
74.8993 211.1134
74.8994 211.3449
74.8999 211.4107
74.9008 211.3378
74.9014 211.3238
74.9015 211.0784
74.9023 211.2988
74.9031 211.0694
74.9036 211.2050
74.9041 211.0509
74.9041 211.0694
74.9052 211.3796
74.9064 211.2078
74.9071 211.0266
74.9086 211.3627
74.9095 211.2961
74.9098 211.2572
74.9107 210.9205
74.9122 211.2663
74.9126 211.3013
74.9131 211.3851
74.9133 211.3806
74.9138 211.3694
74.9140 211.0167
74.9142 210.9386
74.9148 211.1768
74.9149 211.0390
74.9149 211.2755
74.9151 211.2552
74.9153 211.4200
74.9165 211.2477
74.9168 211.0459
74.9173 211.4588
74.9175 211.2650
74.9175 211.2924
74.9178 210.9625
74.9187 211.3047
74.9188 211.3570
74.9189 211.3868
74.9198 211.3159
74.9230 211.3281
74.9248 211.0637
74.9254 211.3632
74.9257 210.9216
74.9260 211.2578
74.9290 211.4122
74.9293 211.3899
74.9294 211.0250
74.9296 211.4004
74.9297 211.1684
74.9300 211.1583
74.9306 210.9073
74.9307 210.9375
74.9310 211.4583
74.9314 211.0212
74.9315 211.3072
74.9326 211.3383
74.9327 211.4947
74.9331 211.4344
74.9332 211.3815
74.9345 211.4027
74.9346 211.3302
74.9352 211.0585
74.9356 211.4621
74.9359 211.3031
74.9360 211.2484
74.9371 211.4270
74.9381 210.9719
74.9384 210.9626
74.9384 211.3720
74.9385 211.1262
74.9385 211.3377
74.9389 211.1151
74.9394 211.3294
74.9402 211.0444
74.9404 211.0746
74.9407 211.1827
74.9410 211.1216
74.9410 211.3631
74.9412 211.3506
74.9414 211.4443
74.9415 211.3396
74.9416 210.9984
74.9424 211.3596
74.9424 211.4028
74.9438 211.4101
74.9440 211.4698
74.9453 211.0831
74.9455 211.3226
74.9455 211.4584
74.9463 211.3519
74.9468 211.2980
74.9473 211.0989
74.9473 211.2311
74.9474 211.0815
74.9477 211.4321
74.9479 211.0244
74.9484 211.4818
74.9495 211.1309
74.9496 210.9584
74.9497 211.4106
74.9499 211.3398
74.9516 211.0806
74.9525 211.4130
74.9526 211.3246
74.9532 211.3858
74.9534 211.3311
74.9536 211.4212
74.9538 211.0655
74.9542 211.3450
74.9559 211.4839
74.9566 211.4195
74.9570 211.3900
74.9571 211.2194
74.9575 211.3046
74.9581 211.3809
74.9584 211.5002
74.9590 211.1128
74.9590 211.3597
74.9590 211.4715
74.9594 211.3785
74.9595 211.3686
74.9599 211.2684
74.9603 211.1133
74.9612 211.4448
74.9614 211.0954
74.9614 211.3911
74.9621 211.5147
74.9626 211.3435
74.9627 211.1309
74.9628 211.1784
74.9631 211.3241
74.9632 211.2536
74.9643 211.4736
74.9649 211.1136
74.9650 211.4177
74.9653 211.2093
74.9654 211.3524
74.9656 211.1593
74.9659 211.0482
74.9663 211.3485
74.9668 211.4349
74.9675 211.3450
74.9676 211.3825
74.9684 211.3962
74.9687 211.4205
74.9691 211.1435
74.9693 211.3763
74.9697 211.3439
74.9698 211.3826
74.9700 211.3789
74.9700 211.4160
74.9702 211.3688
74.9704 211.3720
74.9714 211.3709
74.9722 211.3895
74.9723 210.9023
74.9723 211.4140
74.9723 211.4859
74.9731 211.3840
74.9733 211.4135
74.9738 211.3940
74.9745 211.4203
74.9753 211.0946
74.9762 211.3774
74.9770 211.2495
74.9774 211.4087
74.9785 211.4552
74.9788 211.4843
74.9789 211.5100
74.9792 211.4846
74.9801 211.3287
74.9804 211.3686
74.9812 211.1595
74.9812 211.3680
74.9813 211.3891
74.9816 211.4220
74.9819 211.3271
74.9820 211.2867
74.9825 211.3999
74.9834 211.0046
74.9835 211.3404
74.9836 211.1843
74.9840 211.3934
74.9852 211.1808
74.9852 211.4322
74.9854 211.3605
74.9854 211.4485
74.9859 211.5810
74.9863 211.2212
74.9865 211.3217
74.9865 211.3813
74.9869 211.3936
74.9871 211.1296
74.9873 211.4198
74.9874 211.4212
74.9885 210.9226
74.9887 211.4321
74.9890 211.5147
74.9891 211.4040
74.9896 211.4596
74.9899 211.0685
74.9901 211.3212
74.9901 211.3905
74.9902 211.2239
74.9909 211.0846
74.9909 211.3078
74.9912 211.4165
74.9914 211.3188
74.9918 211.3608
74.9920 210.9878
74.9926 210.9375
74.9928 211.4201
74.9932 211.3984
74.9935 211.1616
74.9941 211.3316
74.9944 211.4247
74.9948 211.4129
74.9949 211.3981
74.9951 211.3904
74.9951 211.4003
74.9952 211.3145
74.9955 211.4213
74.9957 211.4186
74.9964 211.3595
74.9967 211.2776
74.9967 211.4457
74.9971 211.3931
74.9975 211.4355
74.9977 211.3582
74.9987 211.2424
74.9987 211.3347
74.9988 211.4048
74.9989 211.3195
74.9990 211.2872
74.9991 211.3427
74.9993 211.3078
74.9993 211.4391
74.9995 211.1331
74.9995 211.4004
74.9996 211.4082
75.0000 211.3300
75.0003 211.0783
75.0008 211.0366
75.0009 211.3429
75.0021 211.3578
75.0030 211.3326
75.0032 211.4005
75.0034 211.1133
75.0035 211.3299
75.0037 211.4027
75.0040 211.3909
75.0042 211.2585
75.0043 211.1490
75.0044 211.4354
75.0047 211.3415
75.0054 211.0617
75.0054 211.3849
75.0059 211.3399
75.0060 211.1546
75.0060 211.2461
75.0061 211.3888
75.0062 211.1964
75.0063 211.3217
75.0063 211.3305
75.0064 211.4129
75.0065 211.4630
75.0067 211.0771
75.0069 211.1187
75.0072 211.4309
75.0075 211.3373
75.0078 211.1399
75.0078 211.4736
75.0082 211.2920
75.0084 211.1514
75.0084 211.3442
75.0089 211.1267
75.0089 211.4729
75.0094 211.3716
75.0094 211.3929
75.0095 211.1856
75.0095 211.2850
75.0096 211.4007
75.0104 211.4063
75.0105 211.1692
75.0109 211.4520
75.0110 211.3674
75.0116 211.3323
75.0116 211.4093
75.0117 211.4131
75.0119 211.3953
75.0120 211.1352
75.0121 211.3783
75.0123 211.2152
75.0125 211.4653
75.0135 211.4195
75.0136 211.3312
75.0136 211.3445
75.0142 211.3505
75.0145 211.1589
75.0145 211.4455
75.0148 211.1472
75.0148 211.3731
75.0150 211.3271
75.0152 211.3607
75.0157 211.4580
75.0164 211.4681
75.0169 211.4397
75.0170 211.1336
75.0174 211.1336
75.0177 211.4159
75.0179 211.3273
75.0180 211.2933
75.0183 211.1837
75.0186 211.1025
75.0188 211.3293
75.0198 211.1759
75.0201 211.1156
75.0201 211.4035
75.0201 211.4237
75.0204 211.2220
75.0205 211.0820
75.0206 211.3909
75.0207 211.3332
75.0207 211.4783
75.0209 211.1716
75.0218 211.3924
75.0222 211.3233
75.0222 211.3836
75.0224 211.3613
75.0224 211.4252
75.0236 211.1271
75.0236 211.3933
75.0239 211.3358
75.0241 211.3849
75.0249 211.1494
75.0250 211.0312
75.0254 211.1017
75.0258 211.3941
75.0267 211.2023
75.0275 211.1691
75.0275 211.4844
75.0276 211.4792
75.0278 211.3188
75.0278 211.3711
75.0280 211.2232
75.0282 211.1314
75.0294 211.3600
75.0294 211.3647
75.0295 211.5514
75.0296 211.4237
75.0299 211.4157
75.0301 211.3893
75.0310 211.0893
75.0312 211.2955
75.0318 211.3347
75.0323 211.3089
75.0323 211.4302
75.0326 211.4452
75.0332 211.1274
75.0357 211.3698
75.0363 211.3620
75.0365 211.3754
75.0365 211.4613
75.0367 211.3474
75.0374 211.1153
75.0374 211.1340
75.0375 211.3108
75.0375 211.4768
75.0376 211.4350
75.0384 211.1487
75.0384 211.3618
75.0385 211.3069
75.0385 211.3291
75.0386 211.3321
75.0388 211.2098
75.0390 211.3645
75.0392 211.3487
75.0395 211.0998
75.0400 211.1526
75.0410 211.1375
75.0419 211.1942
75.0421 211.4709
75.0436 211.0619
75.0438 211.3820
75.0439 211.4334
75.0442 211.1360
75.0442 211.5883
75.0443 211.3554
75.0445 211.1674
75.0450 211.0112
75.0453 211.0667
75.0460 211.4019
75.0462 211.4354
75.0465 211.3750
75.0470 211.3961
75.0473 211.3600
75.0477 211.1128
75.0477 211.4233
75.0480 211.3687
75.0481 211.1194
75.0485 211.2528
75.0485 211.3700
75.0486 211.3306
75.0487 211.3318
75.0488 211.1799
75.0488 211.4181
75.0489 211.5101
75.0492 211.3667
75.0499 211.3827
75.0502 211.3301
75.0517 211.2058
75.0532 211.1513
75.0538 211.3729
75.0544 211.1122
75.0545 211.0878
75.0546 211.3871
75.0547 211.3314
75.0547 211.3949
75.0547 211.4777
75.0551 211.4594
75.0553 211.3293
75.0555 211.3561
75.0559 211.4197
75.0563 211.3471
75.0564 211.0595
75.0565 211.1168
75.0566 211.4084
75.0570 211.4095
75.0574 211.4386
75.0576 211.1237
75.0577 211.3855
75.0578 211.3176
75.0581 211.1660
75.0583 211.2876
75.0583 211.3033
75.0587 211.0298
75.0591 211.0808
75.0594 211.3632
75.0596 211.2545
75.0600 211.1402
75.0600 211.4277
75.0603 211.1333
75.0612 211.2933
75.0613 211.1568
75.0615 211.4328
75.0617 211.1446
75.0625 211.3109
75.0626 211.3984
75.0628 211.3898
75.0629 211.2091
75.0630 211.1599
75.0631 211.0808
75.0634 211.2756
75.0636 211.3112
75.0636 211.3208
75.0643 211.3065
75.0643 211.4936
75.0646 211.1130
75.0651 211.2982
75.0652 211.3850
75.0659 211.2874
75.0660 211.3694
75.0661 211.1467
75.0662 211.3611
75.0666 211.2689
75.0667 211.2835
75.0669 211.3655
75.0671 211.2778
75.0675 211.5087
75.0677 211.1606
75.0681 211.0592
75.0682 211.0778
75.0683 211.1025
75.0688 211.2078
75.0689 211.1733
75.0694 211.4853
75.0697 211.2820
75.0701 211.0794
75.0708 211.4625
75.0715 211.1217
75.0727 211.3397
75.0737 211.4061
75.0738 211.1954
75.0743 211.0996
75.0746 211.1092
75.0747 211.1540
75.0749 211.2104
75.0757 211.1614
75.0764 211.4261
75.0765 211.4075
75.0766 211.4237
75.0771 211.1459
75.0772 211.2184
75.0772 211.5867
75.0774 211.0426
75.0774 211.3808
75.0775 211.4371
75.0776 211.2283
75.0780 211.1055
75.0785 211.1237
75.0789 211.1165
75.0789 211.3466
75.0790 211.1172
75.0790 211.1331
75.0796 211.0702
75.0797 211.2392
75.0797 211.4193
75.0805 211.5177
75.0806 211.0140
75.0814 211.5097
75.0817 211.1804
75.0823 211.4386
75.0825 211.1281
75.0827 211.1879
75.0828 211.0769
75.0838 211.0884
75.0847 211.1303
75.0850 211.1744
75.0854 211.1505
75.0865 211.4410
75.0867 211.1140
75.0867 211.2591
75.0869 211.0460
75.0870 211.1961
75.0870 211.4019
75.0874 211.1285
75.0877 211.0449
75.0877 211.3779
75.0885 211.1164
75.0899 211.5775
75.0908 211.1789
75.0909 211.3517
75.0910 211.4025
75.0919 211.1393
75.0923 211.3006
75.0926 211.0805
75.0928 211.4318
75.0934 211.4438
75.0942 211.1582
75.0943 211.3936
75.0954 211.3782
75.0958 211.1030
75.0964 211.1660
75.0972 211.0943
75.0974 211.1393
75.0976 211.1768
75.0982 211.4012
75.0983 211.1557
75.0991 211.1230
75.0992 211.1011
75.0998 211.1544
75.1015 211.0859
75.1025 211.0987
75.1027 211.1581
75.1028 211.0252
75.1030 211.5298
75.1032 211.0989
75.1039 211.1840
75.1050 211.3790
75.1063 211.2845
75.1066 211.3155
75.1069 211.3904
75.1073 211.1607
75.1074 211.3528
75.1082 211.3829
75.1087 211.1423
75.1100 211.4932
75.1101 211.5583
75.1103 211.1709
75.1103 211.5096
75.1107 211.1549
75.1120 211.1510
75.1121 211.4217
75.1129 211.0602
75.1130 211.1357
75.1133 211.2702
75.1135 211.1212
75.1139 211.1202
75.1139 211.1342
75.1148 211.0313
75.1156 211.0161
75.1157 211.3599
75.1165 211.0908
75.1169 211.1916
75.1174 211.0851
75.1186 211.0444
75.1188 211.1444
75.1197 211.0820
75.1203 211.1761
75.1203 211.4296
75.1207 211.1727
75.1211 211.0838
75.1219 211.1334
75.1222 211.1408
75.1227 211.1137
75.1237 211.5077
75.1240 211.1756
75.1250 211.4126
75.1268 211.1519
75.1274 211.1833
75.1288 211.1616
75.1291 211.0837
75.1291 211.2517
75.1294 211.1768
75.1296 211.0343
75.1297 211.4576
75.1309 211.1399
75.1321 211.0526
75.1322 211.1663
75.1327 211.1732
75.1340 211.3196
75.1342 211.0856
75.1346 211.1192
75.1352 211.0493
75.1353 211.2492
75.1358 211.1484
75.1367 211.1604
75.1391 211.1198
75.1406 211.1115
75.1415 211.6477
75.1420 211.2590
75.1421 211.1977
75.1437 211.4806
75.1458 211.2220
75.1462 211.1543
75.1464 211.3973
75.1475 211.0777
75.1487 211.0697
75.1489 211.5189
75.1496 211.1665
75.1498 211.1235
75.1523 211.3739
75.1531 211.1112
75.1540 211.1058
75.1573 211.1290
75.1576 211.1514
75.1593 211.0664
75.1617 211.1062
75.1629 211.1806
75.1655 211.1136
75.1679 211.0174
75.1681 211.1982
75.1683 211.0856
75.1689 211.3964
75.1704 211.1375
75.1714 211.0915
75.1715 211.2068
75.1716 211.2216
75.1788 211.3382
75.1791 211.0972
75.1813 211.3635
75.1817 211.1045
75.1846 211.0389
75.1879 211.1148
75.1894 211.0930
75.1913 211.1230
75.1914 211.1335
75.1921 211.0843
75.1934 211.5710
75.1957 211.1324
75.1990 211.0330
75.1993 211.5019
75.2010 211.1053
75.2036 210.9914
75.2039 211.2052
75.2074 211.3970
75.2080 211.0450
75.2212 211.0363
75.2229 211.0472
75.2248 211.1885
75.2325 211.1525
75.2349 210.9773
75.2351 211.1597
75.2384 211.5458
75.2435 211.0959
75.2466 211.0903
75.2680 211.0274
75.3035 211.1406
75.3118 211.3096
75.3741 211.3067
