179.7952 160.1899
179.8288 160.1939
179.8528 160.1376
179.8647 160.2130
179.8719 160.1708
179.8829 160.0347
179.8867 160.2160
179.8893 160.2182
179.8896 160.1681
179.8957 160.0751
179.8990 160.1935
179.8995 160.2011
179.9025 160.1840
179.9025 160.2460
179.9038 160.3033
179.9043 160.1286
179.9049 160.1773
179.9056 160.1837
179.9067 160.0830
179.9071 160.2345
179.9123 160.1972
179.9129 160.1867
179.9135 160.1455
179.9138 160.2203
179.9148 160.1319
179.9153 160.1265
179.9161 160.1964
179.9187 160.2018
179.9206 160.2095
179.9233 160.2574
179.9243 160.2434
179.9258 160.2979
179.9259 160.2088
179.9262 160.1655
179.9262 160.1727
179.9264 160.2525
179.9277 160.0601
179.9288 160.1077
179.9304 160.1524
179.9314 160.2034
179.9320 160.1916
179.9364 160.2356
179.9388 159.9960
179.9401 160.1673
179.9405 160.1668
179.9428 160.2826
179.9430 160.2247
179.9440 159.9790
179.9450 159.9892
179.9462 160.2283
179.9465 159.9410
179.9473 160.1911
179.9485 160.1901
179.9488 160.2740
179.9493 160.2264
179.9503 160.2173
179.9514 160.2426
179.9523 160.1748
179.9531 160.0105
179.9538 160.1853
179.9548 160.2045
179.9555 160.2999
179.9564 160.2292
179.9568 160.1763
179.9574 160.1676
179.9579 160.0882
179.9579 160.1446
179.9584 160.1256
179.9608 160.2870
179.9609 159.9638
179.9611 160.1782
179.9613 160.1280
179.9649 160.1859
179.9654 160.2576
179.9661 160.2171
179.9666 160.2040
179.9670 160.1802
179.9676 160.1861
179.9684 160.1272
179.9686 160.1837
179.9722 160.1499
179.9735 160.0997
179.9746 160.0797
179.9759 160.1480
179.9769 160.2208
179.9779 160.2365
179.9784 160.1853
179.9791 160.1571
179.9808 160.1186
179.9812 160.1371
179.9814 160.1472
179.9814 160.1729
179.9828 160.1554
179.9846 160.1808
179.9846 160.3522
179.9851 160.1843
179.9853 160.2220
179.9856 160.2336
179.9865 160.1472
179.9880 160.2314
179.9899 159.9653
179.9900 160.1454
179.9901 160.2231
179.9914 160.2847
179.9924 160.1588
179.9934 160.2523
179.9938 160.0306
179.9940 160.2443
179.9943 160.2393
179.9949 160.1703
179.9966 160.1748
179.9971 160.2372
179.9991 160.1554
180.0000 160.2129
180.0005 160.0669
180.0008 160.1132
180.0010 160.1792
180.0020 159.9846
180.0025 160.0982
180.0040 160.2180
180.0044 160.1426
180.0046 160.1463
180.0047 160.1359
180.0069 160.1537
180.0075 160.1330
180.0080 160.1998
180.0090 160.1965
180.0095 160.2256
180.0096 160.1100
180.0102 160.0690
180.0111 160.1960
180.0115 160.2265
180.0121 160.1755
180.0123 160.3274
180.0127 160.2033
180.0143 160.1455
180.0146 160.2228
180.0155 160.2220
180.0157 160.1473
180.0208 160.2052
180.0217 159.9912
180.0222 160.1017
180.0225 160.1922
180.0229 160.2834
180.0230 160.0569
180.0238 160.2753
180.0243 160.0287
180.0243 160.0435
180.0245 160.0219
180.0245 160.1472
180.0245 160.2175
180.0263 160.2296
180.0266 160.1911
180.0268 159.9992
180.0281 160.0950
180.0292 160.1545
180.0292 160.3683
180.0296 160.2924
180.0306 160.0932
180.0306 160.4210
180.0313 160.2138
180.0314 160.1282
180.0317 160.0764
180.0328 160.0930
180.0331 160.1718
180.0332 160.1881
180.0333 160.1172
180.0338 160.0134
180.0339 160.1903
180.0360 160.0809
180.0361 160.0834
180.0369 160.1965
180.0384 160.2722
180.0397 160.0113
180.0402 160.2762
180.0405 160.1397
180.0417 159.9294
180.0419 160.0683
180.0419 160.2103
180.0424 160.1458
180.0437 160.2288
180.0444 160.2001
180.0462 160.0872
180.0464 160.2355
180.0466 160.2467
180.0467 160.2090
180.0469 160.0017
180.0471 160.0674
180.0471 160.1583
180.0476 160.3103
180.0477 160.1025
180.0482 160.0268
180.0489 160.1055
180.0489 160.2328
180.0492 160.0793
180.0496 160.2854
180.0501 160.0135
180.0506 160.2512
180.0508 160.3070
180.0512 160.0387
180.0512 160.0530
180.0513 160.1210
180.0516 160.2859
180.0517 160.0708
180.0518 160.1648
180.0527 160.4242
180.0535 159.9141
180.0541 160.0399
180.0552 159.9281
180.0556 160.1478
180.0560 159.9807
180.0565 160.1556
180.0571 160.1350
180.0573 159.9925
180.0578 160.1121
180.0598 160.0760
180.0608 160.1916
180.0609 160.1362
180.0610 160.4295
180.0615 160.2018
180.0616 160.1629
180.0636 160.0283
180.0638 160.1228
180.0645 160.0763
180.0660 160.2831
180.0663 160.4473
180.0664 160.2176
180.0668 160.2003
180.0672 160.1494
180.0675 160.2228
180.0676 160.1832
180.0683 160.1897
180.0686 160.1983
180.0692 160.1347
180.0696 160.0688
180.0696 160.2081
180.0696 160.3508
180.0698 160.0849
180.0698 160.1188
180.0710 160.3680
180.0718 160.4123
180.0734 160.0479
180.0743 160.2448
180.0743 160.4048
180.0744 159.9921
180.0748 159.9836
180.0753 160.2778
180.0756 159.9152
180.0769 159.9920
180.0772 160.0699
180.0775 159.9188
180.0776 160.0125
180.0782 160.1855
180.0785 160.0099
180.0804 160.3123
180.0815 160.1716
180.0815 160.1994
180.0815 160.2596
180.0816 160.1307
180.0821 160.1810
180.0826 159.9837
180.0826 160.3658
180.0833 160.2723
180.0843 160.1408
180.0847 160.2209
180.0852 160.0382
180.0855 160.2057
180.0855 160.3603
180.0856 160.1538
180.0866 160.2503
180.0871 160.1907
180.0877 159.9670
180.0877 160.1147
180.0878 160.3932
180.0887 160.2112
180.0899 160.1079
180.0899 160.3152
180.0902 160.3338
180.0921 160.0223
180.0926 159.9895
180.0926 160.4236
180.0929 159.9959
180.0933 160.1697
180.0941 160.3573
180.0953 160.2741
180.0963 160.0387
180.0963 160.0582
180.0974 160.3537
180.0975 160.3463
180.0979 160.1789
180.0982 160.3429
180.0988 160.1618
180.0991 159.9777
180.1001 160.4639
180.1025 160.2725
180.1028 160.1080
180.1038 159.9434
180.1039 160.0922
180.1044 159.9884
180.1044 160.0382
180.1051 160.5193
180.1067 160.4099
180.1070 159.9591
180.1076 159.9798
180.1080 160.2031
180.1085 159.9781
180.1086 159.8848
180.1087 160.2231
180.1091 160.0717
180.1096 160.0833
180.1101 160.3382
180.1103 160.0088
180.1103 160.2485
180.1104 160.3840
180.1111 159.9865
180.1117 160.0989
180.1118 160.0851
180.1119 159.9257
180.1124 159.9763
180.1125 160.0320
180.1125 160.0604
180.1125 160.0635
180.1129 159.9854
180.1131 160.2849
180.1137 160.3413
180.1138 160.1033
180.1143 159.9375
180.1144 159.9772
180.1156 160.0326
180.1159 160.1476
180.1160 160.3839
180.1162 160.3035
180.1165 160.3279
180.1166 159.9528
180.1169 159.8477
180.1171 160.3437
180.1175 160.3416
180.1177 159.9241
180.1183 159.8608
180.1186 159.9458
180.1188 160.3720
180.1189 159.9200
180.1195 159.9453
180.1205 159.9210
180.1212 160.3443
180.1215 159.8963
180.1223 160.3031
180.1226 159.9752
180.1233 160.3575
180.1237 160.2973
180.1238 159.9711
180.1245 160.0268
180.1246 160.3777
180.1248 159.9310
180.1252 160.3706
180.1253 160.2605
180.1256 160.0612
180.1258 160.1509
180.1259 159.9591
180.1259 160.3437
180.1264 160.0554
180.1266 159.9833
180.1266 160.2592
180.1272 160.0390
180.1277 159.9120
180.1278 159.9742
180.1283 160.1064
180.1291 160.3226
180.1292 160.3385
180.1293 159.9419
180.1293 160.3614
180.1296 159.9412
180.1299 160.2414
180.1301 160.4573
180.1305 160.0360
180.1308 159.9843
180.1309 159.9655
180.1315 159.9708
180.1318 159.9785
180.1321 159.8961
180.1333 160.3420
180.1334 160.0162
180.1339 159.9249
180.1340 159.8332
180.1350 160.3608
180.1352 160.0062
180.1358 160.3099
180.1363 159.9019
180.1367 160.3038
180.1375 159.9467
180.1377 160.2913
180.1379 159.9837
180.1380 160.4388
180.1381 159.9485
180.1384 159.9708
180.1386 160.1396
180.1388 160.3116
180.1389 159.9461
180.1390 160.2156
180.1392 159.9361
180.1397 159.9384
180.1401 160.0291
180.1402 160.4513
180.1405 159.9594
180.1414 160.3290
180.1417 159.8436
180.1419 160.0076
180.1422 159.9362
180.1423 160.4484
180.1430 160.0592
180.1431 160.3980
180.1436 160.3339
180.1437 160.1349
180.1438 160.3733
180.1442 160.3295
180.1443 159.9781
180.1445 159.8499
180.1450 160.2899
180.1453 160.1539
180.1456 160.4442
180.1458 159.9176
180.1469 160.0189
180.1473 159.9600
180.1476 159.9437
180.1480 159.9517
180.1483 160.1757
180.1486 160.3811
180.1487 160.3229
180.1487 160.4385
180.1496 159.9693
180.1497 160.3964
180.1500 160.0141
180.1503 160.0230
180.1509 160.0932
180.1514 159.9911
180.1517 160.3371
180.1522 160.3534
180.1527 159.9751
180.1530 160.2963
180.1538 159.9665
180.1541 159.9122
180.1541 160.3445
180.1542 159.8963
180.1545 160.4517
180.1546 160.3374
180.1549 160.3404
180.1552 160.0214
180.1552 160.3087
180.1553 159.9090
180.1559 159.9882
180.1560 159.8690
180.1564 160.3957
180.1565 160.3011
180.1574 159.8719
180.1575 160.3475
180.1578 160.0299
180.1578 160.3481
180.1579 160.3524
180.1583 160.0938
180.1585 159.9465
180.1587 160.3358
180.1592 160.0088
180.1595 160.0516
180.1596 160.4092
180.1599 159.9643
180.1601 160.0574
180.1601 160.3305
180.1610 159.9534
180.1618 160.3142
180.1620 159.9756
180.1621 160.0444
180.1625 160.2908
180.1634 159.9821
180.1636 159.9664
180.1637 159.9824
180.1638 160.4005
180.1645 160.2640
180.1645 160.2906
180.1646 159.9347
180.1650 159.9904
180.1651 160.0357
180.1653 160.2817
180.1656 159.9805
180.1656 160.0014
180.1660 160.0211
180.1662 160.5092
180.1669 160.2361
180.1671 159.9584
180.1674 159.8669
180.1678 160.3869
180.1684 159.9566
180.1684 160.0300
180.1684 160.3136
180.1685 160.4302
180.1686 160.4040
180.1696 159.9435
180.1697 159.8523
180.1699 159.9801
180.1699 160.1390
180.1703 160.4277
180.1704 160.2730
180.1706 159.8273
180.1709 160.0409
180.1711 160.1342
180.1713 159.9611
180.1713 160.0248
180.1724 159.9052
180.1729 159.9893
180.1732 160.4010
180.1735 160.4794
180.1739 160.3092
180.1740 160.3910
180.1740 160.4603
180.1745 160.1551
180.1745 160.2218
180.1751 160.3224
180.1754 159.9834
180.1755 160.0175
180.1757 160.1649
180.1759 160.0172
180.1760 160.3537
180.1762 160.3047
180.1765 160.3554
180.1768 159.9617
180.1768 159.9857
180.1773 160.0408
180.1775 160.3637
180.1780 160.3591
180.1783 160.3289
180.1783 160.3314
180.1786 159.9678
180.1786 160.3718
180.1787 159.9411
180.1788 160.1576
180.1793 160.0088
180.1794 160.1251
180.1796 160.2834
180.1798 160.3499
180.1804 159.9089
180.1806 159.9839
180.1808 159.8978
180.1809 159.9614
180.1809 160.1961
180.1811 160.1310
180.1812 160.2749
180.1820 160.1332
180.1823 160.0740
180.1827 160.2460
180.1829 160.6057
180.1831 160.3782
180.1835 159.8634
180.1835 160.2414
180.1838 160.5717
180.1841 160.0471
180.1846 159.9557
180.1847 160.0263
180.1856 160.0177
180.1857 160.2895
180.1860 159.9543
180.1861 160.3412
180.1868 160.3150
180.1870 160.2855
180.1871 160.0327
180.1877 159.9587
180.1877 160.0087
180.1877 160.2749
180.1880 160.0098
180.1890 160.0164
180.1902 160.0038
180.1906 160.0815
180.1906 160.3436
180.1911 160.4199
180.1913 159.9095
180.1919 160.0528
180.1920 160.3662
180.1929 160.3029
180.1933 160.4120
180.1936 160.3998
180.1937 159.9587
180.1940 160.0153
180.1942 159.8283
180.1944 160.0174
180.1947 160.3749
180.1948 160.0872
180.1951 159.9355
180.1951 159.9848
180.1954 160.3295
180.1962 160.1291
180.1968 159.8841
180.1968 160.3457
180.1980 160.0049
180.1980 160.0154
180.1983 160.3266
180.1983 160.3381
180.1988 160.3743
180.1990 159.8515
180.1996 160.3787
180.1999 159.9702
180.2002 159.9017
180.2005 159.9775
180.2011 160.3020
180.2012 160.1631
180.2018 160.2683
180.2021 159.9496
180.2022 160.2625
180.2025 160.2752
180.2025 160.2910
180.2026 160.1257
180.2027 160.2470
180.2028 159.9457
180.2030 159.9869
180.2031 160.1953
180.2039 160.5078
180.2041 160.3279
180.2043 160.3218
180.2047 159.9890
180.2047 160.2433
180.2053 159.8948
180.2060 160.1691
180.2062 159.9167
180.2069 160.3316
180.2072 160.3086
180.2072 160.3781
180.2083 160.0088
180.2087 160.2262
180.2090 159.9829
180.2090 160.1735
180.2092 160.3618
180.2093 159.9728
180.2093 160.3382
180.2094 160.2446
180.2098 159.8929
180.2098 160.4231
180.2101 160.4213
180.2103 159.9066
180.2105 160.2963
180.2113 159.9757
180.2115 160.3874
180.2119 159.9972
180.2123 160.1326
180.2124 160.0981
180.2125 160.2850
180.2125 160.2905
180.2132 160.3506
180.2133 160.3107
180.2141 160.2780
180.2145 160.0233
180.2148 160.2416
180.2153 160.3955
180.2154 160.3329
180.2159 160.3877
180.2165 160.1577
180.2168 160.1841
180.2170 159.9656
180.2170 160.0061
180.2172 159.8844
180.2172 159.9958
180.2172 160.0664
180.2175 159.9959
180.2176 160.0248
180.2177 159.8919
180.2178 159.9626
180.2178 160.3012
180.2178 160.3775
180.2180 160.3068
180.2182 160.2168
180.2183 159.9784
180.2183 160.0522
180.2187 160.3202
180.2190 160.0031
180.2192 159.9346
180.2196 160.2260
180.2197 160.2734
180.2203 159.9955
180.2204 160.0109
180.2204 160.1254
180.2205 160.3499
180.2207 160.3005
180.2210 160.2508
180.2214 160.0812
180.2224 159.9974
180.2231 160.3490
180.2232 160.0158
180.2242 160.2148
180.2248 160.1401
180.2249 159.9438
180.2249 159.9550
180.2249 160.1824
180.2250 160.2643
180.2254 159.9401
180.2259 160.2296
180.2263 160.1874
180.2263 160.4025
180.2265 160.3602
180.2266 159.9462
180.2269 160.2085
180.2270 160.3199
180.2272 160.1148
180.2278 160.4645
180.2279 160.1027
180.2281 159.9792
180.2283 160.0280
180.2296 160.4512
180.2303 160.2718
180.2310 160.2531
180.2312 160.0047
180.2312 160.0202
180.2314 160.2228
180.2314 160.4315
180.2317 160.0210
180.2318 160.0019
180.2321 160.1157
180.2324 160.3970
180.2328 159.8678
180.2332 160.2021
180.2340 160.3269
180.2343 160.4530
180.2351 160.1360
180.2354 160.3806
180.2357 160.4364
180.2358 159.8709
180.2361 160.2985
180.2366 160.1877
180.2370 160.2589
180.2371 160.3313
180.2375 160.0175
180.2375 160.2776
180.2376 160.4242
180.2377 160.2395
180.2387 160.2042
180.2404 160.3076
180.2404 160.3767
180.2408 160.3695
180.2410 159.9272
180.2411 160.2694
180.2413 159.8270
180.2413 160.2219
180.2416 159.9304
180.2430 160.1634
180.2436 160.0337
180.2436 160.3143
180.2439 159.9527
180.2449 160.3472
180.2450 160.0621
180.2459 160.0223
180.2462 159.9145
180.2462 160.1733
180.2463 159.8507
180.2464 160.3211
180.2465 160.2444
180.2465 160.2812
180.2467 159.9847
180.2482 160.3412
180.2498 159.8757
180.2498 160.2205
180.2498 160.5786
180.2499 160.3002
180.2500 159.8873
180.2502 160.2133
180.2503 160.3143
180.2504 159.9049
180.2504 160.1696
180.2518 160.1865
180.2522 160.1977
180.2523 160.1323
180.2524 159.8658
180.2524 160.4339
180.2525 160.3410
180.2526 160.2164
180.2527 160.1825
180.2527 160.3240
180.2529 159.9295
180.2532 160.3641
180.2534 160.1517
180.2535 160.1711
180.2538 160.1082
180.2538 160.2272
180.2547 160.0245
180.2547 160.2084
180.2548 160.1480
180.2549 160.1893
180.2552 160.2252
180.2555 160.2820
180.2556 160.3166
180.2567 160.4254
180.2573 160.2247
180.2585 160.2187
180.2586 160.4030
180.2587 160.1666
180.2588 159.9604
180.2589 160.2660
180.2591 159.9828
180.2592 160.1926
180.2596 160.2651
180.2598 160.1026
180.2604 160.3145
180.2619 159.8976
180.2620 160.3748
180.2626 160.3141
180.2627 160.3660
180.2633 160.2667
180.2643 160.2677
180.2647 159.9036
180.2650 159.9741
180.2658 160.1649
180.2682 160.2922
180.2692 160.1610
180.2704 160.2897
180.2705 160.3954
180.2711 160.4032
180.2715 160.0753
180.2716 159.9379
180.2723 160.2274
180.2730 160.2561
180.2735 160.2615
180.2753 159.8523
180.2756 159.9308
180.2757 160.1156
180.2761 159.9918
180.2771 160.3812
180.2772 160.2949
180.2773 160.2244
180.2774 160.1328
180.2778 160.2863
180.2781 160.1538
180.2784 160.2025
180.2798 160.1805
180.2799 160.2951
180.2801 160.2442
180.2807 160.2605
180.2815 160.1963
180.2818 160.2535
180.2819 160.1326
180.2821 160.3084
180.2828 160.1900
180.2833 160.1768
180.2834 160.1996
180.2837 160.2703
180.2842 160.3496
180.2845 160.1275
180.2845 160.1746
180.2847 160.1116
180.2853 159.9365
180.2855 160.1719
180.2868 159.9369
180.2873 160.1189
180.2895 159.9510
180.2895 160.1689
180.2902 160.1781
180.2902 160.3024
180.2905 160.3631
180.2908 160.2066
180.2910 160.3782
180.2911 160.2652
180.2911 160.3082
180.2914 160.2470
180.2921 160.2920
180.2923 159.8489
180.2925 160.2105
180.2928 160.1195
180.2932 160.2084
180.2939 160.2371
180.2942 160.3258
180.2948 160.4019
180.2957 160.1408
180.2963 159.9480
180.2976 160.1917
180.2979 160.0928
180.2979 160.2940
180.2987 160.2080
180.2997 160.0982
180.3003 159.9927
180.3008 160.1302
180.3009 160.0915
180.3010 160.2106
180.3016 160.1578
180.3021 160.2037
180.3023 160.1595
180.3025 160.2411
180.3027 160.0901
180.3031 160.1170
180.3035 160.2014
180.3036 160.1828
180.3038 160.1947
180.3042 160.1559
180.3048 159.8484
180.3048 160.1782
180.3051 160.2156
180.3055 160.1290
180.3058 159.9764
180.3067 160.1800
180.3069 160.1595
180.3074 160.1992
180.3075 160.2273
180.3076 160.2235
180.3082 160.1104
180.3082 160.1402
180.3083 160.2083
180.3086 160.2465
180.3089 160.0744
180.3094 160.2042
180.3094 160.3278
180.3096 160.1578
180.3098 160.1646
180.3103 160.2188
180.3106 160.2042
180.3111 160.1571
180.3113 160.1883
180.3116 160.2173
180.3122 160.2246
180.3128 160.1339
180.3129 160.1440
180.3135 159.9559
180.3136 160.2259
180.3139 160.1084
180.3141 160.1025
180.3144 160.2588
180.3148 160.1988
180.3159 160.0365
180.3160 160.1164
180.3160 160.2250
180.3163 160.2615
180.3168 160.1352
180.3171 160.1841
180.3176 160.2299
180.3184 160.2013
180.3185 160.1291
180.3186 160.2157
180.3189 160.1660
180.3197 160.2034
180.3200 160.1384
180.3201 160.1043
180.3202 160.2009
180.3205 160.2432
180.3207 160.1833
180.3213 160.1272
180.3214 160.1513
180.3214 160.1550
180.3214 160.3194
180.3231 160.3238
180.3237 159.9514
180.3238 160.1687
180.3242 160.0385
180.3252 160.1924
180.3257 160.3718
180.3258 160.1521
180.3260 160.2915
180.3269 160.2479
180.3270 160.1967
180.3274 160.1400
180.3275 160.1532
180.3277 160.1408
180.3277 160.1920
180.3279 160.1705
180.3279 160.1777
180.3281 160.2063
180.3281 160.2158
180.3285 160.2288
180.3287 160.1961
180.3289 160.2628
180.3292 160.1703
180.3306 160.1701
180.3310 160.1844
180.3311 160.1177
180.3314 160.2214
180.3318 160.0952
180.3319 160.1574
180.3319 160.2218
180.3321 160.2629
180.3328 159.8887
180.3333 160.1074
180.3335 160.1300
180.3348 160.1494
180.3356 160.1880
180.3356 160.2484
180.3357 160.2818
180.3361 160.2220
180.3364 160.3848
180.3376 160.2516
180.3378 160.2376
180.3381 160.1333
180.3383 160.1502
180.3391 160.1590
180.3392 160.2385
180.3396 160.1503
180.3398 160.1673
180.3400 159.8972
180.3400 160.2019
180.3401 160.1757
180.3406 160.1076
180.3412 160.1442
180.3413 160.1039
180.3415 160.2526
180.3416 160.2396
180.3426 160.0904
180.3428 160.1060
180.3434 160.2457
180.3442 160.0922
180.3442 160.1595
180.3450 160.2149
180.3454 160.1934
180.3460 160.1296
180.3464 160.2602
180.3466 160.2372
180.3468 160.1704
180.3478 160.1484
180.3480 160.2527
180.3488 160.2592
180.3489 160.2699
180.3491 160.2246
180.3492 160.1542
180.3496 160.1265
180.3501 160.1311
180.3501 160.2435
180.3503 160.2935
180.3506 160.1876
180.3506 160.2293
180.3512 160.1499
180.3513 160.2120
180.3516 160.1433
180.3518 160.1371
180.3521 160.1940
180.3521 160.2092
180.3522 160.3044
180.3524 160.0487
180.3530 160.1029
180.3532 160.1255
180.3541 160.2066
180.3546 160.1721
180.3546 160.2137
180.3547 160.0935
180.3549 160.1528
180.3552 160.1891
180.3552 160.1985
180.3565 160.1219
180.3565 160.1416
180.3569 160.0800
180.3570 160.0716
180.3576 160.1632
180.3578 160.1751
180.3579 160.2363
180.3582 160.2392
180.3589 160.2068
180.3595 160.1871
180.3597 160.2522
180.3600 160.1875
180.3600 160.2101
180.3602 160.2762
180.3607 160.1309
180.3611 160.1454
180.3612 160.1902
180.3635 160.1776
180.3639 160.1879
180.3648 160.1484
180.3651 160.2345
180.3653 160.0319
180.3658 160.2749
180.3659 160.1689
180.3659 160.2878
180.3662 160.0420
180.3662 160.2987
180.3664 160.1947
180.3673 160.1307
180.3680 160.1375
180.3683 160.1634
180.3689 160.1712
180.3694 160.2241
180.3695 160.2230
180.3696 160.2151
180.3700 160.0800
180.3714 160.2125
180.3721 160.1437
180.3721 160.2595
180.3722 160.2075
180.3724 160.1743
180.3728 160.1772
180.3738 160.1840
180.3740 160.1768
180.3743 160.1803
180.3743 160.2295
180.3744 159.9858
180.3759 160.3309
180.3761 160.3383
180.3762 160.1397
180.3763 160.1555
180.3764 160.1560
180.3764 160.1656
180.3774 160.1513
180.3775 160.1266
180.3776 160.1634
180.3782 160.1871
180.3787 160.1680
180.3789 160.2624
180.3812 160.1123
180.3812 160.1873
180.3812 160.2688
180.3815 160.1776
180.3826 160.1366
180.3826 160.1876
180.3835 160.2189
180.3843 160.1769
180.3850 160.1551
180.3853 160.2019
180.3861 160.1618
180.3861 160.1720
180.3867 160.1413
180.3867 160.1870
180.3874 160.1863
180.3889 160.1783
180.3897 160.0722
180.3900 160.2111
180.3908 160.1291
180.3914 160.1783
180.3914 160.2596
180.3916 160.1617
180.3923 160.0621
180.3925 160.1931
180.3930 160.0541
180.3931 160.1878
180.3932 160.0877
180.3932 160.1570
180.3932 160.1656
180.3947 160.2407
180.3951 160.2414
180.3959 160.2750
180.3966 160.2069
180.3976 160.1812
180.3978 159.9998
180.3980 160.1350
180.3983 160.1564
180.3997 160.1252
180.3997 160.1483
180.3999 160.1472
180.4001 160.1735
180.4007 160.0570
180.4012 160.2184
180.4015 160.1403
180.4017 160.1835
180.4033 160.1044
180.4042 160.1315
180.4043 160.0972
180.4044 160.1187
180.4045 160.2169
180.4048 160.1939
180.4073 160.2723
180.4092 160.0784
180.4093 160.2385
180.4097 160.1003
180.4100 160.1680
180.4107 160.0555
180.4116 160.3230
180.4119 160.1122
180.4120 160.2479
180.4121 160.1761
180.4124 160.1995
180.4131 160.1217
180.4153 160.1480
180.4167 160.2264
180.4174 160.1929
180.4176 160.1521
180.4187 160.1369
180.4195 160.1482
180.4220 160.1698
180.4231 160.0915
180.4235 160.1818
180.4253 160.1595
180.4254 160.1499
180.4258 160.1212
180.4259 160.1599
180.4263 160.1605
180.4267 159.9645
180.4275 160.1959
180.4292 160.1825
180.4312 160.0179
180.4319 160.1731
180.4336 160.1527
180.4337 160.2082
180.4366 160.1505
180.4374 160.0459
180.4383 160.2391
180.4385 160.1925
180.4415 160.3117
180.4426 160.2131
180.4427 160.0295
180.4438 160.1671
180.4438 160.1832
180.4445 160.1026
180.4449 160.1288
180.4455 160.1977
180.4461 160.1730
180.4462 160.1104
180.4467 160.1565
180.4481 160.0612
180.4509 159.9187
180.4511 160.0905
180.4514 160.1773
180.4525 160.0160
180.4576 160.1954
180.4594 160.2132
180.4613 160.1090
180.4614 160.0530
180.4635 160.3845
180.4639 160.0841
180.4659 160.2167
180.4660 160.1637
180.4721 160.2211
180.4739 160.1317
180.4746 160.3402
180.4812 160.0779
180.4824 159.9635
180.4836 160.0619
180.4908 160.1235
180.4942 160.0916
180.4954 159.9824
180.4957 160.1824
180.4996 160.1908
180.5020 160.2819
180.5102 160.1430
180.5119 160.0531
180.5194 160.0420
180.5574 160.2420
