112.3995 49.4476
112.4156 49.3748
112.4196 49.4790
112.4263 49.5513
112.4825 49.4542
112.4907 49.4591
112.4946 49.4935
112.5011 49.5116
112.5045 49.2978
112.5050 49.5215
112.5051 49.4523
112.5098 49.4108
112.5149 49.4596
112.5172 49.2686
112.5188 49.4945
112.5218 49.4818
112.5242 49.4811
112.5253 49.4767
112.5260 49.4933
112.5271 49.3259
112.5301 49.5789
112.5307 49.5332
112.5330 49.4441
112.5374 49.5667
112.5380 49.4835
112.5383 49.3248
112.5383 49.5260
112.5384 49.4791
112.5392 49.3803
112.5400 49.4452
112.5444 49.4913
112.5461 49.4838
112.5463 49.5780
112.5474 49.4684
112.5487 49.5226
112.5526 49.4646
112.5545 49.4952
112.5554 49.5733
112.5556 49.4522
112.5559 49.4744
112.5576 49.4741
112.5581 49.4645
112.5582 49.3747
112.5594 49.5035
112.5596 49.5145
112.5618 49.4581
112.5620 49.3808
112.5623 49.4751
112.5628 49.4644
112.5633 49.2769
112.5645 49.4598
112.5650 49.6171
112.5652 49.5528
112.5660 49.4450
112.5661 49.3966
112.5665 49.4109
112.5668 49.5212
112.5682 49.4804
112.5685 49.5107
112.5693 49.2761
112.5697 49.4392
112.5701 49.5219
112.5701 49.5854
112.5702 49.4968
112.5718 49.4585
112.5721 49.5011
112.5727 49.4906
112.5729 49.5151
112.5730 49.5496
112.5733 49.5495
112.5737 49.5165
112.5738 49.5326
112.5743 49.3924
112.5748 49.4746
112.5748 49.4794
112.5751 49.2498
112.5752 49.5381
112.5753 49.4844
112.5762 49.5322
112.5764 49.4869
112.5766 49.2890
112.5767 49.4725
112.5776 49.4999
112.5779 49.5219
112.5788 49.5037
112.5791 49.3506
112.5793 49.4861
112.5796 49.5331
112.5800 49.4500
112.5802 49.4000
112.5803 49.4810
112.5815 49.4282
112.5821 49.5292
112.5827 49.4960
112.5829 49.5233
112.5834 49.4677
112.5843 49.3285
112.5845 49.5005
112.5849 49.4828
112.5849 49.5286
112.5852 49.4638
112.5859 49.4747
112.5861 49.4827
112.5861 49.5163
112.5863 49.4781
112.5863 49.5813
112.5874 49.4751
112.5877 49.4803
112.5884 49.3544
112.5884 49.5572
112.5887 49.5449
112.5890 49.5420
112.5894 49.4547
112.5895 49.5043
112.5896 49.4998
112.5897 49.4149
112.5921 49.5162
112.5927 49.4773
112.5932 49.4839
112.5932 49.5562
112.5942 49.5140
112.5949 49.5601
112.5951 49.4890
112.5954 49.4718
112.5956 49.2616
112.5961 49.5125
112.5963 49.5064
112.5964 49.2670
112.5964 49.4848
112.5965 49.5192
112.5970 49.2479
112.5982 49.4742
112.5983 49.5746
112.5987 49.3355
112.5987 49.5524
112.5988 49.5158
112.5990 49.5537
112.5998 49.5303
112.6002 49.5788
112.6012 49.4840
112.6017 49.5440
112.6018 49.5114
112.6031 49.5329
112.6038 49.3056
112.6041 49.5652
112.6056 49.4890
112.6067 49.5094
112.6077 49.3888
112.6084 49.4534
112.6086 49.4736
112.6095 49.5251
112.6101 49.5346
112.6106 49.5336
112.6107 49.4400
112.6107 49.4763
112.6107 49.5312
112.6113 49.4992
112.6126 49.5340
112.6127 49.4898
112.6131 49.5220
112.6133 49.5415
112.6136 49.5183
112.6150 49.2892
112.6151 49.5207
112.6153 49.5002
112.6153 49.5911
112.6166 49.5052
112.6168 49.3338
112.6168 49.4834
112.6168 49.5693
112.6174 49.2595
112.6177 49.4719
112.6181 49.4786
112.6181 49.5075
112.6182 49.4398
112.6182 49.4597
112.6185 49.2035
112.6190 49.5328
112.6197 49.5131
112.6198 49.2946
112.6201 49.4519
112.6207 49.2812
112.6210 49.5282
112.6214 49.1627
112.6214 49.4407
112.6218 49.4912
112.6221 49.5151
112.6222 49.5416
112.6234 49.6605
112.6235 49.5109
112.6238 49.2357
112.6239 49.5245
112.6244 49.2643
112.6254 49.3509
112.6255 49.5785
112.6257 49.3608
112.6258 49.4913
112.6261 49.2901
112.6264 49.3020
112.6267 49.2399
112.6269 49.3317
112.6272 49.4077
112.6272 49.5474
112.6274 49.5591
112.6277 49.4492
112.6279 49.2293
112.6281 49.4189
112.6285 49.3136
112.6291 49.4234
112.6297 49.2977
112.6301 49.5561
112.6303 49.4900
112.6304 49.3655
112.6308 49.5506
112.6311 49.1868
112.6312 49.2546
112.6313 49.2779
112.6321 49.5022
112.6332 49.5295
112.6334 49.2374
112.6339 49.4635
112.6343 49.2735
112.6344 49.5039
112.6344 49.5198
112.6347 49.4980
112.6348 49.4773
112.6350 49.4198
112.6353 49.5250
112.6359 49.4727
112.6366 49.5019
112.6368 49.5684
112.6372 49.2363
112.6385 49.3221
112.6386 49.2844
112.6407 49.2478
112.6408 49.1600
112.6412 49.2332
112.6412 49.5021
112.6414 49.5225
112.6419 49.4728
112.6422 49.6432
112.6424 49.2799
112.6428 49.3254
112.6428 49.4662
112.6430 49.2616
112.6433 49.2438
112.6435 49.4809
112.6436 49.4620
112.6440 49.4104
112.6442 49.3314
112.6446 49.4070
112.6450 49.2628
112.6451 49.2307
112.6452 49.5256
112.6453 49.3521
112.6457 49.2874
112.6461 49.4991
112.6464 49.3654
112.6465 49.2757
112.6467 49.5560
112.6470 49.3540
112.6471 49.2529
112.6473 49.3274
112.6476 49.2264
112.6480 49.4409
112.6482 49.4728
112.6484 49.5308
112.6485 49.4260
112.6488 49.3747
112.6499 49.4881
112.6501 49.4405
112.6504 49.3351
112.6507 49.4001
112.6508 49.3012
112.6519 49.2464
112.6526 49.1956
112.6527 49.5558
112.6529 49.2929
112.6529 49.2986
112.6537 49.3109
112.6537 49.3205
112.6537 49.3270
112.6541 49.5223
112.6543 49.2087
112.6544 49.4439
112.6546 49.2673
112.6547 49.2748
112.6548 49.3121
112.6557 49.3800
112.6567 49.2643
112.6568 49.3924
112.6569 49.5025
112.6572 49.3917
112.6578 49.2775
112.6584 49.5061
112.6593 49.5297
112.6596 49.3652
112.6597 49.3598
112.6602 49.3468
112.6603 49.2416
112.6606 49.3821
112.6606 49.4612
112.6615 49.1863
112.6615 49.3629
112.6619 49.3471
112.6622 49.2795
112.6624 49.1985
112.6627 49.2385
112.6631 49.3097
112.6633 49.2273
112.6641 49.2317
112.6642 49.5567
112.6643 49.4514
112.6644 49.3137
112.6644 49.5252
112.6658 49.2541
112.6660 49.2543
112.6668 49.2486
112.6673 49.3380
112.6673 49.3870
112.6674 49.2003
112.6684 49.2770
112.6684 49.2996
112.6685 49.5202
112.6691 49.4948
112.6691 49.5098
112.6694 49.2718
112.6711 49.1931
112.6713 49.4222
112.6714 49.2330
112.6718 49.3336
112.6720 49.2574
112.6723 49.2782
112.6723 49.3271
112.6725 49.2877
112.6732 49.3583
112.6739 49.2546
112.6746 49.5204
112.6754 49.2525
112.6754 49.5082
112.6759 49.2579
112.6760 49.2369
112.6764 49.2804
112.6767 49.2035
112.6771 49.4140
112.6777 49.3243
112.6778 49.1728
112.6790 49.4877
112.6791 49.2739
112.6798 49.4870
112.6803 49.2998
112.6804 49.2740
112.6805 49.4228
112.6806 49.3022
112.6810 49.3140
112.6812 49.3057
112.6814 49.4755
112.6814 49.5113
112.6815 49.3436
112.6816 49.2791
112.6822 49.2952
112.6823 49.2653
112.6826 49.2969
112.6827 49.3139
112.6829 49.4106
112.6831 49.3012
112.6833 49.2379
112.6833 49.2971
112.6839 49.2907
112.6843 49.2736
112.6843 49.4870
112.6844 49.2343
112.6850 49.2965
112.6852 49.3275
112.6854 49.2064
112.6856 49.2538
112.6859 49.3161
112.6861 49.2781
112.6862 49.2486
112.6863 49.2458
112.6863 49.2734
112.6865 49.3698
112.6866 49.5875
112.6870 49.3027
112.6871 49.2664
112.6872 49.2446
112.6875 49.2712
112.6882 49.4666
112.6884 49.2314
112.6884 49.2475
112.6888 49.3143
112.6890 49.2331
112.6893 49.3311
112.6895 49.2090
112.6897 49.2933
112.6898 49.2605
112.6901 49.3391
112.6901 49.4353
112.6902 49.2896
112.6904 49.2803
112.6910 49.4739
112.6912 49.3259
112.6913 49.2321
112.6917 49.3537
112.6918 49.1873
112.6919 49.2989
112.6921 49.3331
112.6925 49.3270
112.6926 49.2168
112.6938 49.3266
112.6939 49.4449
112.6941 49.1672
112.6943 49.3632
112.6946 49.2171
112.6958 49.3817
112.6960 49.4633
112.6965 49.2719
112.6968 49.3656
112.6974 49.5586
112.6975 49.3322
112.6976 49.2956
112.6981 49.5650
112.6985 49.3266
112.6989 49.2454
112.6990 49.3227
112.6992 49.2583
112.6994 49.2887
112.6995 49.5142
112.6996 49.3163
112.7001 49.1992
112.7003 49.2946
112.7005 49.2601
112.7009 49.3332
112.7023 49.3165
112.7026 49.3218
112.7033 49.5141
112.7046 49.2424
112.7047 49.2679
112.7047 49.3384
112.7050 49.2707
112.7056 49.2753
112.7059 49.2947
112.7060 49.2708
112.7061 49.2533
112.7061 49.4383
112.7070 49.3414
112.7071 49.3365
112.7072 49.2754
112.7075 49.2963
112.7076 49.2686
112.7080 49.2852
112.7080 49.3326
112.7082 49.3055
112.7084 49.3236
112.7089 49.2941
112.7091 49.3679
112.7095 49.2509
112.7097 49.2841
112.7098 49.2545
112.7102 49.2346
112.7103 49.3006
112.7106 49.2073
112.7107 49.2749
112.7107 49.2935
112.7112 49.2420
112.7115 49.3782
112.7117 49.4359
112.7118 49.2566
112.7119 49.2094
112.7131 49.2422
112.7133 49.3064
112.7138 49.3551
112.7139 49.1902
112.7141 49.2843
112.7143 49.2862
112.7143 49.3991
112.7147 49.3350
112.7148 49.2823
112.7150 49.2983
112.7153 49.3000
112.7155 49.2341
112.7156 49.3502
112.7158 49.2438
112.7159 49.2675
112.7161 49.2647
112.7162 49.3121
112.7162 49.3380
112.7163 49.2972
112.7169 49.2908
112.7172 49.1874
112.7176 49.3276
112.7178 49.4510
112.7187 49.2877
112.7191 49.3024
112.7197 49.2724
112.7199 49.2606
112.7199 49.2678
112.7202 49.3383
112.7205 49.3596
112.7207 49.3268
112.7210 49.2055
112.7216 49.2549
112.7218 49.2884
112.7221 49.2250
112.7221 49.2702
112.7221 49.2752
112.7222 49.3820
112.7223 49.2922
112.7223 49.3059
112.7229 49.2658
112.7229 49.3115
112.7230 49.2717
112.7238 49.2472
112.7239 49.2566
112.7251 49.3865
112.7255 49.2329
112.7256 49.2856
112.7257 49.3046
112.7258 49.2822
112.7261 49.2479
112.7269 49.2887
112.7279 49.3287
112.7282 49.2720
112.7284 49.2375
112.7287 49.2745
112.7292 49.2682
112.7292 49.2713
112.7295 49.2808
112.7307 49.3615
112.7309 49.3820
112.7311 49.3867
112.7315 49.4095
112.7320 49.1644
112.7321 49.3209
112.7334 49.2833
112.7335 49.2530
112.7342 49.2846
112.7346 49.3332
112.7348 49.3783
112.7349 49.2105
112.7352 49.3313
112.7353 49.1430
112.7357 49.4350
112.7362 49.2347
112.7364 49.1968
112.7365 49.2632
112.7367 49.0919
112.7367 49.3553
112.7370 49.3110
112.7371 49.2736
112.7372 49.3190
112.7380 49.3133
112.7381 49.3647
112.7386 49.3140
112.7395 49.3420
112.7397 49.2607
112.7403 49.3325
112.7405 49.3080
112.7407 49.3262
112.7411 49.2463
112.7417 49.2642
112.7435 49.3294
112.7436 49.2839
112.7438 49.3697
112.7440 49.3059
112.7445 49.3526
112.7449 49.2219
112.7455 49.2710
112.7455 49.3172
112.7457 49.2774
112.7458 49.2844
112.7458 49.3607
112.7458 49.5262
112.7459 49.2884
112.7462 49.2269
112.7462 49.5327
112.7463 49.3428
112.7469 49.3299
112.7470 49.2934
112.7471 49.5107
112.7474 49.2443
112.7475 49.2336
112.7477 49.3344
112.7481 49.2932
112.7484 49.2982
112.7484 49.4386
112.7487 49.3281
112.7488 49.2557
112.7492 49.2487
112.7492 49.3186
112.7496 49.2494
112.7500 49.2693
112.7501 49.4512
112.7507 49.2773
112.7511 49.4686
112.7515 49.2834
112.7516 49.2462
112.7516 49.3857
112.7523 49.3028
112.7526 49.2921
112.7531 49.1987
112.7532 49.2207
112.7532 49.2308
112.7535 49.3118
112.7542 49.2724
112.7549 49.5584
112.7552 49.2978
112.7569 49.4784
112.7572 49.2749
112.7572 49.2884
112.7574 49.2818
112.7575 49.2531
112.7582 49.3651
112.7588 49.2492
112.7588 49.2543
112.7589 49.3688
112.7594 49.2470
112.7596 49.2545
112.7596 49.3195
112.7599 49.0730
112.7599 49.2741
112.7599 49.2843
112.7600 49.3249
112.7602 49.5958
112.7610 49.2976
112.7611 49.6962
112.7618 49.4091
112.7618 49.4319
112.7629 49.4641
112.7636 49.3414
112.7639 49.3969
112.7643 49.2555
112.7645 49.2318
112.7645 49.4715
112.7655 49.3047
112.7656 49.5764
112.7669 49.3215
112.7672 49.4499
112.7673 49.2835
112.7674 49.2452
112.7675 49.4146
112.7675 49.5578
112.7683 49.2549
112.7683 49.2763
112.7686 49.4216
112.7688 49.5353
112.7689 49.3068
112.7692 49.5756
112.7697 49.2645
112.7697 49.4740
112.7698 49.2890
112.7702 49.3139
112.7705 49.3965
112.7717 49.3634
112.7719 49.2677
112.7735 49.2712
112.7741 49.6231
112.7742 49.2441
112.7754 49.2664
112.7756 49.2318
112.7756 49.4716
112.7760 49.3787
112.7768 49.3287
112.7772 49.2413
112.7780 49.2453
112.7781 49.3028
112.7783 49.2644
112.7783 49.2998
112.7784 49.2423
112.7792 49.2044
112.7804 49.2799
112.7805 49.2426
112.7815 49.4417
112.7832 49.4099
112.7835 49.2693
112.7835 49.4601
112.7845 49.2806
112.7845 49.5031
112.7845 49.5837
112.7848 49.5479
112.7849 49.5073
112.7855 49.4770
112.7862 49.4668
112.7883 49.1651
112.7887 49.4682
112.7896 49.5107
112.7897 49.5237
112.7898 49.5494
112.7899 49.2763
112.7899 49.3877
112.7907 49.4572
112.7911 49.1454
112.7924 49.2674
112.7925 49.5814
112.7927 49.6016
112.7936 49.6447
112.7942 49.3029
112.7949 49.5519
112.7950 49.1776
112.7957 49.5374
112.7964 49.3827
112.7969 49.4851
112.7971 49.3980
112.7973 49.3037
112.7974 49.5948
112.7977 49.5878
112.8001 49.2387
112.8005 49.5949
112.8008 49.4617
112.8010 49.5771
112.8012 49.5880
112.8013 49.4330
112.8014 49.6023
112.8027 49.6420
112.8028 49.5097
112.8036 49.3242
112.8039 49.2424
112.8042 49.2766
112.8048 49.2974
112.8050 49.3516
112.8051 49.5768
112.8053 49.4203
112.8057 49.5882
112.8066 49.5988
112.8069 49.3286
112.8070 49.4171
112.8075 49.5704
112.8076 49.5859
112.8082 49.2515
112.8097 49.4433
112.8110 49.3314
112.8115 49.2821
112.8128 49.5028
112.8133 49.4136
112.8139 49.4741
112.8140 49.6270
112.8147 49.3733
112.8148 49.2571
112.8151 49.5232
112.8152 49.5493
112.8155 49.6676
112.8166 49.5286
112.8166 49.5800
112.8167 49.4697
112.8171 49.5409
112.8179 49.5976
112.8199 49.5903
112.8202 49.2694
112.8219 49.5588
112.8221 49.5608
112.8225 49.5930
112.8227 49.5072
112.8231 49.4328
112.8235 49.4944
112.8235 49.6396
112.8238 49.5126
112.8255 49.4928
112.8265 49.5162
112.8266 49.4834
112.8271 49.5150
112.8276 49.5793
112.8277 49.5631
112.8278 49.4998
112.8284 49.5457
112.8290 49.5452
112.8306 49.5039
112.8309 49.5680
112.8314 49.5283
112.8319 49.5279
112.8322 49.2811
112.8325 49.4869
112.8327 49.6465
112.8329 49.5492
112.8334 49.5222
112.8340 49.3362
112.8345 49.3149
112.8346 49.5044
112.8346 49.5807
112.8361 49.2436
112.8369 49.6300
112.8373 49.3704
112.8384 49.5637
112.8411 49.5990
112.8413 49.3581
112.8416 49.7950
112.8418 49.2905
112.8433 49.3548
112.8439 49.5305
112.8441 49.5555
112.8448 49.5277
112.8450 49.5417
112.8454 49.5533
112.8456 49.5871
112.8469 49.5108
112.8473 49.6343
112.8477 49.6473
112.8484 49.4262
112.8487 49.5367
112.8500 49.6196
112.8508 49.5349
112.8510 49.5967
112.8511 49.5396
112.8514 49.5749
112.8519 49.5111
112.8521 49.5805
112.8521 49.6126
112.8530 49.5114
112.8536 49.5363
112.8536 49.5806
112.8537 49.3765
112.8542 49.5229
112.8542 49.5774
112.8559 49.3692
112.8560 49.4663
112.8564 49.5270
112.8570 49.2984
112.8573 49.4516
112.8586 49.5820
112.8591 49.2708
112.8599 49.5083
112.8600 49.5242
112.8610 49.5501
112.8617 49.5714
112.8627 49.3412
112.8627 49.3657
112.8632 49.7384
112.8649 49.5281
112.8654 49.3757
112.8658 49.2933
112.8659 49.6353
112.8660 49.5069
112.8663 49.3357
112.8673 49.3867
112.8675 49.3277
112.8680 49.3043
112.8687 49.5857
112.8693 49.4823
112.8693 49.4944
112.8693 49.5854
112.8694 49.5593
112.8698 49.4770
112.8706 49.4832
112.8708 49.4076
112.8719 49.2527
112.8731 49.3155
112.8732 49.4447
112.8739 49.4271
112.8755 49.5366
112.8757 49.5382
112.8763 49.5081
112.8764 49.3921
112.8769 49.4630
112.8789 49.4357
112.8795 49.2920
112.8799 49.2798
112.8803 49.3726
112.8806 49.4869
112.8812 49.4433
112.8817 49.4504
112.8820 49.3561
112.8830 49.3390
112.8848 49.3523
112.8849 49.3597
112.8853 49.5450
112.8867 49.3459
112.8868 49.5098
112.8872 49.4016
112.8873 49.6061
112.8881 49.3268
112.8883 49.3640
112.8887 49.3128
112.8887 49.4511
112.8888 49.2798
112.8893 49.2310
112.8896 49.3971
112.8904 49.2981
112.8915 49.3507
112.8916 49.2626
112.8925 49.3696
112.8928 49.5478
112.8944 49.4796
112.8948 49.3481
112.8953 49.4385
112.8957 49.0974
112.8985 49.5149
112.8990 49.6742
112.8991 49.3607
112.9010 49.2879
112.9012 49.4035
112.9012 49.4036
112.9014 49.3721
112.9014 49.4645
112.9023 49.4793
112.9028 49.3806
112.9034 49.4209
112.9035 49.3116
112.9039 49.3373
112.9042 49.4198
112.9044 49.5667
112.9046 49.2662
112.9046 49.4785
112.9047 49.5435
112.9049 49.4978
112.9050 49.5139
112.9052 49.5376
112.9057 49.3139
112.9058 49.7010
112.9061 49.4752
112.9072 49.2621
112.9072 49.2994
112.9080 49.5767
112.9085 49.2718
112.9088 49.3093
112.9092 49.3985
112.9098 49.5414
112.9100 49.3160
112.9103 49.4937
112.9105 49.3247
112.9112 49.3908
112.9121 49.3783
112.9124 49.3553
112.9125 49.4533
112.9146 49.3520
112.9146 49.3905
112.9155 49.4946
112.9156 49.4095
112.9168 49.3553
112.9175 49.3418
112.9183 49.2722
112.9185 49.1342
112.9187 49.4307
112.9188 49.3590
112.9193 49.3554
112.9193 49.5273
112.9198 49.3191
112.9201 49.4237
112.9206 49.5013
112.9216 49.3228
112.9224 49.3103
112.9230 49.3520
112.9231 49.4561
112.9232 49.3711
112.9241 49.3395
112.9249 49.5138
112.9258 49.3809
112.9267 49.3951
112.9271 49.3538
112.9273 49.3323
112.9274 49.3527
112.9281 49.2426
112.9281 49.3483
112.9283 49.3437
112.9287 49.3619
112.9289 49.5661
112.9292 49.3794
112.9296 49.3585
112.9299 49.3572
112.9302 49.5790
112.9311 49.2320
112.9317 49.4049
112.9318 49.3219
112.9318 49.4081
112.9322 49.2683
112.9325 49.2470
112.9334 49.3628
112.9334 49.3951
112.9336 49.3180
112.9339 49.5385
112.9342 49.3373
112.9353 49.4322
112.9364 49.3291
112.9367 49.3509
112.9368 49.3644
112.9371 49.3751
112.9373 49.3194
112.9374 49.3595
112.9380 49.3009
112.9380 49.3329
112.9383 49.3981
112.9402 49.3038
112.9420 49.3500
112.9422 49.3567
112.9425 49.3635
112.9426 49.3223
112.9426 49.5022
112.9431 49.4006
112.9432 49.4048
112.9436 49.3928
112.9437 49.3378
112.9446 49.2195
112.9450 49.2681
112.9453 49.3372
112.9454 49.3520
112.9458 49.3462
112.9467 49.3647
112.9475 49.4083
112.9478 49.3704
112.9481 49.3016
112.9484 49.3490
112.9497 49.3524
112.9497 49.4255
112.9498 49.3112
112.9515 49.3999
112.9526 49.3193
112.9529 49.2501
112.9533 49.3304
112.9534 49.3726
112.9541 49.3733
112.9546 49.4370
112.9554 49.3263
112.9557 49.2925
112.9564 49.4492
112.9566 49.4081
112.9578 49.2885
112.9578 49.2900
112.9604 49.3481
112.9604 49.3762
112.9604 49.3939
112.9614 49.3069
112.9618 49.3183
112.9618 49.3960
112.9630 49.4214
112.9633 49.3862
112.9634 49.3506
112.9639 49.4018
112.9640 49.4395
112.9642 49.2885
112.9647 49.3769
112.9648 49.3346
112.9650 49.3521
112.9656 49.4125
112.9659 49.3049
112.9673 49.2986
112.9676 49.3326
112.9679 49.3878
112.9685 49.3670
112.9687 49.2586
112.9691 49.3381
112.9700 49.3191
112.9705 49.3665
112.9706 49.4111
112.9707 49.3216
112.9708 49.3222
112.9718 49.2008
112.9718 49.3632
112.9728 49.3326
112.9730 49.3804
112.9733 49.3722
112.9742 49.3793
112.9746 49.4251
112.9754 49.2945
112.9761 49.3412
112.9761 49.3970
112.9765 49.3412
112.9767 49.4736
112.9768 49.3452
112.9769 49.3630
112.9776 49.2498
112.9779 49.2885
112.9785 49.3558
112.9796 49.3204
112.9799 49.3703
112.9803 49.3030
112.9806 49.3249
112.9814 49.4236
112.9815 49.2451
112.9815 49.2748
112.9817 49.3017
112.9818 49.3630
112.9821 49.3508
112.9822 49.3614
112.9837 49.3470
112.9837 49.4379
112.9841 49.3842
112.9846 49.5505
112.9848 49.4066
112.9851 49.3337
112.9853 49.3403
112.9857 49.3392
112.9868 49.3612
112.9875 49.2691
112.9875 49.3253
112.9877 49.6691
112.9878 49.3397
112.9879 49.3640
112.9893 49.4118
112.9896 49.3130
112.9899 49.3814
112.9899 49.3865
112.9906 49.3557
112.9910 49.3892
112.9917 49.3895
112.9935 49.3074
112.9942 49.3065
112.9955 49.3241
112.9964 49.4039
112.9970 49.3238
112.9977 49.3418
112.9981 49.3135
112.9995 49.3665
113.0001 49.3864
113.0005 49.3174
113.0006 49.3340
113.0007 49.2613
113.0009 49.3231
113.0020 49.3935
113.0031 49.3742
113.0032 49.1558
113.0033 49.3288
113.0034 49.3902
113.0044 49.3883
113.0048 49.3680
113.0060 49.4058
113.0070 49.2787
113.0073 49.2929
113.0092 49.3795
113.0096 49.3466
113.0097 49.4517
113.0106 49.3627
113.0108 49.3810
113.0126 49.4235
113.0129 49.3620
113.0139 49.3264
113.0150 49.3206
113.0160 49.3315
113.0162 49.3155
113.0173 49.4135
113.0179 49.4325
113.0210 49.3714
113.0225 49.2517
113.0231 49.3915
113.0236 49.3327
113.0258 49.3996
113.0261 49.3894
113.0280 49.3758
113.0289 49.4217
113.0317 49.3286
113.0344 49.2630
113.0348 49.2576
113.0350 49.2951
113.0354 49.3643
113.0361 49.4512
113.0375 49.4002
113.0377 49.3843
113.0378 49.4581
113.0381 49.2774
113.0406 49.3651
113.0425 49.2832
113.0430 49.3972
113.0439 49.3266
113.0454 49.3210
113.0461 49.4511
113.0511 49.4005
113.0517 49.3084
113.0517 49.3580
113.0534 49.2793
113.0544 49.3964
113.0552 49.2628
113.0556 49.4270
113.0560 49.2487
113.0574 49.4021
113.0587 49.3209
113.0592 49.4206
113.0658 49.2549
113.0800 49.2600
113.0803 49.2476
113.0867 49.2779
113.0933 49.2839
113.1021 49.3131
113.1080 49.3165
113.1086 49.3041
113.1222 49.3506
113.1338 49.4293
113.1342 49.4421
