102.7976 217.3657
102.7991 217.4478
102.8013 217.3351
102.8023 217.3159
102.8062 217.4617
102.8078 217.2941
102.8251 217.2999
102.8329 217.5230
102.8354 217.3900
102.8387 217.5134
102.8409 217.5415
102.8430 217.4945
102.8514 217.4000
102.8535 217.1977
102.8546 217.2630
102.8602 217.3972
102.8606 217.3128
102.8613 217.2941
102.8615 217.4613
102.8652 217.5374
102.8656 217.5300
102.8660 217.2320
102.8689 217.5397
102.8710 217.6357
102.8720 217.4140
102.8720 217.4359
102.8726 217.1852
102.8731 217.2817
102.8757 217.5783
102.8762 217.1856
102.8788 217.2113
102.8789 217.2163
102.8793 217.5762
102.8808 217.2812
102.8808 217.3080
102.8822 217.3019
102.8829 217.1994
102.8835 217.6078
102.8840 217.4464
102.8842 217.5623
102.8847 217.3676
102.8854 217.1512
102.8882 217.5698
102.8905 217.3094
102.8906 217.5944
102.8915 217.2935
102.8923 217.5101
102.8934 217.3799
102.8938 217.3022
102.8946 217.5844
102.8955 217.3501
102.8968 217.3027
102.8973 217.4221
102.8975 217.5981
102.8994 217.3990
102.9008 217.4755
102.9022 217.2643
102.9028 217.5278
102.9036 217.4400
102.9047 217.2249
102.9054 217.5829
102.9062 217.5784
102.9065 217.5871
102.9077 217.6644
102.9085 217.3158
102.9087 217.4970
102.9093 217.5194
102.9096 217.2573
102.9100 217.5330
102.9105 217.4872
102.9117 217.2234
102.9118 217.5820
102.9122 217.6207
102.9123 217.5484
102.9125 217.2484
102.9131 217.5018
102.9140 217.1746
102.9146 217.5623
102.9148 217.3834
102.9157 217.6043
102.9160 217.6585
102.9165 217.5738
102.9168 217.1969
102.9174 217.5962
102.9179 217.5214
102.9183 217.5462
102.9184 217.2614
102.9198 217.2764
102.9199 217.3090
102.9212 217.2286
102.9218 217.1243
102.9219 217.5654
102.9224 217.4804
102.9227 217.1413
102.9228 217.2093
102.9233 217.2436
102.9234 217.2842
102.9237 217.3667
102.9240 217.2684
102.9243 217.3266
102.9243 217.3977
102.9258 217.5046
102.9272 217.1209
102.9277 217.4713
102.9298 217.1655
102.9300 217.3464
102.9302 217.5782
102.9316 217.4697
102.9320 217.5179
102.9327 217.5463
102.9335 217.3371
102.9346 217.4781
102.9348 217.3978
102.9354 217.2832
102.9355 217.5350
102.9366 217.6026
102.9367 217.4218
102.9367 217.5481
102.9368 217.4922
102.9378 217.2726
102.9383 217.5095
102.9384 217.5739
102.9384 217.6302
102.9386 217.5280
102.9394 217.2484
102.9395 217.2161
102.9398 217.2271
102.9408 217.2186
102.9408 217.5896
102.9412 217.3744
102.9414 217.5779
102.9417 217.5742
102.9426 217.3885
102.9428 217.3654
102.9429 217.6322
102.9430 217.5278
102.9431 217.3094
102.9432 217.5648
102.9432 217.6079
102.9432 217.6289
102.9435 217.5439
102.9436 217.1689
102.9438 217.4384
102.9440 217.6055
102.9442 217.3396
102.9446 217.6118
102.9454 217.3418
102.9455 217.3090
102.9465 217.4757
102.9467 217.4865
102.9476 217.5804
102.9483 217.3360
102.9484 217.4846
102.9486 217.5597
102.9488 217.6018
102.9494 217.5146
102.9497 217.4352
102.9514 217.5836
102.9520 217.4483
102.9523 217.4097
102.9532 217.4726
102.9532 217.6321
102.9534 217.1899
102.9543 217.2731
102.9543 217.3379
102.9546 217.2889
102.9547 217.2208
102.9548 217.4949
102.9552 217.4937
102.9553 217.2948
102.9559 217.3368
102.9562 217.5185
102.9565 217.6221
102.9568 217.4182
102.9569 217.6163
102.9569 217.6342
102.9572 217.5896
102.9574 217.4960
102.9579 217.5546
102.9584 217.3430
102.9585 217.2957
102.9588 217.3237
102.9590 217.5120
102.9595 217.4695
102.9597 217.2139
102.9597 217.2279
102.9602 217.4351
102.9606 217.6177
102.9608 217.4884
102.9614 217.1086
102.9617 217.5536
102.9620 217.5636
102.9627 217.5502
102.9629 217.3180
102.9634 217.5397
102.9636 217.3453
102.9637 217.5620
102.9638 217.5388
102.9643 217.4519
102.9645 217.2577
102.9650 217.2526
102.9650 217.4114
102.9650 217.4897
102.9654 217.5137
102.9659 217.3832
102.9659 217.5043
102.9660 217.4407
102.9662 217.5093
102.9662 217.5441
102.9674 217.1694
102.9678 217.4627
102.9679 217.4659
102.9680 217.5854
102.9681 217.4366
102.9681 217.6269
102.9682 217.3770
102.9683 217.4830
102.9684 217.5118
102.9690 217.2637
102.9690 217.4606
102.9691 217.5009
102.9693 217.2954
102.9696 217.2123
102.9702 217.5603
102.9706 217.4245
102.9714 217.6102
102.9715 217.1969
102.9716 217.5414
102.9718 217.2971
102.9719 217.5839
102.9720 217.6965
102.9721 217.5701
102.9731 217.5815
102.9733 217.4626
102.9738 217.4966
102.9738 217.5130
102.9738 217.5782
102.9740 217.5894
102.9742 217.6062
102.9742 217.6324
102.9745 217.5557
102.9752 217.1814
102.9754 217.4947
102.9755 217.5330
102.9760 217.2737
102.9760 217.5412
102.9761 217.3189
102.9763 217.5130
102.9765 217.3662
102.9768 217.4823
102.9769 217.4161
102.9770 217.2639
102.9770 217.4925
102.9771 217.3402
102.9773 217.4893
102.9773 217.4994
102.9780 217.3269
102.9788 217.1513
102.9789 217.2802
102.9790 217.3387
102.9796 217.5490
102.9799 217.3214
102.9802 217.5085
102.9804 217.5617
102.9808 217.5047
102.9815 217.2293
102.9815 217.3818
102.9824 217.5882
102.9825 217.2352
102.9830 217.5280
102.9830 217.5504
102.9834 217.1385
102.9839 217.4804
102.9839 217.5103
102.9844 217.5121
102.9847 217.5003
102.9852 217.5785
102.9854 217.2595
102.9854 217.5526
102.9859 217.2120
102.9860 217.4793
102.9860 217.5932
102.9862 217.4922
102.9865 217.6316
102.9868 217.4917
102.9869 217.4423
102.9878 217.2659
102.9879 217.2675
102.9879 217.3423
102.9881 217.4279
102.9886 217.2253
102.9888 217.2536
102.9890 217.4478
102.9903 217.6118
102.9904 217.4853
102.9905 217.1758
102.9907 217.5786
102.9908 217.1949
102.9912 217.6799
102.9926 217.2269
102.9926 217.4756
102.9930 217.2395
102.9930 217.7198
102.9934 217.4745
102.9936 217.3399
102.9937 217.4819
102.9945 217.5386
102.9945 217.6922
102.9946 217.2918
102.9946 217.5383
102.9948 217.5596
102.9949 217.4932
102.9957 217.6323
102.9958 217.1478
102.9960 217.2532
102.9962 217.4845
102.9966 217.2660
102.9966 217.3598
102.9970 217.5800
102.9971 217.4815
102.9977 217.5134
102.9979 217.1605
102.9983 217.3226
102.9983 217.5458
102.9984 217.5198
102.9987 217.4861
102.9988 217.2872
102.9993 217.1258
102.9993 217.5240
102.9993 217.5320
102.9995 217.5651
102.9999 217.3181
103.0001 217.1553
103.0001 217.2212
103.0003 217.6120
103.0007 217.5219
103.0007 217.5924
103.0013 217.2829
103.0017 217.5948
103.0019 217.3831
103.0020 217.2444
103.0025 217.5175
103.0028 217.5503
103.0030 217.5044
103.0037 217.2628
103.0038 217.4362
103.0039 217.5780
103.0041 217.1746
103.0041 217.2549
103.0049 217.3558
103.0053 217.2520
103.0053 217.2763
103.0053 217.3699
103.0056 217.4558
103.0057 217.1879
103.0059 217.2859
103.0060 217.2638
103.0060 217.3366
103.0060 217.5385
103.0063 217.3038
103.0064 217.5285
103.0065 217.4238
103.0066 217.2670
103.0076 217.4854
103.0078 217.6147
103.0083 217.2006
103.0086 217.4897
103.0088 217.5401
103.0089 217.4426
103.0091 217.1869
103.0092 217.5435
103.0095 217.1803
103.0095 217.4387
103.0096 217.5199
103.0102 217.5237
103.0103 217.4988
103.0104 217.2671
103.0104 217.4861
103.0111 217.6463
103.0112 217.1289
103.0113 217.2106
103.0113 217.3792
103.0117 217.5328
103.0124 217.3970
103.0129 217.5334
103.0130 217.4583
103.0139 217.5073
103.0139 217.5552
103.0144 217.3792
103.0144 217.4506
103.0144 217.5573
103.0145 217.3011
103.0150 217.5609
103.0151 217.2733
103.0159 217.3075
103.0160 217.6241
103.0163 217.3613
103.0169 217.2069
103.0170 217.2759
103.0175 217.5423
103.0175 217.5615
103.0176 217.2607
103.0179 217.3006
103.0183 217.5302
103.0185 217.4333
103.0188 217.4575
103.0189 217.2026
103.0189 217.4132
103.0192 217.3702
103.0196 217.2345
103.0199 217.5553
103.0200 217.1520
103.0200 217.3211
103.0204 217.4584
103.0206 217.5316
103.0211 217.4414
103.0215 217.2700
103.0215 217.5646
103.0217 217.5415
103.0219 217.5401
103.0221 217.2810
103.0224 217.2738
103.0226 217.4208
103.0232 217.4874
103.0235 217.4947
103.0240 217.5340
103.0241 217.5571
103.0253 217.4753
103.0259 217.3504
103.0260 217.5156
103.0261 217.2117
103.0262 217.4746
103.0270 217.1969
103.0276 217.3028
103.0282 217.4789
103.0282 217.5379
103.0283 217.4243
103.0284 217.2927
103.0284 217.3162
103.0286 217.5263
103.0288 217.4298
103.0288 217.5196
103.0289 217.2115
103.0289 217.3207
103.0293 217.4050
103.0296 217.5980
103.0297 217.2701
103.0299 217.2921
103.0304 217.2914
103.0305 217.3334
103.0308 217.3111
103.0309 217.4994
103.0310 217.2168
103.0310 217.5793
103.0311 217.2071
103.0312 217.2502
103.0319 217.3306
103.0319 217.5711
103.0325 217.3029
103.0326 217.3723
103.0331 217.2831
103.0332 217.2790
103.0341 217.3028
103.0342 217.3441
103.0345 217.3801
103.0350 217.2544
103.0350 217.5213
103.0357 217.3019
103.0358 217.3605
103.0361 217.5033
103.0366 217.2977
103.0368 217.5736
103.0370 217.5797
103.0371 217.1705
103.0373 217.5796
103.0374 217.2378
103.0374 217.2414
103.0375 217.4226
103.0376 217.5161
103.0376 217.5225
103.0380 217.2418
103.0392 217.5493
103.0394 217.5604
103.0395 217.5395
103.0396 217.3488
103.0402 217.2061
103.0408 217.2771
103.0408 217.5890
103.0413 217.2903
103.0418 217.5524
103.0419 217.2884
103.0423 217.3361
103.0431 217.5495
103.0441 217.1887
103.0442 217.3733
103.0443 217.4270
103.0445 217.4729
103.0447 217.2307
103.0447 217.2719
103.0450 217.2362
103.0452 217.4048
103.0452 217.5623
103.0458 217.1353
103.0464 217.1965
103.0468 217.2921
103.0468 217.2944
103.0473 217.1781
103.0487 217.6617
103.0488 217.2966
103.0494 217.5968
103.0498 217.2960
103.0499 217.5443
103.0502 217.5668
103.0503 217.4781
103.0513 217.4796
103.0514 217.4213
103.0526 217.6561
103.0527 217.5348
103.0528 217.2421
103.0531 217.4819
103.0532 217.4784
103.0534 217.2770
103.0545 217.5130
103.0552 217.1604
103.0556 217.2456
103.0557 217.2636
103.0564 217.4735
103.0565 217.2388
103.0571 217.4686
103.0573 217.4922
103.0577 217.3611
103.0580 217.5629
103.0596 217.2040
103.0606 217.1677
103.0611 217.3069
103.0613 217.2844
103.0628 217.2432
103.0633 217.5969
103.0638 217.5190
103.0643 217.4114
103.0650 217.2121
103.0653 217.3448
103.0653 217.5312
103.0655 217.5775
103.0656 217.1295
103.0656 217.3263
103.0659 217.2704
103.0675 217.2811
103.0678 217.4682
103.0682 217.2975
103.0688 217.4752
103.0690 217.1459
103.0690 217.5827
103.0697 217.0686
103.0698 217.4945
103.0702 217.5200
103.0707 217.2250
103.0708 217.2943
103.0713 217.5197
103.0714 217.5905
103.0716 217.4158
103.0725 217.3493
103.0747 217.1590
103.0758 217.4803
103.0773 217.2991
103.0773 217.3023
103.0779 217.5338
103.0788 217.5809
103.0803 217.3992
103.0824 217.2321
103.0824 217.3920
103.0830 217.5373
103.0838 217.5586
103.0841 217.3114
103.0848 217.5227
103.0850 217.4731
103.0854 217.5719
103.0875 217.5169
103.0876 217.6137
103.0880 217.2067
103.0881 217.2225
103.0882 217.0235
103.0882 217.3371
103.0882 217.5313
103.0884 217.5523
103.0891 217.4569
103.0899 217.4692
103.0912 217.1962
103.0913 217.2906
103.0915 217.3740
103.0925 217.6693
103.0926 217.5663
103.0933 217.2545
103.0950 217.1675
103.0950 217.2781
103.0951 217.5278
103.0952 217.4988
103.0953 217.1444
103.0954 217.2465
103.0961 217.5196
103.0964 217.5348
103.0968 217.2038
103.0973 217.4797
103.0975 217.5949
103.0980 217.2361
103.0988 217.3187
103.0999 217.5651
103.1007 217.6019
103.1008 217.2180
103.1017 217.2678
103.1025 217.3713
103.1031 217.4872
103.1036 217.2233
103.1036 217.2337
103.1038 217.3100
103.1068 217.3969
103.1082 217.0520
103.1082 217.2410
103.1084 217.1785
103.1101 217.4724
103.1104 217.2077
103.1105 217.2338
103.1129 217.5374
103.1133 217.5328
103.1146 217.2782
103.1153 217.3337
103.1155 217.4826
103.1158 217.4339
103.1169 217.5996
103.1182 217.2077
103.1182 217.5597
103.1187 217.3449
103.1189 217.5834
103.1210 217.2772
103.1211 217.1569
103.1225 217.2810
103.1244 217.3377
103.1263 217.5268
103.1271 217.4560
103.1271 217.5512
103.1273 217.5934
103.1281 217.3551
103.1284 217.4422
103.1300 217.3919
103.1310 217.2844
103.1315 217.5749
103.1328 217.7863
103.1334 217.5414
103.1349 217.2263
103.1355 217.3358
103.1357 217.2102
103.1362 217.5225
103.1371 217.3920
103.1378 217.1530
103.1389 217.2778
103.1397 217.7042
103.1407 217.5700
103.1421 217.5344
103.1431 217.5350
103.1439 217.5665
103.1447 217.2638
103.1456 217.2692
103.1462 217.2802
103.1476 217.1842
103.1509 217.3871
103.1512 217.5142
103.1515 217.3506
103.1515 217.5208
103.1520 217.1842
103.1527 217.0650
103.1542 217.2671
103.1560 217.1786
103.1574 217.5785
103.1613 217.1098
103.1622 217.1096
103.1632 217.4598
103.1653 217.3010
103.1697 217.5466
103.1706 217.6050
103.1738 217.3760
103.1788 217.4619
103.1789 217.2424
103.1790 217.6911
103.1806 217.7035
103.1813 217.5432
103.1814 217.1261
103.1829 217.2916
103.1834 217.5522
103.1839 217.1715
103.1845 217.1883
103.1859 217.5280
103.1868 217.1284
103.1884 217.2866
103.1884 217.4486
103.1898 217.1195
103.1906 217.3303
103.1941 217.1312
103.1952 217.3083
103.1955 217.4932
103.1975 217.5473
103.1990 217.5081
103.2044 217.4038
103.2046 217.0999
103.2054 217.2385
103.2055 217.6433
103.2056 217.2709
103.2061 217.6516
103.2073 217.2911
103.2088 217.2529
103.2095 217.5670
103.2096 217.5282
103.2099 217.3652
103.2102 217.6038
103.2108 217.3133
103.2112 217.2298
103.2138 217.3032
103.2144 217.2287
103.2147 217.3862
103.2149 217.5537
103.2150 217.3299
103.2153 217.1339
103.2170 217.4731
103.2173 217.5234
103.2174 217.4970
103.2178 217.2797
103.2179 217.3393
103.2191 217.3435
103.2207 217.2437
103.2211 217.2822
103.2213 217.2693
103.2233 217.3354
103.2234 217.5954
103.2234 217.6693
103.2241 217.2755
103.2241 217.4580
103.2248 217.5446
103.2261 217.6168
103.2265 217.3204
103.2269 217.5210
103.2270 217.3038
103.2272 217.3272
103.2274 217.2773
103.2278 217.3007
103.2283 217.3784
103.2288 217.3564
103.2304 217.5590
103.2305 217.4602
103.2312 217.5770
103.2314 217.5456
103.2316 217.3066
103.2321 217.1507
103.2323 217.3433
103.2324 217.5813
103.2339 217.3495
103.2342 217.6458
103.2353 217.5711
103.2355 217.2525
103.2366 217.3080
103.2366 217.3518
103.2366 217.6162
103.2377 217.4929
103.2385 217.2635
103.2387 217.3491
103.2390 217.5339
103.2400 217.2846
103.2404 217.3456
103.2422 217.5132
103.2424 217.1692
103.2426 217.3508
103.2428 217.5731
103.2429 217.5142
103.2431 217.2757
103.2434 217.5443
103.2443 217.2820
103.2448 217.4262
103.2449 217.5130
103.2457 217.5390
103.2463 217.2723
103.2464 217.2763
103.2472 217.4931
103.2474 217.5885
103.2480 217.5924
103.2483 217.2848
103.2488 217.2926
103.2489 217.2470
103.2492 217.5798
103.2495 217.1686
103.2500 217.3910
103.2503 217.2378
103.2504 217.2372
103.2509 217.4961
103.2520 217.4399
103.2522 217.3266
103.2524 217.2493
103.2525 217.2693
103.2529 217.2590
103.2541 217.2401
103.2542 217.6042
103.2552 217.2768
103.2553 217.5282
103.2554 217.2305
103.2557 217.5069
103.2558 217.5596
103.2563 217.5079
103.2564 217.6426
103.2578 217.2919
103.2579 217.2947
103.2580 217.2233
103.2581 217.6432
103.2592 217.2453
103.2597 217.4783
103.2597 217.5422
103.2598 217.5481
103.2603 217.2792
103.2605 217.5729
103.2609 217.5299
103.2611 217.3027
103.2614 217.5613
103.2616 217.5275
103.2618 217.2817
103.2618 217.5257
103.2624 217.4211
103.2624 217.4749
103.2625 217.5219
103.2626 217.2627
103.2634 217.5188
103.2635 217.5627
103.2637 217.2265
103.2641 217.5305
103.2644 217.2645
103.2645 217.6391
103.2646 217.5180
103.2652 217.5991
103.2658 217.5068
103.2661 217.5277
103.2662 217.2216
103.2664 217.5271
103.2668 217.5572
103.2669 217.1733
103.2669 217.4776
103.2669 217.5571
103.2670 217.5215
103.2684 217.3011
103.2685 217.5418
103.2686 217.3436
103.2686 217.6002
103.2719 217.6956
103.2723 217.1288
103.2723 217.5706
103.2726 217.2292
103.2728 217.2436
103.2731 217.5723
103.2735 217.6209
103.2743 217.5338
103.2747 217.1999
103.2748 217.6184
103.2752 217.5661
103.2753 217.2437
103.2754 217.4703
103.2755 217.1616
103.2763 217.4546
103.2769 217.1866
103.2769 217.2735
103.2769 217.5979
103.2774 217.1589
103.2786 217.6461
103.2791 217.1910
103.2795 217.5549
103.2815 217.2420
103.2819 217.1310
103.2820 217.2789
103.2822 217.7527
103.2823 217.5007
103.2832 217.3419
103.2832 217.6407
103.2837 217.5204
103.2838 217.5192
103.2841 217.4937
103.2845 217.4393
103.2847 217.1815
103.2847 217.6331
103.2849 217.2138
103.2850 217.3134
103.2856 217.5676
103.2859 217.2608
103.2864 217.4819
103.2864 217.5347
103.2865 217.2024
103.2870 217.5755
103.2871 217.6937
103.2872 217.2997
103.2874 217.5201
103.2875 217.6061
103.2877 217.3719
103.2878 217.1579
103.2878 217.3233
103.2887 217.5174
103.2891 217.3161
103.2896 217.5041
103.2900 217.5237
103.2902 217.5243
103.2902 217.6377
103.2905 217.2698
103.2912 217.4871
103.2914 217.6191
103.2918 217.5120
103.2918 217.5339
103.2920 217.1639
103.2921 217.3315
103.2921 217.3807
103.2924 217.2027
103.2924 217.2426
103.2924 217.4967
103.2925 217.3074
103.2927 217.3234
103.2927 217.3508
103.2931 217.1222
103.2932 217.4656
103.2933 217.6715
103.2936 217.6010
103.2938 217.4702
103.2939 217.2763
103.2939 217.5012
103.2940 217.1781
103.2944 217.1361
103.2949 217.4232
103.2949 217.4647
103.2949 217.5014
103.2951 217.2602
103.2952 217.5525
103.2956 217.5607
103.2958 217.5634
103.2966 217.5633
103.2969 217.5630
103.2976 217.4633
103.2978 217.5784
103.2987 217.4913
103.2989 217.4633
103.2996 217.3138
103.3003 217.1801
103.3004 217.2664
103.3004 217.5090
103.3006 217.5169
103.3006 217.6479
103.3011 217.2556
103.3015 217.4267
103.3016 217.5290
103.3019 217.4381
103.3020 217.2585
103.3022 217.5609
103.3023 217.5609
103.3035 217.5148
103.3057 217.4479
103.3057 217.4566
103.3064 217.6117
103.3067 217.3271
103.3068 217.4403
103.3073 217.1875
103.3077 217.4030
103.3078 217.6671
103.3079 217.1766
103.3082 217.3596
103.3084 217.5280
103.3085 217.5213
103.3094 217.5311
103.3102 217.3257
103.3107 217.2783
103.3110 217.5879
103.3114 217.4731
103.3123 217.5297
103.3132 217.5508
103.3137 217.3730
103.3137 217.5576
103.3138 217.4194
103.3139 217.6800
103.3141 217.3476
103.3145 217.3228
103.3148 217.5190
103.3150 217.1846
103.3152 217.3456
103.3152 217.4892
103.3155 217.2641
103.3165 217.4510
103.3169 217.5172
103.3170 217.2160
103.3170 217.2401
103.3173 217.1984
103.3174 217.6311
103.3181 217.3311
103.3183 217.5528
103.3186 217.5795
103.3189 217.2545
103.3191 217.5149
103.3200 217.6047
103.3203 217.5629
103.3206 217.4353
103.3210 217.5717
103.3211 217.5723
103.3215 217.5556
103.3217 217.2782
103.3224 217.2783
103.3230 217.5369
103.3233 217.1008
103.3233 217.4423
103.3233 217.5069
103.3240 217.5411
103.3243 217.4821
103.3246 217.2816
103.3249 217.5288
103.3249 217.5687
103.3252 217.2380
103.3263 217.5722
103.3263 217.5755
103.3265 217.5858
103.3267 217.5286
103.3272 217.3515
103.3273 217.5102
103.3279 217.1799
103.3281 217.3740
103.3282 217.5382
103.3285 217.5486
103.3296 217.2104
103.3296 217.5980
103.3300 217.2099
103.3301 217.1881
103.3303 217.3620
103.3314 217.2117
103.3314 217.2766
103.3321 217.5366
103.3325 217.2183
103.3327 217.4929
103.3329 217.4964
103.3330 217.5590
103.3332 217.3954
103.3335 217.4928
103.3346 217.2317
103.3347 217.5038
103.3349 217.2144
103.3353 217.1696
103.3353 217.4490
103.3362 217.5584
103.3367 217.5506
103.3373 217.6306
103.3378 217.1948
103.3378 217.2299
103.3383 217.3282
103.3385 217.3018
103.3388 217.4489
103.3389 217.2830
103.3394 217.2000
103.3394 217.6011
103.3408 217.5020
103.3411 217.2299
103.3414 217.1198
103.3432 217.5628
103.3433 217.5637
103.3436 217.6781
103.3439 217.1183
103.3441 217.2550
103.3448 217.2561
103.3448 217.5292
103.3451 217.3289
103.3468 217.5968
103.3483 217.3134
103.3485 217.5202
103.3488 217.2392
103.3500 217.5700
103.3530 217.2035
103.3530 217.5213
103.3571 217.5342
103.3576 217.6136
103.3588 217.4182
103.3613 217.5776
103.3624 217.1719
103.3643 217.5429
103.3651 217.2651
103.3654 217.4257
103.3674 217.2105
103.3674 217.5599
103.3676 217.1764
103.3702 217.5058
103.3705 217.6456
103.3743 217.3204
103.3758 217.5494
103.3761 217.6879
103.3775 217.2450
103.3778 217.4791
103.3791 217.1927
103.3792 217.2540
103.3822 217.1641
103.3826 217.2338
103.3861 217.3298
103.3893 217.3535
103.3914 217.2487
103.3918 217.5464
103.3920 217.1853
103.3950 217.2278
103.4002 217.6018
103.4003 217.6295
103.4004 217.2545
103.4057 217.4520
103.4093 217.6163
103.4544 217.5060
103.4583 217.5072
