45.3082 144.9830
45.3437 144.9194
45.3557 144.9042
45.3671 144.7234
45.3711 145.1948
45.3721 145.1198
45.3722 144.8186
45.3758 145.1444
45.3768 144.7997
45.3768 144.8886
45.3809 145.2012
45.3938 145.1605
45.4062 145.0691
45.4075 144.9955
45.4088 144.8531
45.4089 144.8885
45.4166 144.8172
45.4180 144.8751
45.4219 144.9325
45.4247 145.0985
45.4262 145.0871
45.4311 144.8371
45.4338 145.0746
45.4338 145.1772
45.4367 145.2070
45.4410 144.8895
45.4415 145.1698
45.4492 145.1777
45.4496 144.9518
45.4509 144.8341
45.4511 145.0115
45.4517 145.2778
45.4524 144.8786
45.4536 144.9276
45.4545 144.8284
45.4594 144.9207
45.4598 144.8297
45.4638 144.8809
45.4641 144.8587
45.4642 145.1367
45.4643 144.9236
45.4657 144.8986
45.4658 145.1120
45.4660 144.9199
45.4663 144.9191
45.4664 144.8848
45.4672 144.7279
45.4674 145.1838
45.4677 145.0918
45.4694 145.0513
45.4709 144.9149
45.4711 145.2355
45.4727 144.8836
45.4743 145.0000
45.4750 144.8371
45.4774 144.9016
45.4777 144.8367
45.4797 145.2115
45.4811 144.9704
45.4823 144.8974
45.4823 145.0044
45.4824 144.8650
45.4824 145.1321
45.4832 144.8664
45.4850 145.1182
45.4855 145.1053
45.4858 145.1475
45.4865 144.8815
45.4869 144.9398
45.4887 144.8385
45.4890 145.1275
45.4894 144.9385
45.4898 144.8523
45.4907 144.8587
45.4907 145.0546
45.4908 144.9075
45.4913 144.8258
45.4915 144.8448
45.4920 144.8680
45.4933 145.0990
45.4934 144.8192
45.4947 144.9095
45.4957 145.0842
45.4960 145.1279
45.4964 144.8832
45.4965 144.8651
45.4967 145.1164
45.4979 144.8771
45.4981 145.1475
45.4984 144.8575
45.4986 144.8493
45.4988 144.8944
45.4989 145.0404
45.4994 145.0860
45.4995 144.8483
45.4996 144.9280
45.5003 144.8060
45.5004 144.8573
45.5004 145.0494
45.5015 144.9375
45.5020 144.8604
45.5029 145.1881
45.5030 144.8147
45.5031 144.7841
45.5052 144.9183
45.5055 144.9163
45.5056 144.8367
45.5056 144.8837
45.5064 144.7467
45.5068 144.8516
45.5071 144.8903
45.5080 144.8335
45.5085 144.7649
45.5087 144.8515
45.5090 145.0857
45.5097 145.1920
45.5098 145.1550
45.5099 145.0898
45.5100 145.0566
45.5109 145.2157
45.5120 144.8656
45.5125 145.1588
45.5126 144.9375
45.5129 145.1537
45.5130 145.1088
45.5133 144.8795
45.5136 145.1708
45.5138 144.6659
45.5142 144.8124
45.5151 144.8129
45.5158 144.8902
45.5159 144.8900
45.5163 144.8362
45.5164 144.8478
45.5166 144.8730
45.5166 145.2806
45.5171 144.8698
45.5183 144.9102
45.5183 145.1024
45.5184 144.8973
45.5186 144.9042
45.5194 145.1426
45.5201 145.1573
45.5210 145.1133
45.5213 144.9112
45.5216 144.8012
45.5231 144.9006
45.5231 145.0827
45.5235 144.9402
45.5237 144.9291
45.5238 144.8790
45.5243 145.1260
45.5249 145.1547
45.5256 144.8923
45.5257 144.8345
45.5258 144.8093
45.5260 145.1761
45.5280 145.0890
45.5282 144.8737
45.5282 144.8961
45.5286 144.8905
45.5287 144.8940
45.5291 144.8991
45.5293 144.8418
45.5295 144.8771
45.5303 145.1827
45.5304 144.8544
45.5307 145.2608
45.5313 145.1651
45.5319 144.8638
45.5322 144.8605
45.5323 145.1135
45.5326 145.1143
45.5329 144.8393
45.5340 144.8429
45.5341 144.8400
45.5341 145.0759
45.5342 145.1232
45.5344 145.1005
45.5345 144.8850
45.5345 145.2773
45.5352 144.9034
45.5358 145.0953
45.5360 145.1543
45.5368 144.7566
45.5376 144.8268
45.5377 144.8789
45.5378 144.8738
45.5379 144.8729
45.5388 144.8157
45.5391 145.1020
45.5397 145.1013
45.5399 144.8334
45.5400 144.8649
45.5401 145.1061
45.5405 144.8369
45.5406 145.1558
45.5410 144.8980
45.5412 145.1494
45.5418 144.8142
45.5422 144.8835
45.5425 145.0914
45.5426 145.1683
45.5427 144.8291
45.5427 144.9147
45.5427 145.1739
45.5431 145.0450
45.5433 144.9598
45.5436 144.9092
45.5436 145.0962
45.5436 145.1684
45.5443 145.1526
45.5444 144.8717
45.5457 144.8625
45.5458 144.8987
45.5459 144.8185
45.5461 145.1281
45.5466 145.0847
45.5473 145.0702
45.5480 144.9720
45.5484 144.8551
45.5485 145.1689
45.5485 145.2127
45.5492 145.1171
45.5497 144.8419
45.5497 144.9075
45.5498 145.0614
45.5499 144.8298
45.5500 144.8449
45.5500 144.8735
45.5503 144.9565
45.5507 145.1273
45.5508 144.8874
45.5508 145.1646
45.5508 145.2309
45.5520 145.1680
45.5521 144.8937
45.5521 145.0004
45.5522 145.0957
45.5528 144.8981
45.5534 145.1445
45.5534 145.1750
45.5535 145.1134
45.5536 145.1408
45.5538 144.8762
45.5541 144.9717
45.5545 144.8602
45.5545 144.8714
45.5546 144.8453
45.5547 145.0575
45.5551 145.0316
45.5552 144.8399
45.5557 144.8441
45.5557 145.2567
45.5565 144.8625
45.5571 144.6665
45.5572 145.2365
45.5574 145.0512
45.5576 145.1061
45.5576 145.1279
45.5580 144.8605
45.5584 145.0865
45.5585 145.1203
45.5586 144.6938
45.5586 145.1471
45.5586 145.1609
45.5587 144.7685
45.5588 145.0018
45.5590 144.7300
45.5594 144.8254
45.5594 144.8390
45.5594 145.1792
45.5600 144.7816
45.5607 144.8090
45.5612 145.0017
45.5616 145.1711
45.5617 144.8201
45.5622 145.1490
45.5623 145.1807
45.5624 144.8834
45.5628 145.1866
45.5635 145.1823
45.5637 145.1113
45.5638 145.0384
45.5639 145.0932
45.5639 145.1792
45.5641 144.8248
45.5641 145.0839
45.5643 144.7771
45.5645 145.1655
45.5650 145.0987
45.5650 145.1000
45.5653 144.7426
45.5658 145.2094
45.5659 145.1373
45.5660 144.9489
45.5669 145.0442
45.5677 145.1454
45.5680 145.1263
45.5683 144.8467
45.5685 144.8100
45.5687 144.9217
45.5688 144.9135
45.5695 144.8942
45.5697 144.8097
45.5700 144.6511
45.5701 144.8929
45.5702 145.1236
45.5703 144.8945
45.5705 145.0825
45.5707 145.2020
45.5714 144.8385
45.5715 145.1907
45.5716 144.7526
45.5719 145.1256
45.5724 145.2227
45.5725 144.6469
45.5725 144.8565
45.5738 144.9896
45.5742 144.9125
45.5746 145.1362
45.5748 144.7896
45.5751 145.0068
45.5752 145.1085
45.5753 144.9601
45.5754 145.0600
45.5757 145.3104
45.5761 145.0755
45.5768 144.8732
45.5774 145.0462
45.5782 145.1128
45.5789 145.0397
45.5792 145.1488
45.5793 144.8395
45.5793 145.0888
45.5793 145.1465
45.5795 145.1429
45.5796 144.8685
45.5797 144.9136
45.5798 144.8067
45.5798 145.0527
45.5810 144.8064
45.5811 145.1165
45.5813 144.8341
45.5815 144.7741
45.5821 144.8158
45.5822 144.8621
45.5822 144.9176
45.5823 145.1616
45.5829 144.5820
45.5829 144.7935
45.5830 144.7953
45.5830 145.1294
45.5832 145.0327
45.5835 144.8690
45.5837 145.1314
45.5841 145.0276
45.5845 145.1565
45.5850 145.2491
45.5853 145.1516
45.5855 145.1780
45.5856 144.7957
45.5858 145.1479
45.5862 145.1181
45.5869 145.1801
45.5873 145.1100
45.5874 145.1618
45.5877 144.8025
45.5882 145.1440
45.5884 144.8383
45.5884 145.1666
45.5889 144.8289
45.5890 145.0876
45.5890 145.1191
45.5892 145.0458
45.5894 144.8539
45.5901 145.1047
45.5906 145.1190
45.5910 145.1876
45.5913 145.0322
45.5914 145.0149
45.5914 145.1652
45.5917 145.1307
45.5918 145.2076
45.5920 145.1037
45.5925 144.8169
45.5928 145.2190
45.5931 144.9862
45.5942 144.8628
45.5944 145.0993
45.5954 145.2434
45.5958 145.0972
45.5959 145.1320
45.5960 145.1987
45.5964 144.8696
45.5964 145.1030
45.5967 145.0406
45.5970 145.0703
45.5971 145.1195
45.5977 144.8929
45.5977 145.1377
45.5978 145.0695
45.5987 144.9192
45.5987 145.1351
45.5988 145.0605
45.5988 145.2931
45.5994 144.7991
45.5998 145.1621
45.6006 145.0797
45.6007 145.0275
45.6010 144.8921
45.6012 144.8329
45.6013 145.1979
45.6014 144.8532
45.6015 145.0694
45.6020 145.0664
45.6028 145.0715
45.6031 144.8078
45.6033 144.8336
45.6037 145.1988
45.6047 144.9637
45.6048 144.8307
45.6050 144.9226
45.6052 144.9519
45.6061 144.7559
45.6062 145.0784
45.6065 144.9205
45.6068 145.0156
45.6071 145.0748
45.6084 144.9995
45.6085 144.7972
45.6092 145.1036
45.6093 144.7964
45.6093 145.1455
45.6102 145.0873
45.6102 145.2895
45.6104 145.0149
45.6104 145.2090
45.6120 144.7686
45.6122 144.8000
45.6127 145.1485
45.6136 144.8418
45.6144 144.9231
45.6150 144.7610
45.6153 144.7408
45.6158 145.0964
45.6170 145.1442
45.6177 145.1096
45.6178 145.0676
45.6185 144.8231
45.6192 145.2603
45.6194 145.1423
45.6221 144.8063
45.6224 145.0312
45.6226 144.7734
45.6230 144.8539
45.6245 144.9780
45.6246 145.0280
45.6253 144.9597
45.6255 145.0742
45.6261 145.0083
45.6268 145.1458
45.6271 144.8107
45.6271 145.1316
45.6272 144.9785
45.6278 145.1878
45.6281 144.8344
45.6284 145.0773
45.6284 145.1008
45.6289 145.1294
45.6290 145.2134
45.6291 145.1406
45.6302 144.9029
45.6303 145.1908
45.6311 145.0781
45.6318 145.0358
45.6322 145.1700
45.6327 145.2065
45.6329 145.1896
45.6332 145.1462
45.6341 145.1941
45.6348 145.0829
45.6356 145.0139
45.6356 145.1209
45.6364 144.8009
45.6369 145.0327
45.6378 145.0233
45.6381 144.9072
45.6388 145.1157
45.6396 145.0463
45.6416 144.8870
45.6420 145.0968
45.6423 144.9225
45.6430 145.0253
45.6435 145.3276
45.6438 145.2131
45.6448 145.1313
45.6452 145.0621
45.6482 145.1508
45.6484 145.2054
45.6489 145.0284
45.6494 145.0864
45.6498 144.7599
45.6508 144.7437
45.6512 144.9747
45.6512 145.2152
45.6521 144.8633
45.6521 145.1336
45.6538 145.0637
45.6542 145.1630
45.6556 144.8311
45.6567 145.0571
45.6576 145.2169
45.6595 144.8848
45.6602 145.0943
45.6608 145.0547
45.6615 144.8465
45.6615 145.2333
45.6618 145.1526
45.6625 145.0319
45.6626 145.1210
45.6626 145.1669
45.6636 145.0124
45.6642 144.8612
45.6647 144.9444
45.6650 144.9926
45.6650 145.0103
45.6657 145.0094
45.6659 145.1266
45.6661 144.9985
45.6661 145.1213
45.6663 145.0313
45.6665 144.8067
45.6676 145.0282
45.6677 144.8129
45.6680 144.9794
45.6687 144.8251
45.6688 144.7994
45.6689 144.9775
45.6690 145.2454
45.6696 145.0130
45.6698 145.0311
45.6699 144.8636
45.6699 145.0185
45.6702 145.0977
45.6703 144.9879
45.6710 144.9389
45.6714 145.0315
45.6723 145.0789
45.6742 144.8072
45.6746 144.9816
45.6770 144.7554
45.6775 145.0069
45.6778 145.1028
45.6780 144.8219
45.6783 145.3169
45.6787 144.8246
45.6795 145.0084
45.6797 145.0528
45.6802 144.9742
45.6803 144.9758
45.6805 145.0132
45.6807 145.0164
45.6811 144.9654
45.6815 144.9588
45.6834 145.0345
45.6834 145.0359
45.6834 145.1660
45.6847 145.0892
45.6860 145.0958
45.6860 145.1279
45.6866 144.8118
45.6871 145.0059
45.6873 145.0327
45.6873 145.1365
45.6875 145.0748
45.6890 144.9992
45.6900 145.0333
45.6904 145.1529
45.6920 144.9871
45.6922 144.9385
45.6939 145.0419
45.6951 144.8366
45.6951 144.9253
45.6951 144.9832
45.6969 144.8615
45.6990 144.8397
45.7022 144.9884
45.7036 144.8195
45.7036 145.0062
45.7042 145.0424
45.7077 145.1586
45.7107 144.7901
45.7138 145.1875
45.7146 145.0541
45.7157 145.3105
45.7177 145.1867
45.7185 145.2639
45.7195 145.1826
45.7200 145.0239
45.7201 144.7711
45.7203 145.1187
45.7218 144.8341
45.7219 144.8482
45.7229 145.1948
45.7237 145.1254
45.7238 145.2825
45.7241 145.0303
45.7241 145.0905
45.7246 144.9938
45.7248 145.0766
45.7264 145.0724
45.7270 144.9571
45.7272 144.9883
45.7280 144.8757
45.7287 145.2606
45.7310 144.9810
45.7322 144.9756
45.7329 144.9093
45.7334 145.1100
45.7357 144.8617
45.7373 145.1246
45.7392 144.8733
45.7394 144.8428
45.7396 145.1993
45.7398 145.1537
45.7406 145.2508
45.7412 144.9022
45.7413 145.3147
45.7445 145.1275
45.7445 145.1542
45.7451 144.8595
45.7459 145.1291
45.7459 145.1699
45.7467 144.8936
45.7471 144.8827
45.7473 145.1097
45.7474 145.1578
45.7476 145.1393
45.7479 145.2169
45.7488 144.8768
45.7491 144.8064
45.7501 145.2041
45.7503 144.9528
45.7510 145.1729
45.7520 145.0766
45.7533 145.1187
45.7559 144.8475
45.7562 145.1209
45.7566 144.8573
45.7569 145.1921
45.7580 144.8321
45.7600 144.8671
45.7600 144.9309
45.7600 145.0979
45.7611 145.1502
45.7627 145.1495
45.7641 145.1434
45.7642 144.7071
45.7654 144.9888
45.7662 145.2007
45.7670 145.1390
45.7671 144.9024
45.7674 145.0232
45.7676 144.7923
45.7680 144.8505
45.7684 144.8434
45.7686 144.9972
45.7687 145.0171
45.7689 145.1401
45.7695 145.1472
45.7697 144.7982
45.7699 145.1614
45.7719 144.8280
45.7720 145.0845
45.7721 145.1302
45.7726 145.0986
45.7737 145.1307
45.7743 144.9500
45.7751 145.0571
45.7753 144.9275
45.7754 145.3201
45.7757 144.8749
45.7764 145.1406
45.7775 144.8167
45.7776 144.8427
45.7777 145.1142
45.7778 145.1702
45.7787 144.8899
45.7789 144.9414
45.7793 144.8361
45.7793 145.1692
45.7794 144.8748
45.7796 145.2915
45.7799 144.8728
45.7802 144.8775
45.7805 144.7850
45.7806 145.1484
45.7808 144.8699
45.7808 144.8740
45.7812 145.2432
45.7813 144.8423
45.7818 144.7955
45.7823 144.8132
45.7824 144.8673
45.7827 144.8338
45.7831 145.1361
45.7832 145.1020
45.7833 144.8928
45.7839 144.8399
45.7845 145.1661
45.7851 144.8319
45.7851 145.1527
45.7854 145.0351
45.7863 144.8788
45.7866 144.8220
45.7870 144.8778
45.7873 144.8847
45.7873 144.9287
45.7878 144.8460
45.7912 145.1290
45.7913 145.0096
45.7914 144.8244
45.7921 145.1019
45.7922 144.7649
45.7934 144.8796
45.7937 144.8092
45.7938 144.7934
45.7939 144.8537
45.7939 144.8694
45.7947 144.8599
45.7947 145.2308
45.7948 144.8521
45.7953 144.8625
45.7954 144.6641
45.7962 145.1074
45.7962 145.1443
45.7966 144.7983
45.7975 144.8768
45.7978 144.7897
45.7978 144.8730
45.7984 144.8712
45.7985 144.7814
45.7988 145.1092
45.7989 145.1876
45.7992 144.7965
45.7993 145.1557
45.7993 145.1825
45.7995 145.1906
45.7998 145.1242
45.7999 145.1578
45.8003 144.8076
45.8003 144.8506
45.8003 145.2243
45.8008 144.8083
45.8010 145.0862
45.8012 145.1788
45.8015 144.8612
45.8024 145.1251
45.8027 145.1104
45.8029 144.8964
45.8029 145.1043
45.8032 144.7980
45.8039 145.1674
45.8043 144.9225
45.8048 144.8049
45.8057 144.7827
45.8057 144.8327
45.8060 144.8482
45.8061 144.8307
45.8064 144.8316
45.8064 144.8702
45.8070 145.1684
45.8072 144.8565
45.8080 144.8392
45.8080 145.1564
45.8085 144.8061
45.8085 144.8640
45.8086 144.9066
45.8087 144.7561
45.8087 145.3204
45.8094 145.1387
45.8097 145.1996
45.8098 144.9020
45.8098 144.9207
45.8109 144.8155
45.8111 145.0851
45.8114 145.1178
45.8122 144.8382
45.8123 144.9918
45.8125 144.8258
45.8130 145.1400
45.8132 145.1323
45.8132 145.2022
45.8135 144.8684
45.8138 144.7627
45.8139 144.8753
45.8142 144.7736
45.8147 145.1561
45.8153 144.7755
45.8155 144.8303
45.8157 145.1498
45.8158 145.1797
45.8162 144.9352
45.8164 145.1283
45.8170 145.1185
45.8175 144.8244
45.8179 145.1382
45.8188 144.9033
45.8193 144.9079
45.8193 145.0505
45.8197 144.8668
45.8208 144.7859
45.8211 144.9469
45.8211 145.1224
45.8215 144.7607
45.8220 145.1530
45.8221 144.8504
45.8221 145.1125
45.8224 144.8071
45.8224 144.8570
45.8225 144.8064
45.8225 144.8332
45.8227 145.0795
45.8230 144.8624
45.8231 144.8065
45.8231 145.2166
45.8232 144.8297
45.8235 145.1623
45.8237 145.1303
45.8240 144.7712
45.8241 145.1917
45.8242 144.8591
45.8242 145.0426
45.8243 145.1419
45.8244 145.0588
45.8244 145.1106
45.8252 144.8355
45.8253 145.1263
45.8254 145.1077
45.8275 145.1709
45.8276 144.8448
45.8277 145.1504
45.8277 145.1539
45.8278 145.2202
45.8281 144.7523
45.8286 145.0387
45.8288 144.9292
45.8292 144.8362
45.8292 144.8513
45.8295 145.1241
45.8301 144.8342
45.8302 145.0697
45.8304 145.1481
45.8305 144.7886
45.8305 144.8288
45.8309 144.8664
45.8309 144.9720
45.8309 145.1442
45.8314 144.8054
45.8315 145.1081
45.8317 145.0868
45.8320 145.1550
45.8322 144.8804
45.8324 144.9583
45.8329 144.8166
45.8333 145.1715
45.8335 144.8259
45.8339 144.8328
45.8340 145.0642
45.8341 145.0630
45.8344 144.8311
45.8345 145.1271
45.8347 145.1369
45.8357 144.8620
45.8357 145.0525
45.8357 145.0840
45.8358 144.9695
45.8359 144.8298
45.8359 145.1224
45.8360 145.1951
45.8365 145.1579
45.8365 145.1715
45.8366 145.1658
45.8367 144.8451
45.8367 145.1790
45.8368 144.8968
45.8370 145.1034
45.8372 145.0827
45.8375 144.9480
45.8375 145.0778
45.8375 145.1538
45.8376 144.8893
45.8377 145.1034
45.8377 145.1560
45.8378 145.1194
45.8380 144.8021
45.8380 144.9901
45.8386 145.1559
45.8387 144.8381
45.8388 145.1020
45.8399 144.7717
45.8399 144.8453
45.8399 145.1004
45.8400 144.9938
45.8401 145.2807
45.8405 144.8220
45.8409 145.0374
45.8413 144.8565
45.8413 145.0829
45.8418 145.1385
45.8419 145.1778
45.8419 145.1843
45.8420 144.8783
45.8424 144.8186
45.8424 144.9428
45.8424 145.0953
45.8424 145.2142
45.8426 144.8354
45.8426 144.9513
45.8427 145.1507
45.8430 145.1677
45.8432 144.8301
45.8433 144.8281
45.8433 144.8999
45.8433 145.0913
45.8435 145.2043
45.8436 144.7756
45.8439 145.0469
45.8442 145.1380
45.8445 144.7952
45.8446 144.8118
45.8447 145.1522
45.8456 144.8239
45.8459 144.9772
45.8466 145.1185
45.8472 145.1598
45.8475 145.2167
45.8483 144.8102
45.8484 144.9889
45.8485 144.9007
45.8488 145.1458
45.8492 144.8683
45.8492 144.8715
45.8494 144.8633
45.8494 145.1834
45.8497 145.1019
45.8498 144.8285
45.8498 145.0206
45.8499 145.0585
45.8502 144.8133
45.8507 144.8321
45.8508 144.8109
45.8516 145.1756
45.8518 144.8622
45.8523 145.1376
45.8523 145.1650
45.8530 145.1705
45.8534 145.1775
45.8535 145.0793
45.8536 145.0948
45.8538 144.8871
45.8540 144.9385
45.8543 145.1292
45.8558 145.1593
45.8564 145.0968
45.8565 144.8153
45.8565 144.9354
45.8565 145.0624
45.8566 145.0230
45.8567 144.9476
45.8568 145.1625
45.8575 145.1069
45.8576 145.1204
45.8577 145.1312
45.8581 145.0600
45.8584 144.8873
45.8587 145.1155
45.8588 144.8113
45.8589 145.0748
45.8594 145.1796
45.8597 144.8980
45.8597 145.1567
45.8597 145.1657
45.8602 145.2213
45.8603 144.8818
45.8605 145.1628
45.8607 144.8130
45.8608 145.1228
45.8609 144.9119
45.8610 145.1761
45.8614 145.1091
45.8614 145.1886
45.8620 145.2248
45.8621 144.8421
45.8624 145.1977
45.8625 144.8388
45.8627 144.8340
45.8631 145.1532
45.8638 144.8458
45.8643 144.8553
45.8643 145.1289
45.8645 144.9850
45.8646 144.9688
45.8647 144.8331
45.8649 145.1160
45.8650 144.8361
45.8656 144.8894
45.8664 144.8608
45.8680 145.1903
45.8681 145.0198
45.8681 145.1214
45.8687 145.0829
45.8698 145.0098
45.8699 145.1326
45.8700 144.8262
45.8701 145.0321
45.8702 145.0087
45.8704 144.7901
45.8704 144.8253
45.8710 144.8664
45.8714 145.0105
45.8714 145.0422
45.8717 145.2106
45.8725 144.9724
45.8735 145.1472
45.8742 145.1457
45.8752 145.1732
45.8755 144.7941
45.8761 145.1296
45.8765 144.7102
45.8771 145.0914
45.8792 144.8962
45.8793 145.1123
45.8798 145.1253
45.8800 145.1174
45.8805 144.7932
45.8813 145.1629
45.8815 145.1043
45.8820 144.9433
45.8832 145.0891
45.8833 144.8556
45.8833 145.0879
45.8834 145.1773
45.8836 144.7520
45.8841 145.1242
45.8843 144.8074
45.8844 144.8444
45.8846 145.0328
45.8850 145.2756
45.8852 145.2017
45.8855 144.9667
45.8870 145.1089
45.8875 144.8249
45.8888 145.1346
45.8891 145.0593
45.8892 145.0990
45.8893 144.7307
45.8911 145.0800
45.8913 144.7293
45.8922 145.0987
45.8925 145.1712
45.8938 145.1407
45.8944 145.0482
45.8964 145.1270
45.8989 144.8346
45.8998 145.0639
45.8998 145.1404
45.9011 145.1564
45.9023 145.1243
45.9038 144.8375
45.9057 145.0925
45.9059 144.8115
45.9063 144.7914
45.9071 144.7742
45.9073 145.1070
45.9079 145.1803
45.9090 145.0986
45.9094 144.7733
45.9098 145.1650
45.9099 145.0222
45.9100 145.1151
45.9108 145.0964
45.9135 145.0382
45.9136 145.1305
45.9138 145.1807
45.9155 145.0786
45.9171 145.0624
45.9184 145.1260
45.9228 145.0697
45.9237 145.0981
45.9244 145.1912
45.9272 144.6697
45.9277 145.1621
45.9287 144.8162
45.9313 145.0605
45.9335 145.0810
45.9342 145.1368
45.9357 144.6626
45.9368 145.0796
45.9375 145.0331
45.9399 145.1002
45.9410 145.1035
45.9413 145.1750
45.9463 145.0413
45.9466 144.7180
45.9468 145.1740
45.9495 145.2067
45.9505 145.0596
45.9533 145.1471
45.9625 145.0163
45.9754 144.8851
45.9800 145.0735
46.0297 144.9388
