12.0126 100.5799
12.0156 100.5009
12.0247 100.6102
12.0260 100.5902
12.0277 100.5996
12.0284 100.6493
12.0286 100.5867
12.0469 100.5619
12.0535 100.5729
12.0548 100.6177
12.0647 100.5820
12.0654 100.6193
12.0718 100.5820
12.0731 100.4641
12.0747 100.5064
12.0769 100.6247
12.0774 100.4817
12.0836 100.3525
12.0840 100.5768
12.0848 100.5442
12.0852 100.5792
12.0867 100.6104
12.0873 100.4786
12.0911 100.5760
12.0918 100.5832
12.0940 100.6191
12.0950 100.5292
12.0966 100.6106
12.0974 100.5996
12.0975 100.5267
12.0979 100.6171
12.0985 100.6046
12.0995 100.5901
12.0995 100.7133
12.1007 100.5936
12.1014 100.5757
12.1025 100.5786
12.1034 100.5200
12.1043 100.6237
12.1057 100.5915
12.1058 100.5792
12.1062 100.6257
12.1074 100.5512
12.1096 100.5678
12.1099 100.5718
12.1101 100.5908
12.1104 100.5629
12.1116 100.5854
12.1118 100.6008
12.1119 100.5320
12.1127 100.5503
12.1150 100.6264
12.1152 100.4613
12.1171 100.5932
12.1173 100.6119
12.1198 100.6144
12.1199 100.6796
12.1216 100.4882
12.1225 100.5548
12.1231 100.6323
12.1233 100.6576
12.1241 100.6020
12.1249 100.5631
12.1250 100.6588
12.1251 100.5435
12.1277 100.3341
12.1304 100.5915
12.1319 100.5963
12.1320 100.6140
12.1324 100.5956
12.1327 100.5322
12.1331 100.6430
12.1337 100.5205
12.1337 100.6038
12.1347 100.5546
12.1361 100.6323
12.1365 100.5979
12.1374 100.6478
12.1375 100.6635
12.1401 100.5845
12.1402 100.5869
12.1414 100.5952
12.1416 100.5741
12.1417 100.6001
12.1423 100.6324
12.1433 100.6308
12.1434 100.5926
12.1447 100.6218
12.1447 100.6568
12.1465 100.5596
12.1465 100.5785
12.1469 100.5798
12.1480 100.6138
12.1483 100.6532
12.1489 100.5265
12.1494 100.5168
12.1500 100.6495
12.1518 100.5662
12.1528 100.5812
12.1533 100.5767
12.1549 100.6227
12.1550 100.5582
12.1558 100.5230
12.1560 100.5268
12.1561 100.6426
12.1580 100.6025
12.1584 100.5568
12.1594 100.6112
12.1604 100.5918
12.1608 100.5310
12.1614 100.6752
12.1616 100.5741
12.1624 100.6067
12.1665 100.6108
12.1676 100.7362
12.1690 100.5909
12.1693 100.6267
12.1727 100.5900
12.1781 100.5916
12.1807 100.5148
12.1811 100.4691
12.1814 100.4172
12.1835 100.5901
12.1840 100.5723
12.1845 100.5260
12.1845 100.5382
12.1853 100.5409
12.1855 100.6307
12.1866 100.5260
12.1874 100.3846
12.1875 100.5832
12.1875 100.6130
12.1886 100.4586
12.1897 100.5927
12.1914 100.5974
12.1940 100.3704
12.1958 100.5993
12.1959 100.5501
12.1962 100.5008
12.1962 100.5240
12.1971 100.4388
12.1981 100.5962
12.2001 100.6111
12.2011 100.6266
12.2019 100.6244
12.2038 100.5792
12.2048 100.5694
12.2088 100.6414
12.2091 100.4696
12.2115 100.6452
12.2117 100.5968
12.2168 100.4174
12.2172 100.8981
12.2176 100.4773
12.2183 100.5135
12.2194 100.5380
12.2198 100.4305
12.2208 100.6210
12.2219 100.4576
12.2221 100.4808
12.2233 100.5090
12.2235 100.5517
12.2267 100.5365
12.2276 100.4655
12.2295 100.5642
12.2305 100.4969
12.2332 100.2145
12.2340 100.5270
12.2359 100.7957
12.2366 100.4331
12.2378 100.2378
12.2404 100.5091
12.2409 100.4185
12.2414 100.4629
12.2450 100.4453
12.2464 100.3914
12.2469 100.4165
12.2471 100.4415
12.2471 100.4723
12.2486 100.5081
12.2493 100.5106
12.2501 100.7619
12.2502 100.2274
12.2509 100.3869
12.2510 100.3810
12.2527 100.3672
12.2537 100.3634
12.2540 100.8236
12.2566 100.3927
12.2597 100.7786
12.2609 100.8383
12.2618 100.6768
12.2621 100.9151
12.2625 100.4412
12.2635 100.3834
12.2661 100.4271
12.2678 100.4090
12.2683 100.4839
12.2691 100.6491
12.2696 100.3929
12.2728 100.4324
12.2731 100.4683
12.2745 100.2626
12.2762 100.5127
12.2763 100.3335
12.2771 100.4341
12.2779 100.4032
12.2789 100.4976
12.2795 100.7826
12.2804 100.8932
12.2812 100.5196
12.2821 100.6630
12.2822 100.4412
12.2822 100.7340
12.2830 100.4006
12.2830 100.7964
12.2831 100.5969
12.2840 100.3572
12.2843 100.3756
12.2846 100.3656
12.2849 100.3346
12.2850 100.5178
12.2855 100.8496
12.2872 100.8660
12.2876 100.8000
12.2879 100.8496
12.2890 100.4829
12.2896 100.4510
12.2903 100.4029
12.2905 100.5274
12.2907 100.7500
12.2917 100.4203
12.2920 100.3414
12.2922 100.5011
12.2923 100.2998
12.2924 100.3787
12.2927 100.4207
12.2929 100.6073
12.2937 100.7893
12.2938 100.3002
12.2939 100.7103
12.2942 100.8383
12.2951 100.5307
12.2953 100.2616
12.2961 100.8433
12.2965 100.6297
12.2968 100.7796
12.2968 100.8540
12.2970 100.4790
12.2975 100.8357
12.2980 100.6253
12.2989 100.4472
12.2991 100.4908
12.2992 100.6978
12.2997 100.8267
12.3000 100.7796
12.3005 100.5851
12.3007 100.3700
12.3007 100.4872
12.3011 100.3256
12.3021 100.4155
12.3033 100.4718
12.3036 100.3789
12.3039 100.4240
12.3039 100.6256
12.3041 100.5080
12.3050 100.8173
12.3055 100.2026
12.3055 100.3609
12.3056 100.4696
12.3056 100.5802
12.3057 100.4245
12.3059 100.3984
12.3060 100.4605
12.3063 100.4330
12.3063 100.6015
12.3066 100.3453
12.3068 100.3712
12.3076 100.4170
12.3082 100.4252
12.3082 100.7225
12.3083 100.7341
12.3087 100.7674
12.3090 100.6089
12.3091 100.2950
12.3093 100.4094
12.3095 100.2823
12.3098 100.6132
12.3100 100.7562
12.3101 100.3971
12.3102 100.4548
12.3106 100.4058
12.3109 100.3913
12.3113 100.4045
12.3115 100.8013
12.3122 100.4087
12.3125 100.7876
12.3129 100.6261
12.3130 100.8007
12.3130 100.8041
12.3149 100.4485
12.3153 100.4460
12.3153 100.4787
12.3157 100.8497
12.3159 100.7548
12.3160 100.3219
12.3161 100.7981
12.3162 100.5113
12.3164 100.4514
12.3166 100.3900
12.3168 100.4164
12.3168 100.4326
12.3171 100.4206
12.3174 100.3962
12.3174 100.5027
12.3184 100.7750
12.3187 100.8949
12.3189 100.3970
12.3191 100.3725
12.3194 100.4295
12.3196 100.3765
12.3196 100.8693
12.3198 100.4171
12.3200 100.4802
12.3200 100.4874
12.3200 100.8031
12.3201 100.4321
12.3201 100.4728
12.3201 100.7885
12.3202 100.3465
12.3204 100.3498
12.3204 100.5957
12.3208 100.4029
12.3210 100.7940
12.3210 100.8389
12.3223 100.4227
12.3225 100.4165
12.3225 100.7729
12.3227 100.4424
12.3227 100.8222
12.3228 100.3151
12.3233 100.3508
12.3234 100.3298
12.3234 100.4422
12.3241 100.3201
12.3241 100.8427
12.3246 100.4310
12.3248 100.4136
12.3251 100.3407
12.3251 100.4064
12.3263 100.8799
12.3267 100.4109
12.3276 100.3508
12.3279 100.4243
12.3280 100.4126
12.3284 100.3655
12.3285 100.4342
12.3285 100.4876
12.3287 100.8005
12.3290 100.7709
12.3291 100.2601
12.3292 100.4300
12.3293 100.3839
12.3298 100.3326
12.3298 100.3682
12.3300 100.3997
12.3302 100.4247
12.3302 100.8230
12.3303 100.8264
12.3307 100.3416
12.3308 100.8330
12.3310 100.5089
12.3312 100.4157
12.3319 100.8445
12.3325 100.8454
12.3326 100.4630
12.3327 100.9210
12.3332 100.3963
12.3334 100.5040
12.3336 100.3970
12.3341 100.4513
12.3349 100.6492
12.3351 100.2868
12.3361 100.8291
12.3362 100.6151
12.3364 100.4344
12.3366 100.3865
12.3366 100.3993
12.3369 100.4367
12.3372 100.4102
12.3374 100.4035
12.3382 100.3273
12.3383 100.4907
12.3384 100.3480
12.3386 100.6183
12.3394 100.3328
12.3395 100.3726
12.3397 100.4391
12.3398 100.3902
12.3401 100.3249
12.3406 100.3102
12.3410 100.4954
12.3415 100.3674
12.3416 100.3939
12.3417 100.4503
12.3419 100.4349
12.3420 100.3764
12.3428 100.3880
12.3428 100.4061
12.3428 100.4111
12.3428 100.4360
12.3433 100.4307
12.3435 100.3025
12.3435 100.3667
12.3435 100.3761
12.3439 100.7169
12.3441 100.3864
12.3442 100.3567
12.3445 100.3943
12.3445 100.4145
12.3446 100.4531
12.3462 100.4230
12.3464 100.4098
12.3465 100.4168
12.3473 100.4049
12.3482 100.4152
12.3488 100.8263
12.3489 100.4816
12.3491 100.4270
12.3491 100.7251
12.3496 100.4162
12.3497 100.5984
12.3499 100.4050
12.3501 100.7370
12.3502 100.3761
12.3503 100.1944
12.3516 100.3867
12.3517 100.8149
12.3526 100.3734
12.3527 100.2830
12.3527 100.7705
12.3529 100.3783
12.3530 100.4827
12.3530 100.8028
12.3531 100.4544
12.3532 100.4295
12.3534 100.4366
12.3535 100.4021
12.3535 100.7988
12.3538 100.8194
12.3546 100.4253
12.3546 100.4756
12.3549 100.4058
12.3551 100.4608
12.3554 100.3353
12.3556 100.3780
12.3559 100.2775
12.3559 100.4177
12.3561 100.4864
12.3563 100.2418
12.3566 100.3929
12.3566 100.8507
12.3567 100.7468
12.3568 100.4548
12.3569 100.3518
12.3569 100.3738
12.3569 100.5974
12.3572 100.4064
12.3574 100.4141
12.3575 100.4498
12.3578 100.4657
12.3579 100.3996
12.3579 100.4520
12.3580 100.3503
12.3581 100.3479
12.3582 100.3093
12.3582 100.3545
12.3583 100.4289
12.3586 100.3261
12.3589 100.3464
12.3589 100.4283
12.3591 100.3214
12.3594 100.4202
12.3597 100.4639
12.3604 100.4017
12.3610 100.4081
12.3613 100.5446
12.3616 100.4337
12.3617 100.3894
12.3618 100.7287
12.3619 100.4061
12.3620 100.3409
12.3622 100.4182
12.3623 100.4394
12.3628 100.3761
12.3628 100.5412
12.3629 100.4069
12.3630 100.3594
12.3638 100.4349
12.3639 100.2743
12.3640 100.4209
12.3643 100.4881
12.3643 100.8176
12.3650 100.3471
12.3652 100.3992
12.3655 100.4900
12.3656 100.4097
12.3657 100.5114
12.3658 100.4027
12.3664 100.2192
12.3665 100.3530
12.3665 100.3839
12.3672 100.4548
12.3676 100.3358
12.3677 100.2117
12.3678 100.4331
12.3684 100.3203
12.3687 100.4021
12.3691 100.3830
12.3691 100.4384
12.3696 100.3277
12.3698 100.4179
12.3701 100.4133
12.3703 100.3699
12.3707 100.4729
12.3708 100.3674
12.3712 100.4203
12.3713 100.3924
12.3713 100.7241
12.3715 100.3660
12.3717 100.4178
12.3718 100.3191
12.3720 100.3999
12.3722 100.4495
12.3725 100.3948
12.3729 100.3488
12.3731 100.4654
12.3732 100.4460
12.3737 100.3827
12.3740 100.2188
12.3741 100.4324
12.3741 100.6947
12.3742 100.2204
12.3743 100.8532
12.3748 100.3991
12.3752 100.2958
12.3753 100.4082
12.3754 100.4525
12.3756 100.6341
12.3760 100.4496
12.3764 100.3019
12.3764 100.8107
12.3765 100.3848
12.3766 100.4504
12.3766 100.4739
12.3769 100.7469
12.3772 100.3771
12.3773 100.3295
12.3778 100.8289
12.3781 100.3905
12.3781 100.4555
12.3787 100.3168
12.3789 100.7472
12.3791 100.2975
12.3792 100.4559
12.3796 100.7253
12.3797 100.4624
12.3799 100.3055
12.3805 100.2912
12.3806 100.3429
12.3810 100.3593
12.3810 100.4617
12.3811 100.4400
12.3813 100.4294
12.3814 100.3408
12.3817 100.4844
12.3829 100.4285
12.3835 100.3460
12.3836 100.3933
12.3836 100.4335
12.3839 100.3950
12.3839 100.4277
12.3839 100.8280
12.3844 100.3701
12.3847 100.3429
12.3848 100.3853
12.3848 100.3912
12.3849 100.2955
12.3850 100.4346
12.3855 100.3846
12.3856 100.3439
12.3857 100.4455
12.3859 100.4768
12.3868 100.3616
12.3871 100.4192
12.3872 100.3920
12.3872 100.3995
12.3873 100.4255
12.3887 100.2883
12.3889 100.4023
12.3896 100.4869
12.3898 100.7902
12.3900 100.3726
12.3901 100.2903
12.3901 100.4730
12.3909 100.2701
12.3909 100.3802
12.3911 100.3736
12.3912 100.3967
12.3916 100.4523
12.3917 100.3708
12.3917 100.3785
12.3921 100.4144
12.3925 100.3667
12.3929 100.2367
12.3932 100.7985
12.3934 100.4570
12.3936 100.4672
12.3937 100.4040
12.3939 100.2738
12.3940 100.2987
12.3945 100.4583
12.3947 100.4112
12.3948 100.4487
12.3949 100.3916
12.3952 100.3693
12.3953 100.4429
12.3955 100.4475
12.3957 100.5103
12.3958 100.3306
12.3958 100.4522
12.3959 100.4417
12.3967 100.2825
12.3968 100.3962
12.3969 100.5004
12.3976 100.4009
12.3980 100.5077
12.3984 100.3323
12.3993 100.3138
12.3994 100.3650
12.3997 100.4743
12.4005 100.3341
12.4008 100.3564
12.4011 100.4495
12.4016 100.4819
12.4026 100.3927
12.4029 100.4473
12.4031 100.4334
12.4032 100.3327
12.4033 100.4308
12.4035 100.3103
12.4035 100.3405
12.4037 100.4388
12.4040 100.3240
12.4043 100.3336
12.4044 100.3976
12.4050 100.3278
12.4060 100.4027
12.4060 100.6596
12.4061 100.4053
12.4064 100.4542
12.4068 100.3241
12.4068 100.3835
12.4078 100.7423
12.4081 100.3491
12.4082 100.3051
12.4086 100.4132
12.4097 100.2676
12.4097 100.4519
12.4109 100.3638
12.4109 100.3953
12.4110 100.5907
12.4111 100.3655
12.4112 100.2689
12.4113 100.3104
12.4114 100.2384
12.4116 100.2823
12.4122 100.3608
12.4131 100.4026
12.4133 100.3292
12.4138 100.3803
12.4140 100.3065
12.4149 100.2850
12.4155 100.4277
12.4156 100.2785
12.4161 100.3724
12.4165 100.2105
12.4167 100.6179
12.4181 100.3778
12.4182 100.2982
12.4187 100.5616
12.4190 100.3265
12.4190 100.3384
12.4190 100.4021
12.4190 100.4407
12.4195 100.3486
12.4210 100.6287
12.4212 100.5893
12.4216 100.4614
12.4220 100.5537
12.4221 100.4124
12.4224 100.5614
12.4226 100.3128
12.4236 100.3226
12.4238 100.6274
12.4242 100.3054
12.4244 100.3003
12.4245 100.5231
12.4250 100.3726
12.4251 100.3471
12.4258 100.4187
12.4268 100.2831
12.4268 100.4170
12.4269 100.3042
12.4274 100.3736
12.4278 100.3000
12.4284 100.3102
12.4286 100.3962
12.4288 100.3920
12.4290 100.2631
12.4293 100.3809
12.4296 100.2678
12.4298 100.3639
12.4306 100.4067
12.4310 100.3174
12.4311 100.3501
12.4316 100.3804
12.4316 100.8220
12.4318 100.6681
12.4321 100.5247
12.4324 100.2227
12.4324 100.3910
12.4326 100.5840
12.4336 100.4252
12.4341 100.4358
12.4342 100.3529
12.4349 100.4612
12.4352 100.3573
12.4352 100.4272
12.4352 100.6971
12.4353 100.3849
12.4357 100.4688
12.4359 100.5573
12.4363 100.2740
12.4369 100.3278
12.4381 100.3217
12.4383 100.4025
12.4385 100.5145
12.4389 100.3238
12.4390 100.3273
12.4396 100.2744
12.4400 100.6329
12.4403 100.6267
12.4414 100.5964
12.4419 100.5164
12.4425 100.3681
12.4437 100.5720
12.4441 100.5530
12.4441 100.5983
12.4451 100.3198
12.4453 100.4490
12.4454 100.2551
12.4458 100.6090
12.4458 100.6764
12.4474 100.4606
12.4475 100.4410
12.4476 100.5234
12.4481 100.3366
12.4484 100.4006
12.4486 100.4237
12.4490 100.3504
12.4495 100.4175
12.4501 100.3628
12.4503 100.5433
12.4512 100.6495
12.4520 100.3431
12.4529 100.2777
12.4531 100.5786
12.4542 100.5866
12.4557 100.3486
12.4567 100.3809
12.4573 100.5825
12.4574 100.6254
12.4582 100.5204
12.4583 100.2810
12.4594 100.5695
12.4598 100.6192
12.4603 100.6045
12.4605 100.4551
12.4608 100.3895
12.4610 100.6358
12.4614 100.6428
12.4624 100.3259
12.4626 100.4962
12.4642 100.6383
12.4645 100.3677
12.4645 100.5984
12.4651 100.2875
12.4668 100.2457
12.4681 100.6495
12.4693 100.6071
12.4696 100.5754
12.4700 100.3933
12.4707 100.6397
12.4720 100.6100
12.4723 100.5747
12.4724 100.5777
12.4727 100.6113
12.4730 100.5405
12.4743 100.6349
12.4745 100.6091
12.4758 100.6198
12.4772 100.5905
12.4785 100.5712
12.4794 100.5911
12.4798 100.3815
12.4801 100.5865
12.4803 100.6423
12.4804 100.5980
12.4830 100.5793
12.4836 100.7181
12.4837 100.5514
12.4840 100.4839
12.4848 100.6099
12.4855 100.4592
12.4855 100.5451
12.4874 100.3430
12.4874 100.6645
12.4887 100.5483
12.4887 100.5768
12.4888 100.5905
12.4890 100.5218
12.4890 100.6104
12.4891 100.6472
12.4892 100.5752
12.4893 100.6156
12.4900 100.6155
12.4902 100.3935
12.4909 100.5976
12.4917 100.4829
12.4925 100.5756
12.4932 100.5528
12.4932 100.5587
12.4933 100.5419
12.4933 100.5666
12.4936 100.5745
12.4941 100.5500
12.4941 100.5764
12.4947 100.6090
12.4970 100.6221
12.4975 100.5296
12.4977 100.5120
12.4978 100.6624
12.4992 100.5157
12.5000 100.5672
12.5006 100.5861
12.5010 100.5861
12.5011 100.5344
12.5015 100.5045
12.5031 100.5973
12.5034 100.6101
12.5039 100.5581
12.5040 100.5669
12.5052 100.5249
12.5055 100.6048
12.5062 100.5816
12.5068 100.4664
12.5075 100.5686
12.5076 100.6232
12.5084 100.6324
12.5086 100.5583
12.5086 100.5668
12.5106 100.6077
12.5113 100.5949
12.5118 100.3840
12.5119 100.6075
12.5120 100.5368
12.5121 100.5802
12.5125 100.5197
12.5126 100.5107
12.5150 100.6052
12.5162 100.6788
12.5169 100.5317
12.5170 100.6119
12.5172 100.5304
12.5177 100.5367
12.5184 100.5475
12.5184 100.6418
12.5189 100.6158
12.5200 100.6550
12.5211 100.5668
12.5212 100.6001
12.5221 100.5947
12.5238 100.5505
12.5239 100.5931
12.5239 100.6706
12.5241 100.7071
12.5243 100.5955
12.5254 100.6412
12.5262 100.5090
12.5263 100.6937
12.5264 100.6109
12.5271 100.5234
12.5271 100.5739
12.5272 100.6852
12.5274 100.5337
12.5274 100.6660
12.5276 100.5711
12.5276 100.5848
12.5276 100.5967
12.5282 100.4791
12.5284 100.6651
12.5305 100.5439
12.5309 100.4876
12.5310 100.6329
12.5312 100.5517
12.5313 100.6197
12.5329 100.6289
12.5332 100.5901
12.5336 100.6594
12.5339 100.5342
12.5341 100.5512
12.5343 100.7127
12.5352 100.5911
12.5369 100.5402
12.5379 100.6826
12.5382 100.5658
12.5382 100.5827
12.5391 100.6069
12.5394 100.6118
12.5395 100.5068
12.5399 100.6078
12.5401 100.5110
12.5402 100.5779
12.5403 100.6857
12.5404 100.5963
12.5407 100.4748
12.5407 100.5935
12.5408 100.5664
12.5419 100.5427
12.5420 100.5576
12.5427 100.5371
12.5433 100.5490
12.5444 100.6148
12.5445 100.5295
12.5446 100.5446
12.5462 100.5006
12.5465 100.5596
12.5480 100.5463
12.5491 100.5666
12.5491 100.5797
12.5493 100.5097
12.5496 100.4685
12.5499 100.4946
12.5525 100.6459
12.5526 100.5387
12.5530 100.5878
12.5540 100.5521
12.5548 100.5007
12.5557 100.4780
12.5568 100.6067
12.5577 100.5803
12.5582 100.6957
12.5584 100.5652
12.5592 100.5428
12.5603 100.5656
12.5603 100.5679
12.5607 100.4782
12.5613 100.5743
12.5628 100.6102
12.5641 100.5248
12.5646 100.5340
12.5647 100.5258
12.5657 100.5048
12.5660 100.5622
12.5663 100.6887
12.5672 100.4247
12.5672 100.5804
12.5674 100.5508
12.5688 100.6209
12.5690 100.6260
12.5699 100.5597
12.5702 100.5796
12.5723 100.6045
12.5734 100.5883
12.5735 100.6122
12.5741 100.5850
12.5744 100.5854
12.5746 100.6316
12.5757 100.5547
12.5759 100.5672
12.5783 100.6133
12.5788 100.5308
12.5831 100.2566
12.5854 100.5195
12.5859 100.5647
12.5861 100.5619
12.5861 100.6354
12.5868 100.5250
12.5874 100.6663
12.5906 100.4944
12.5913 100.6239
12.5922 100.5298
12.5931 100.5058
12.5949 100.5887
12.5970 100.5242
12.5974 100.5658
12.6026 100.5549
12.6036 100.5045
12.6085 100.5266
12.6242 100.4202
12.6242 100.5896
12.6257 100.4647
12.6276 100.5502
12.6329 100.5038
12.6343 100.6194
12.6410 100.3659
12.6416 100.4829
12.6488 100.5964
12.6489 100.6296
12.6499 100.5969
12.6543 100.5737
12.7477 100.4304
