92.4232 207.9020
92.4326 208.1278
92.4332 208.1280
92.4361 207.9858
92.4409 208.0362
92.4474 208.0745
92.4524 208.1187
92.4542 208.1393
92.4595 207.9690
92.4634 208.0461
92.4647 208.1055
92.4648 208.1350
92.4650 208.1551
92.4693 208.1155
92.4746 207.9684
92.4764 207.9412
92.4781 208.0153
92.4822 208.1395
92.4875 208.0793
92.4879 208.0330
92.4883 208.0167
92.4887 208.0380
92.4889 208.0930
92.4907 207.8667
92.4933 208.2450
92.4962 208.1349
92.4971 208.0099
92.4980 208.2109
92.4989 208.1625
92.4991 208.1016
92.5012 207.9871
92.5035 208.0548
92.5042 208.0987
92.5043 208.0121
92.5044 208.0154
92.5059 208.0784
92.5061 207.8611
92.5071 208.0843
92.5076 207.9737
92.5105 208.0420
92.5106 208.1032
92.5115 208.0554
92.5116 208.1752
92.5120 208.0817
92.5125 208.1131
92.5125 208.1463
92.5138 208.1300
92.5150 208.0843
92.5151 208.2416
92.5152 207.9176
92.5165 208.0259
92.5180 208.1932
92.5184 208.0813
92.5197 208.0439
92.5197 208.1718
92.5217 208.0885
92.5226 208.1280
92.5240 208.1613
92.5250 208.0747
92.5260 208.0916
92.5280 208.1170
92.5282 208.0947
92.5283 208.1066
92.5292 207.8968
92.5309 208.0041
92.5314 208.0703
92.5324 208.1166
92.5327 208.1312
92.5330 208.1434
92.5335 208.1683
92.5341 208.0203
92.5343 207.8149
92.5360 208.0211
92.5364 208.0116
92.5390 207.9729
92.5390 208.1293
92.5390 208.1460
92.5396 207.9579
92.5397 208.1590
92.5400 208.1458
92.5402 208.1089
92.5420 208.1358
92.5423 208.0079
92.5423 208.1500
92.5429 208.0724
92.5435 208.0689
92.5437 207.9149
92.5437 207.9572
92.5442 208.0307
92.5442 208.0622
92.5452 208.1229
92.5482 208.1588
92.5492 208.1508
92.5493 208.0670
92.5494 208.0850
92.5502 208.2178
92.5503 208.1417
92.5506 208.0394
92.5509 208.2101
92.5510 207.9954
92.5514 208.1610
92.5522 208.0463
92.5532 208.0922
92.5538 207.9342
92.5539 208.2283
92.5544 208.1002
92.5554 208.0766
92.5554 208.1172
92.5561 207.9762
92.5562 208.0427
92.5566 208.0804
92.5574 207.9041
92.5581 208.1971
92.5583 208.2303
92.5585 208.0763
92.5592 208.0721
92.5627 208.0692
92.5629 208.1090
92.5631 208.0781
92.5632 207.9588
92.5632 207.9911
92.5636 207.9945
92.5645 208.2149
92.5650 208.0663
92.5650 208.1525
92.5659 207.9957
92.5664 208.1815
92.5665 208.0861
92.5672 208.0147
92.5677 208.1378
92.5679 207.7143
92.5679 208.1879
92.5680 208.1809
92.5681 208.1139
92.5687 208.0350
92.5688 208.2012
92.5694 208.1051
92.5711 208.0524
92.5716 208.0351
92.5717 208.2193
92.5727 207.9506
92.5728 208.1359
92.5744 208.0865
92.5749 208.1371
92.5751 208.0187
92.5755 207.8897
92.5761 208.1858
92.5768 207.8307
92.5772 208.1563
92.5777 207.9644
92.5777 208.1810
92.5778 208.1496
92.5781 208.0005
92.5789 207.9872
92.5792 208.0972
92.5792 208.1665
92.5794 208.0600
92.5797 208.2843
92.5802 208.0890
92.5809 208.0446
92.5811 208.0523
92.5812 208.1870
92.5818 207.9835
92.5818 208.1133
92.5820 208.1135
92.5832 208.1107
92.5835 208.0940
92.5836 208.1948
92.5844 208.2568
92.5846 207.9381
92.5853 208.1026
92.5859 208.0773
92.5869 207.9646
92.5869 207.9949
92.5870 208.2697
92.5872 207.8956
92.5879 208.0425
92.5879 208.0730
92.5882 208.1614
92.5884 208.1917
92.5887 208.1041
92.5889 207.9866
92.5891 208.0714
92.5894 208.0903
92.5897 208.2265
92.5902 208.0455
92.5908 208.0965
92.5909 208.1043
92.5913 208.0989
92.5925 208.0041
92.5928 208.2340
92.5931 208.1620
92.5934 208.0562
92.5935 207.9921
92.5937 208.0200
92.5938 208.0092
92.5941 207.9998
92.5947 208.0224
92.5953 207.9794
92.5953 208.0436
92.5968 208.0929
92.5980 208.0367
92.5986 208.0268
92.5990 208.0275
92.6007 207.9353
92.6009 208.0573
92.6013 207.8087
92.6015 207.9434
92.6015 208.0910
92.6017 208.1214
92.6019 208.1066
92.6023 207.9259
92.6026 208.0251
92.6028 208.1232
92.6033 207.9501
92.6046 208.0204
92.6046 208.0695
92.6046 208.1720
92.6054 207.9487
92.6064 208.1062
92.6065 207.9418
92.6066 208.1122
92.6068 208.1526
92.6069 208.1344
92.6072 208.0941
92.6073 208.0546
92.6073 208.0724
92.6076 208.0684
92.6078 208.0398
92.6079 208.1637
92.6080 208.0559
92.6080 208.1800
92.6091 208.0519
92.6091 208.0600
92.6097 208.0494
92.6097 208.0877
92.6103 208.0932
92.6104 207.8898
92.6111 208.1936
92.6125 208.0981
92.6125 208.1768
92.6134 207.7172
92.6135 208.0446
92.6136 208.1309
92.6141 208.0698
92.6143 208.0395
92.6146 208.0319
92.6149 208.1237
92.6150 208.0966
92.6158 208.0543
92.6161 208.0752
92.6162 208.0971
92.6163 207.9853
92.6163 208.0105
92.6163 208.0446
92.6180 208.0965
92.6188 208.1313
92.6191 208.2196
92.6195 207.9795
92.6197 208.0419
92.6199 208.0984
92.6201 208.0762
92.6208 208.3085
92.6209 208.0834
92.6225 208.0940
92.6228 207.9415
92.6229 208.0550
92.6231 208.0794
92.6231 208.0916
92.6234 208.2747
92.6237 208.1295
92.6241 208.0226
92.6241 208.1515
92.6246 207.9497
92.6248 207.8890
92.6248 207.9932
92.6250 207.6812
92.6251 208.0653
92.6260 208.0135
92.6264 208.0453
92.6269 208.1742
92.6271 208.1585
92.6276 208.1059
92.6278 208.0976
92.6282 207.9492
92.6292 208.1711
92.6298 207.8585
92.6301 207.8149
92.6301 208.0854
92.6301 208.0968
92.6305 208.0483
92.6305 208.1404
92.6314 208.0152
92.6315 208.2067
92.6317 208.1294
92.6336 208.0366
92.6341 208.0715
92.6342 208.1421
92.6349 208.0710
92.6353 208.0428
92.6353 208.0716
92.6360 207.9551
92.6361 208.1238
92.6367 207.8094
92.6373 207.9539
92.6382 207.7020
92.6384 208.2530
92.6394 208.0956
92.6396 208.0418
92.6401 208.1384
92.6404 208.1581
92.6406 208.2778
92.6431 207.9178
92.6441 207.8367
92.6441 208.1995
92.6459 208.1488
92.6461 207.9689
92.6468 207.9143
92.6482 207.9697
92.6488 207.9093
92.6499 208.1920
92.6500 208.1078
92.6502 208.1070
92.6506 208.1456
92.6519 207.7985
92.6522 207.9665
92.6526 208.2767
92.6542 208.2265
92.6548 207.8630
92.6555 208.0697
92.6556 208.0398
92.6557 208.3396
92.6561 208.2621
92.6572 208.3340
92.6574 207.9477
92.6582 207.9260
92.6585 208.2042
92.6588 208.1331
92.6589 208.1995
92.6595 208.0920
92.6602 208.1502
92.6606 208.1624
92.6609 208.1317
92.6610 207.9463
92.6611 208.0358
92.6611 208.1892
92.6621 208.1443
92.6629 208.1140
92.6637 207.9709
92.6637 208.0597
92.6651 208.0133
92.6657 208.1153
92.6659 208.0407
92.6660 207.9063
92.6660 208.2660
92.6662 207.9789
92.6663 207.9519
92.6664 208.0190
92.6666 208.0151
92.6666 208.0515
92.6672 208.0581
92.6677 208.0831
92.6686 208.1775
92.6688 208.1365
92.6696 208.0549
92.6702 208.0314
92.6704 207.9896
92.6710 207.8492
92.6712 207.9953
92.6712 208.1424
92.6716 208.2139
92.6719 207.8864
92.6723 208.2203
92.6732 207.9371
92.6740 208.0664
92.6750 208.0448
92.6761 207.7400
92.6767 208.0493
92.6773 207.6781
92.6773 208.1257
92.6788 207.9907
92.6793 208.0899
92.6794 207.9950
92.6794 208.1789
92.6794 208.1891
92.6801 207.9244
92.6810 207.9460
92.6812 207.8862
92.6821 208.0037
92.6822 208.1802
92.6822 208.1988
92.6824 207.8421
92.6826 208.0226
92.6829 208.1295
92.6830 207.8865
92.6834 207.6475
92.6841 207.9939
92.6842 207.9912
92.6845 207.8772
92.6846 208.2012
92.6846 208.2491
92.6855 208.0302
92.6859 208.3192
92.6861 208.2668
92.6864 207.9529
92.6870 208.0614
92.6871 207.9821
92.6875 207.9902
92.6880 207.9374
92.6886 208.2388
92.6890 208.2467
92.6890 208.3066
92.6891 208.0910
92.6891 208.1530
92.6901 208.2307
92.6906 208.0374
92.6911 208.2529
92.6914 208.3260
92.6917 207.9666
92.6928 208.2507
92.6931 207.7704
92.6934 208.1113
92.6934 208.2990
92.6937 207.9540
92.6938 207.8428
92.6954 207.9116
92.6957 207.9384
92.6961 208.0279
92.6964 207.7187
92.6968 208.2339
92.6971 207.8475
92.6981 207.9638
92.6985 208.2194
92.6985 208.2889
92.6988 208.1794
92.6989 207.8956
92.6992 208.1151
92.6995 208.0464
92.6995 208.1430
92.6996 208.1345
92.6997 208.0723
92.6998 207.8437
92.7001 207.9489
92.7002 207.7454
92.7002 207.8797
92.7004 207.9643
92.7008 208.0199
92.7008 208.3657
92.7011 208.2324
92.7012 208.0148
92.7028 208.2914
92.7029 208.1313
92.7030 207.9705
92.7035 207.7978
92.7036 208.3092
92.7037 207.8042
92.7043 208.2347
92.7045 208.0582
92.7047 207.9608
92.7048 207.9700
92.7049 207.9224
92.7051 208.0823
92.7051 208.1676
92.7056 207.8300
92.7067 208.0682
92.7072 208.1610
92.7075 208.1356
92.7076 208.0364
92.7079 207.8493
92.7079 208.1670
92.7081 208.2271
92.7082 208.3342
92.7082 208.3612
92.7089 208.2296
92.7092 208.2929
92.7093 208.0295
92.7094 207.9714
92.7097 208.2892
92.7098 207.8915
92.7099 208.1580
92.7104 208.2568
92.7105 208.2655
92.7109 208.0447
92.7112 208.1789
92.7116 208.2567
92.7117 207.9524
92.7131 207.8593
92.7134 207.8180
92.7137 207.8441
92.7139 208.0331
92.7141 207.9601
92.7148 207.9112
92.7154 207.9478
92.7154 208.3026
92.7156 208.2681
92.7162 208.2469
92.7163 207.9131
92.7167 208.2559
92.7173 207.7234
92.7174 208.1086
92.7175 207.9223
92.7178 208.0795
92.7180 208.0147
92.7180 208.0713
92.7188 207.7728
92.7195 208.2418
92.7199 207.9639
92.7199 208.2927
92.7202 208.0629
92.7209 207.8555
92.7211 207.9711
92.7218 207.9370
92.7220 207.7447
92.7221 208.2743
92.7232 207.8584
92.7232 207.9222
92.7235 207.8456
92.7243 208.2296
92.7246 208.2722
92.7248 208.2481
92.7254 207.9171
92.7257 208.0153
92.7265 207.9291
92.7274 207.8678
92.7276 207.9470
92.7276 208.1813
92.7277 207.8406
92.7281 208.0352
92.7296 208.0804
92.7301 208.2869
92.7304 208.0360
92.7305 207.9837
92.7306 207.9853
92.7307 208.1966
92.7308 208.2666
92.7308 208.2743
92.7313 208.2056
92.7314 208.0005
92.7314 208.2725
92.7315 207.9519
92.7316 208.2252
92.7318 208.1989
92.7331 208.0583
92.7337 208.0279
92.7337 208.0475
92.7337 208.1567
92.7338 207.9189
92.7345 207.8163
92.7351 208.0750
92.7354 207.7007
92.7360 208.2028
92.7363 207.8244
92.7371 207.9116
92.7372 208.2591
92.7375 207.8978
92.7383 207.8623
92.7384 208.3562
92.7387 207.9193
92.7390 208.1806
92.7390 208.2456
92.7392 208.0133
92.7395 208.2635
92.7397 207.9259
92.7398 208.2140
92.7405 207.9190
92.7406 207.8361
92.7406 208.2071
92.7408 207.9734
92.7411 208.3262
92.7412 207.9823
92.7415 208.3173
92.7419 207.8910
92.7422 207.9708
92.7423 207.7871
92.7425 207.9676
92.7425 208.2356
92.7428 207.8927
92.7429 208.3102
92.7432 208.2546
92.7433 208.3569
92.7435 207.8903
92.7441 208.2114
92.7441 208.2949
92.7445 207.9171
92.7447 208.3421
92.7451 208.0127
92.7453 207.8895
92.7461 208.2370
92.7462 207.9791
92.7470 208.0397
92.7471 207.9630
92.7473 207.8516
92.7476 208.0681
92.7478 208.2876
92.7481 207.9765
92.7483 207.8908
92.7496 208.3404
92.7497 207.8411
92.7497 208.3022
92.7499 208.2260
92.7501 207.7442
92.7502 207.8579
92.7506 208.2390
92.7513 208.2663
92.7515 208.3896
92.7517 207.8274
92.7518 207.9738
92.7518 208.2970
92.7522 208.2082
92.7532 208.3150
92.7537 208.0076
92.7540 208.2492
92.7541 207.9183
92.7546 207.8344
92.7546 207.9513
92.7546 208.1222
92.7547 208.2325
92.7548 207.9033
92.7551 207.9719
92.7552 207.9309
92.7555 208.2786
92.7557 208.3383
92.7558 208.2813
92.7564 208.2788
92.7569 208.0291
92.7572 207.8226
92.7577 207.7793
92.7579 207.9388
92.7579 208.3926
92.7580 208.2523
92.7581 207.8297
92.7583 208.2145
92.7583 208.2675
92.7584 207.8937
92.7584 208.0099
92.7588 207.9338
92.7590 207.9086
92.7596 208.1688
92.7605 208.2702
92.7609 207.9564
92.7609 208.1830
92.7612 207.8912
92.7613 207.9922
92.7615 208.1187
92.7616 207.8524
92.7626 208.3112
92.7631 207.9572
92.7634 208.0835
92.7639 208.2504
92.7640 208.3441
92.7643 208.2202
92.7648 207.8609
92.7651 207.8000
92.7651 207.9255
92.7655 207.8428
92.7655 207.8476
92.7655 207.9977
92.7655 208.1598
92.7664 207.9982
92.7665 208.0488
92.7668 208.2355
92.7669 207.9409
92.7670 208.2987
92.7674 207.8643
92.7679 208.3051
92.7685 208.2559
92.7691 208.2422
92.7701 208.2367
92.7710 207.9215
92.7711 208.1831
92.7712 208.3239
92.7713 207.9617
92.7718 207.8778
92.7718 208.1929
92.7723 207.9331
92.7724 207.9537
92.7727 208.2681
92.7729 208.2921
92.7730 207.9138
92.7734 207.8999
92.7736 208.0593
92.7739 207.9183
92.7740 208.1762
92.7744 208.0783
92.7751 207.8044
92.7753 207.8768
92.7755 207.9361
92.7757 208.2742
92.7759 207.9439
92.7766 207.9465
92.7767 207.8373
92.7769 208.0071
92.7771 207.9976
92.7773 208.0444
92.7775 208.2319
92.7781 207.8870
92.7792 207.9689
92.7792 208.2013
92.7796 207.9117
92.7798 208.0160
92.7800 208.1280
92.7801 207.9345
92.7801 208.2037
92.7802 208.2831
92.7803 208.2537
92.7812 207.9679
92.7813 208.2912
92.7817 207.8852
92.7818 207.9713
92.7833 207.8991
92.7833 207.9444
92.7833 207.9698
92.7833 207.9728
92.7833 208.0556
92.7837 207.9041
92.7837 208.3554
92.7859 207.8763
92.7865 207.8045
92.7866 208.0235
92.7867 207.8332
92.7867 207.9023
92.7875 208.2337
92.7878 208.3516
92.7879 207.9702
92.7879 208.2651
92.7887 208.1664
92.7892 208.1957
92.7894 207.8366
92.7894 207.9747
92.7896 207.9799
92.7897 207.9437
92.7902 208.0025
92.7904 207.8866
92.7905 208.2517
92.7908 208.3398
92.7910 207.9153
92.7910 207.9821
92.7913 207.9431
92.7918 207.8604
92.7920 208.2455
92.7925 208.2608
92.7927 208.2177
92.7932 207.8495
92.7939 208.3040
92.7940 208.3052
92.7946 207.9345
92.7947 208.0265
92.7948 207.8896
92.7954 208.2764
92.7956 208.2608
92.7962 208.3564
92.7964 208.2739
92.7971 208.2097
92.7971 208.2370
92.7979 208.2313
92.7982 208.2858
92.7993 207.9897
92.7995 207.8723
92.7996 208.2428
92.7999 208.0831
92.8004 208.3324
92.8010 208.1057
92.8011 208.0085
92.8014 208.2851
92.8017 207.9261
92.8017 208.2482
92.8018 207.8147
92.8019 207.8940
92.8019 207.9431
92.8033 208.2417
92.8036 207.8624
92.8037 207.8301
92.8037 208.3327
92.8040 208.2794
92.8052 207.8923
92.8053 208.2086
92.8055 208.2665
92.8056 208.1638
92.8062 208.2554
92.8066 208.2768
92.8071 207.8985
92.8074 207.8247
92.8075 207.8800
92.8076 207.9901
92.8077 207.9323
92.8081 207.9062
92.8083 208.2936
92.8093 207.8815
92.8102 207.8814
92.8102 207.9600
92.8104 207.8565
92.8114 207.7833
92.8122 208.2453
92.8122 208.2566
92.8123 208.1898
92.8126 207.9904
92.8127 207.8501
92.8130 208.2077
92.8130 208.2959
92.8136 208.2330
92.8138 208.2128
92.8147 208.1837
92.8148 208.0443
92.8154 207.8434
92.8160 208.2483
92.8160 208.3071
92.8161 207.8746
92.8163 207.8163
92.8166 207.9494
92.8167 208.2008
92.8168 207.8503
92.8169 208.3325
92.8176 208.3034
92.8177 208.2849
92.8180 208.2641
92.8181 207.9367
92.8183 207.9097
92.8184 208.1666
92.8189 208.2857
92.8192 207.8983
92.8199 207.8001
92.8200 208.3030
92.8200 208.3142
92.8204 207.8315
92.8205 208.3049
92.8207 207.8743
92.8208 208.1015
92.8213 207.7956
92.8225 207.8790
92.8228 208.2247
92.8231 208.0195
92.8231 208.2760
92.8236 208.2632
92.8237 208.1535
92.8238 208.2402
92.8239 208.2419
92.8239 208.2633
92.8245 208.0165
92.8249 208.2200
92.8250 207.9665
92.8251 207.7734
92.8251 208.2383
92.8252 207.8473
92.8254 207.9862
92.8254 208.1087
92.8256 208.2716
92.8267 208.1553
92.8267 208.1626
92.8282 208.2092
92.8284 207.8672
92.8288 207.8191
92.8290 208.1980
92.8295 208.0304
92.8296 207.8074
92.8302 208.0592
92.8316 207.9229
92.8320 208.2458
92.8322 207.9983
92.8328 207.8406
92.8334 207.8332
92.8338 208.0129
92.8344 208.1983
92.8346 208.1904
92.8347 207.8421
92.8348 208.2737
92.8352 208.1246
92.8357 208.1968
92.8361 207.9486
92.8364 208.2149
92.8385 208.0598
92.8399 208.0437
92.8402 208.2239
92.8408 208.0674
92.8408 208.2150
92.8422 208.0255
92.8448 208.2666
92.8456 208.2862
92.8466 208.0692
92.8478 208.0154
92.8479 208.2920
92.8488 208.0349
92.8490 208.2748
92.8500 208.2322
92.8502 207.8606
92.8505 207.7656
92.8508 208.1110
92.8520 208.3144
92.8535 207.9843
92.8535 208.2507
92.8536 208.2205
92.8546 208.0705
92.8549 208.2252
92.8555 208.3047
92.8558 207.9965
92.8574 207.8659
92.8580 208.0986
92.8582 207.8708
92.8589 208.1443
92.8589 208.3298
92.8592 208.0456
92.8604 207.9941
92.8618 207.9714
92.8634 208.2901
92.8639 207.9046
92.8640 208.2891
92.8641 208.2373
92.8647 208.2496
92.8649 208.1688
92.8649 208.2399
92.8651 208.1758
92.8655 208.1249
92.8657 208.1442
92.8660 208.1986
92.8664 207.9121
92.8670 208.3900
92.8682 208.1824
92.8684 208.1091
92.8694 208.0405
92.8711 208.1374
92.8717 208.0384
92.8728 208.0240
92.8736 208.1882
92.8736 208.2908
92.8742 208.3326
92.8751 207.8663
92.8754 208.0842
92.8762 208.3372
92.8767 208.1857
92.8771 207.9488
92.8789 208.3342
92.8801 208.0667
92.8804 208.0726
92.8805 208.0724
92.8815 208.3442
92.8831 207.9341
92.8838 207.7480
92.8840 208.0555
92.8840 208.2074
92.8853 207.9877
92.8853 208.1090
92.8864 208.0900
92.8867 208.2042
92.8921 208.0412
92.8940 207.9843
92.8942 208.0101
92.8942 208.0682
92.8945 208.2771
92.8951 208.2568
92.8955 208.1167
92.8957 208.0660
92.8970 208.0105
92.8976 208.2781
92.8993 208.2803
92.8997 208.2054
92.9015 208.2456
92.9017 208.0687
92.9028 208.3242
92.9044 208.0635
92.9045 208.0655
92.9046 208.0832
92.9050 208.1390
92.9058 208.0416
92.9071 207.8199
92.9074 208.0961
92.9074 208.2981
92.9075 208.3573
92.9077 208.0009
92.9077 208.1849
92.9079 208.1773
92.9080 208.2826
92.9107 208.1083
92.9114 208.3336
92.9121 207.9342
92.9124 208.0939
92.9132 208.0921
92.9139 208.1298
92.9150 208.3424
92.9156 208.0195
92.9158 208.2625
92.9166 208.0889
92.9170 208.2637
92.9173 208.0579
92.9179 208.0312
92.9186 208.0690
92.9193 208.2383
92.9197 207.9648
92.9216 208.0245
92.9216 208.0275
92.9220 208.0498
92.9222 208.0452
92.9230 208.3434
92.9233 208.2827
92.9236 208.2363
92.9239 208.3530
92.9247 208.0903
92.9248 208.0377
92.9253 208.0043
92.9255 208.0449
92.9265 208.0646
92.9272 207.9676
92.9273 208.0564
92.9275 208.0166
92.9295 208.0691
92.9296 208.0595
92.9298 208.2958
92.9301 208.0347
92.9330 208.0922
92.9340 208.0254
92.9356 208.0674
92.9370 208.0531
92.9377 208.0960
92.9383 208.0467
92.9390 208.0763
92.9391 208.1301
92.9393 208.0495
92.9408 208.2530
92.9410 208.0099
92.9417 208.1848
92.9418 208.0131
92.9419 208.2946
92.9435 207.9851
92.9437 208.0369
92.9445 208.1091
92.9448 208.0584
92.9452 207.9588
92.9458 208.0889
92.9466 208.0636
92.9469 208.0156
92.9480 208.0420
92.9485 208.0263
92.9492 208.3475
92.9494 207.9748
92.9498 208.0736
92.9501 208.0961
92.9504 208.1747
92.9510 208.3382
92.9513 208.0293
92.9516 208.0670
92.9516 208.0835
92.9516 208.1903
92.9520 208.2671
92.9523 208.0615
92.9541 208.1094
92.9551 208.1392
92.9557 208.0794
92.9569 208.1352
92.9570 208.0041
92.9571 208.0568
92.9576 207.9755
92.9592 208.1993
92.9597 207.9216
92.9598 208.1382
92.9605 207.9928
92.9610 208.0522
92.9617 208.0026
92.9622 208.0552
92.9630 208.0042
92.9630 208.0998
92.9638 208.0867
92.9642 208.1181
92.9646 208.0607
92.9656 208.1635
92.9658 207.9806
92.9672 208.0361
92.9676 208.0771
92.9678 207.9763
92.9679 207.9753
92.9679 208.1066
92.9680 208.3426
92.9691 208.0305
92.9693 208.0861
92.9698 208.0564
92.9703 208.0551
92.9703 208.1143
92.9707 208.0594
92.9708 208.0932
92.9716 208.2011
92.9718 208.0063
92.9718 208.0341
92.9719 208.0579
92.9722 207.9352
92.9724 208.0702
92.9727 208.2387
92.9728 207.9647
92.9736 208.0666
92.9744 207.9702
92.9744 208.1106
92.9746 208.0232
92.9748 207.9456
92.9751 208.0033
92.9751 208.2618
92.9756 208.0635
92.9761 208.0161
92.9767 207.9829
92.9767 208.0693
92.9772 208.0111
92.9772 208.0573
92.9774 208.0493
92.9787 208.1019
92.9793 208.0145
92.9797 208.0534
92.9805 208.0002
92.9810 207.9380
92.9819 208.1107
92.9826 208.1673
92.9829 208.0220
92.9832 208.0323
92.9836 207.9789
92.9839 208.3552
92.9841 208.1681
92.9851 208.0712
92.9856 208.1583
92.9859 208.0599
92.9862 208.0062
92.9862 208.1047
92.9862 208.1155
92.9863 207.9890
92.9869 208.0015
92.9875 208.0244
92.9875 208.0877
92.9875 208.2595
92.9885 208.1794
92.9886 208.0204
92.9908 208.1169
92.9915 208.0917
92.9920 208.0320
92.9923 208.1246
92.9930 208.0193
92.9932 208.1030
92.9933 207.9714
92.9939 207.9722
92.9942 208.0515
92.9945 208.1053
92.9948 208.0636
92.9949 208.0708
92.9951 208.0358
92.9962 208.0440
92.9974 208.0823
92.9976 208.0321
92.9993 208.0504
92.9995 208.0659
93.0004 208.1086
93.0007 208.1010
93.0015 208.1068
93.0023 208.1359
93.0040 208.0456
93.0041 208.1147
93.0043 208.2178
93.0054 208.0081
93.0058 208.0500
93.0068 208.0515
93.0075 208.2506
93.0080 207.9155
93.0081 208.1119
93.0082 208.0336
93.0082 208.0506
93.0109 208.2943
93.0115 208.0221
93.0123 208.0462
93.0124 207.9033
93.0125 208.0031
93.0130 208.2748
93.0150 207.9283
93.0156 208.2335
93.0157 208.0127
93.0159 208.0031
93.0160 208.2130
93.0177 208.0508
93.0182 208.0135
93.0199 208.0531
93.0209 208.0772
93.0210 208.0805
93.0239 208.0293
93.0247 207.9920
93.0263 208.0531
93.0265 208.0751
93.0270 208.0282
93.0273 208.0496
93.0274 208.1424
93.0275 208.0664
93.0279 208.1413
93.0283 208.0347
93.0291 208.1318
93.0310 208.2126
93.0323 208.1396
93.0329 208.2728
93.0346 208.0475
93.0356 208.0856
93.0366 207.9999
93.0366 208.0557
93.0384 207.9943
93.0403 208.1045
93.0404 207.9812
93.0472 207.8275
93.0475 208.0556
93.0479 208.0868
93.0547 208.1575
93.0583 208.1320
93.0584 208.0671
93.0598 208.0790
93.0612 207.9704
93.0620 208.0167
93.0621 208.1180
93.0627 208.0013
93.0631 208.0470
93.0634 207.9959
93.0656 208.0370
93.0660 208.1941
93.0747 208.0584
93.0786 208.0853
93.0822 208.0455
93.0833 208.0318
93.0950 207.9689
93.0976 208.0437
93.1015 208.0042
93.1084 208.0408
93.1302 208.0022
93.1396 208.1893
