90.2441 32.8135
90.2470 32.6996
90.2799 32.7195
90.2862 32.7093
90.2935 32.9059
90.2962 32.7966
90.3005 32.6893
90.3063 32.7210
90.3168 33.0795
90.3211 32.8940
90.3242 32.8441
90.3270 32.5271
90.3320 32.8018
90.3366 32.5366
90.3384 32.8715
90.3386 32.8943
90.3391 32.8589
90.3445 32.5166
90.3459 32.8916
90.3501 32.7956
90.3580 32.9529
90.3610 32.5984
90.3612 32.6704
90.3613 32.9142
90.3631 32.9202
90.3652 33.0172
90.3678 32.8134
90.3703 32.8378
90.3730 32.7260
90.3770 32.8141
90.3803 32.9178
90.3817 32.8503
90.3851 32.9543
90.3861 32.8212
90.3869 32.6133
90.3873 32.8515
90.3888 32.8521
90.3903 32.8156
90.3903 33.0206
90.3919 32.9021
90.3956 32.7576
90.3991 32.9548
90.3995 33.0304
90.4003 32.6635
90.4008 32.7718
90.4021 32.8942
90.4023 32.8915
90.4042 32.9260
90.4065 32.9425
90.4081 32.8257
90.4105 32.9215
90.4120 32.9813
90.4133 32.8817
90.4161 32.6612
90.4197 32.8720
90.4205 32.9568
90.4214 32.6242
90.4223 32.7076
90.4243 32.5710
90.4246 32.8843
90.4249 33.0165
90.4287 32.8799
90.4300 32.9839
90.4322 32.8978
90.4334 32.9452
90.4370 32.8061
90.4385 32.8612
90.4387 32.8302
90.4387 32.9182
90.4391 32.7620
90.4409 32.9543
90.4431 32.9187
90.4439 32.9413
90.4454 32.8749
90.4484 32.8786
90.4487 32.9517
90.4488 32.8567
90.4496 32.9547
90.4499 32.9095
90.4516 32.7164
90.4518 32.8217
90.4521 32.9956
90.4524 32.7737
90.4540 32.9146
90.4541 32.9652
90.4546 32.9288
90.4562 32.8214
90.4582 32.8696
90.4592 32.9604
90.4596 32.8947
90.4610 32.8693
90.4615 32.9951
90.4616 32.7023
90.4616 32.9518
90.4622 32.7342
90.4624 32.6179
90.4625 32.5055
90.4636 32.7192
90.4643 32.7197
90.4658 32.8975
90.4666 32.6726
90.4681 32.7839
90.4682 32.8979
90.4721 32.6444
90.4725 32.9710
90.4740 32.7413
90.4745 32.6583
90.4748 32.9667
90.4752 32.8980
90.4752 32.9779
90.4760 32.6356
90.4762 32.7986
90.4763 33.0132
90.4771 32.6235
90.4772 32.8654
90.4779 32.6619
90.4780 32.9818
90.4781 32.7504
90.4784 32.6333
90.4797 32.8693
90.4797 32.8806
90.4798 32.6081
90.4807 32.9338
90.4815 32.7139
90.4829 32.5214
90.4833 32.9370
90.4840 32.9344
90.4844 32.6269
90.4870 32.6450
90.4882 32.7302
90.4890 32.7851
90.4900 32.7115
90.4900 33.0278
90.4908 32.8156
90.4911 32.4344
90.4911 32.6682
90.4915 32.9839
90.4916 32.9229
90.4920 32.7727
90.4925 32.7696
90.4940 32.6910
90.4964 32.6630
90.4969 32.7529
90.4974 32.9360
90.4979 32.6471
90.4990 32.9076
90.5007 32.9005
90.5015 32.6918
90.5037 32.6115
90.5053 32.9787
90.5055 32.9816
90.5064 32.6950
90.5065 32.9617
90.5073 32.6072
90.5074 32.6388
90.5074 32.6821
90.5075 32.7039
90.5076 32.9414
90.5079 32.8945
90.5082 32.7326
90.5095 32.7675
90.5096 32.5580
90.5099 32.7101
90.5105 32.9179
90.5107 32.6156
90.5107 32.9076
90.5112 32.7589
90.5116 32.6468
90.5127 32.5746
90.5133 32.5720
90.5145 32.7193
90.5157 32.7005
90.5171 32.8503
90.5179 33.0530
90.5183 32.6461
90.5194 32.6730
90.5197 32.6695
90.5204 32.8071
90.5205 32.8841
90.5208 32.7050
90.5225 32.6157
90.5225 32.9092
90.5230 32.6531
90.5230 32.9432
90.5237 33.0228
90.5240 32.6147
90.5242 32.5904
90.5254 32.6680
90.5262 32.9591
90.5281 32.6701
90.5282 32.5369
90.5285 32.6935
90.5289 32.5440
90.5293 32.5959
90.5295 32.6488
90.5297 32.6766
90.5300 32.6872
90.5304 32.4763
90.5304 32.6790
90.5319 32.6730
90.5334 32.7237
90.5344 32.6700
90.5353 32.6671
90.5355 32.6267
90.5357 32.6738
90.5358 32.8395
90.5362 32.6483
90.5366 32.6818
90.5373 32.6181
90.5389 32.6784
90.5389 32.6993
90.5394 32.6042
90.5403 32.5039
90.5408 32.7397
90.5412 32.6732
90.5415 32.9021
90.5415 33.0919
90.5418 32.7474
90.5453 32.6831
90.5463 32.8714
90.5464 32.6775
90.5466 32.7711
90.5472 32.6999
90.5488 32.6429
90.5499 32.6362
90.5501 32.6907
90.5513 32.6865
90.5516 32.6382
90.5521 32.6725
90.5522 32.9838
90.5523 32.9889
90.5538 32.6785
90.5538 32.7200
90.5550 32.7255
90.5558 33.0187
90.5561 32.7335
90.5574 32.6692
90.5575 32.8151
90.5584 32.7220
90.5591 32.7370
90.5593 32.7290
90.5598 32.5684
90.5606 33.0048
90.5622 32.9414
90.5640 32.4718
90.5652 32.6529
90.5672 32.6614
90.5672 32.7113
90.5685 32.6754
90.5688 32.6670
90.5695 32.6867
90.5698 33.0496
90.5703 32.6613
90.5733 33.0368
90.5741 32.8857
90.5742 32.6864
90.5746 32.6550
90.5756 32.6166
90.5766 32.9606
90.5801 32.8625
90.5817 32.9815
90.5835 32.7189
90.5849 32.5659
90.5853 32.5870
90.5868 33.0112
90.5869 32.6480
90.5882 32.6981
90.5891 32.6613
90.5892 32.6637
90.5894 32.7070
90.5894 32.9514
90.5897 32.9826
90.5899 32.6311
90.5910 32.6798
90.5923 32.9957
90.5928 32.6498
90.5950 32.6819
90.5957 32.6647
90.5974 32.9978
90.6030 32.6409
90.6030 32.9646
90.6032 32.9436
90.6046 32.6621
90.6066 32.6012
90.6068 32.9385
90.6069 32.5150
90.6102 32.5854
90.6114 32.9960
90.6116 32.5908
90.6148 32.5674
90.6150 32.6848
90.6158 32.9527
90.6168 32.5739
90.6170 32.6980
90.6170 32.9709
90.6171 32.6045
90.6179 33.0044
90.6191 33.0484
90.6194 32.9773
90.6200 32.6843
90.6203 32.9558
90.6215 32.5763
90.6227 33.0323
90.6238 32.6703
90.6259 33.0077
90.6260 32.6016
90.6261 33.0011
90.6281 32.9215
90.6301 32.5592
90.6306 32.6147
90.6309 32.6829
90.6319 32.9123
90.6321 32.8013
90.6337 32.5864
90.6338 32.9976
90.6341 33.0390
90.6346 33.0646
90.6353 33.0155
90.6363 32.9787
90.6366 32.9792
90.6368 32.5844
90.6370 32.5882
90.6376 32.5693
90.6377 32.5669
90.6386 32.4542
90.6393 32.9823
90.6406 32.9744
90.6412 32.6884
90.6421 32.6677
90.6424 32.9737
90.6446 32.5886
90.6446 33.0812
90.6454 32.5956
90.6468 33.0391
90.6470 32.6278
90.6472 33.0340
90.6493 32.9340
90.6505 32.8867
90.6506 32.9962
90.6512 33.0026
90.6514 32.5323
90.6516 33.0212
90.6521 32.6657
90.6525 33.0079
90.6528 32.9535
90.6538 32.5707
90.6539 32.9961
90.6543 33.0278
90.6544 33.0091
90.6550 33.0603
90.6556 32.8922
90.6567 32.5801
90.6578 33.0394
90.6580 33.0539
90.6583 33.0114
90.6584 32.9102
90.6590 32.9649
90.6595 32.7313
90.6595 32.9319
90.6596 32.9980
90.6608 32.9411
90.6613 32.7254
90.6614 32.5438
90.6621 32.5795
90.6621 32.7098
90.6627 33.0761
90.6629 32.7427
90.6635 32.9575
90.6638 32.7159
90.6640 32.9649
90.6642 33.0271
90.6645 32.6582
90.6650 32.9446
90.6652 33.0669
90.6656 33.0113
90.6663 32.9725
90.6670 32.7396
90.6672 32.6594
90.6673 33.0187
90.6674 32.9777
90.6680 32.9248
90.6681 33.0423
90.6682 32.9984
90.6691 32.8884
90.6699 32.5231
90.6702 33.0377
90.6704 32.9645
90.6704 32.9917
90.6709 32.4464
90.6711 32.9955
90.6713 32.5694
90.6716 32.7290
90.6718 32.7152
90.6718 32.9591
90.6719 33.0146
90.6731 32.9807
90.6738 32.7666
90.6747 32.9397
90.6751 33.0320
90.6759 32.9415
90.6763 33.0001
90.6764 32.6728
90.6766 33.0449
90.6768 32.9610
90.6770 32.9690
90.6774 32.6512
90.6774 33.0365
90.6775 33.0601
90.6776 32.9683
90.6776 32.9883
90.6782 33.0198
90.6785 32.6658
90.6785 33.0576
90.6786 33.0209
90.6787 33.0339
90.6790 33.0031
90.6796 32.9921
90.6803 33.0649
90.6807 33.0615
90.6809 32.6996
90.6810 32.6785
90.6811 32.9278
90.6812 32.9715
90.6812 33.0177
90.6813 32.7853
90.6814 32.9306
90.6820 33.0098
90.6831 33.0094
90.6845 32.9079
90.6847 33.0272
90.6849 33.0463
90.6855 32.7298
90.6861 33.0054
90.6869 32.8965
90.6878 32.7823
90.6878 33.0816
90.6884 32.8665
90.6887 32.9158
90.6888 32.9855
90.6891 32.9223
90.6895 32.5854
90.6895 32.9789
90.6895 33.0206
90.6905 32.9749
90.6908 32.9984
90.6909 32.9933
90.6912 32.9374
90.6918 32.6125
90.6920 32.6868
90.6924 32.9879
90.6934 32.7905
90.6934 32.8372
90.6938 33.0255
90.6939 32.6720
90.6939 32.7279
90.6939 32.8078
90.6942 33.0139
90.6944 32.9828
90.6944 32.9859
90.6948 32.8799
90.6958 32.9596
90.6960 32.9986
90.6965 32.6838
90.6974 32.6712
90.6976 32.7083
90.6977 32.7392
90.6982 33.0758
90.6987 33.0220
90.6993 32.7225
90.6997 32.9897
90.7003 33.0747
90.7014 32.6005
90.7016 32.7032
90.7018 32.7154
90.7018 32.8059
90.7019 32.6935
90.7021 32.9627
90.7022 32.7007
90.7024 33.0874
90.7027 32.6395
90.7031 32.9657
90.7041 32.6116
90.7043 33.0043
90.7045 32.7228
90.7046 32.7581
90.7046 33.0193
90.7052 33.0694
90.7053 32.9621
90.7054 32.8536
90.7054 33.0837
90.7055 32.7715
90.7058 32.7282
90.7061 33.0123
90.7076 32.4780
90.7079 33.0392
90.7083 32.6740
90.7084 32.9780
90.7101 32.6767
90.7105 32.7405
90.7107 32.6940
90.7108 32.9916
90.7109 33.0096
90.7113 32.9501
90.7116 32.6661
90.7118 32.9824
90.7120 32.7168
90.7131 33.0030
90.7132 32.8728
90.7133 32.7322
90.7139 32.6973
90.7141 32.7391
90.7143 32.9532
90.7144 32.7156
90.7145 32.9491
90.7146 32.7067
90.7146 33.0320
90.7147 32.6858
90.7148 32.7677
90.7153 32.9280
90.7161 32.7055
90.7163 33.0443
90.7166 32.7202
90.7167 32.7522
90.7174 33.0398
90.7176 32.9943
90.7177 32.9479
90.7178 32.9618
90.7179 32.6583
90.7185 32.9142
90.7192 32.7323
90.7194 32.6766
90.7194 32.7205
90.7194 32.7454
90.7198 33.1105
90.7201 33.0540
90.7206 32.4317
90.7210 33.0235
90.7212 32.6443
90.7220 32.7461
90.7220 32.9979
90.7221 33.0148
90.7222 32.7162
90.7224 33.0342
90.7227 33.0052
90.7228 32.6311
90.7228 32.7484
90.7235 33.0101
90.7241 32.7164
90.7243 32.7636
90.7243 33.0328
90.7245 33.0064
90.7247 33.0312
90.7248 32.6820
90.7252 33.0348
90.7260 32.7263
90.7264 32.9894
90.7267 32.7244
90.7270 33.0060
90.7273 32.8605
90.7279 32.7105
90.7284 32.7250
90.7293 32.7364
90.7298 32.7378
90.7303 33.0221
90.7307 32.7242
90.7310 32.5085
90.7312 32.6926
90.7314 32.9014
90.7318 32.6842
90.7318 32.6931
90.7319 32.8177
90.7319 33.0427
90.7320 32.6343
90.7322 32.7373
90.7327 33.0288
90.7329 33.0055
90.7329 33.0304
90.7331 32.5343
90.7331 32.6241
90.7335 32.6777
90.7336 33.0029
90.7343 32.7769
90.7351 32.7793
90.7353 33.0569
90.7355 32.7773
90.7357 32.5900
90.7358 32.7339
90.7364 32.7073
90.7365 32.7952
90.7367 32.6679
90.7367 32.7016
90.7370 32.7324
90.7373 32.7439
90.7374 32.6939
90.7374 32.7442
90.7380 32.7106
90.7383 32.7113
90.7383 32.7157
90.7387 32.7052
90.7401 32.6700
90.7402 32.7493
90.7409 32.6733
90.7410 33.0079
90.7413 33.0492
90.7420 32.9827
90.7424 32.9472
90.7426 32.7370
90.7427 32.7120
90.7427 32.7788
90.7429 32.6683
90.7435 32.6910
90.7435 32.7232
90.7440 32.8212
90.7442 32.7136
90.7447 33.0059
90.7449 33.0182
90.7454 32.6964
90.7457 32.7361
90.7458 32.7384
90.7459 32.9337
90.7462 32.7498
90.7468 32.7779
90.7472 32.9284
90.7474 32.6963
90.7475 32.7435
90.7482 32.9993
90.7488 32.7489
90.7488 33.0057
90.7494 32.6977
90.7495 32.7484
90.7497 33.0528
90.7500 32.7227
90.7521 32.7399
90.7522 32.8205
90.7527 32.5812
90.7530 32.6786
90.7532 32.7081
90.7534 32.8172
90.7536 32.6620
90.7536 32.7394
90.7536 32.8398
90.7546 33.0820
90.7551 32.6366
90.7555 32.9862
90.7556 32.7414
90.7566 32.9772
90.7569 33.0733
90.7570 32.7073
90.7570 32.7540
90.7571 32.7212
90.7572 33.0646
90.7575 32.8838
90.7576 32.7727
90.7579 32.7326
90.7587 32.7832
90.7589 32.7796
90.7590 32.7240
90.7591 32.6424
90.7593 32.7340
90.7595 32.7339
90.7599 33.0074
90.7602 32.7324
90.7604 32.9722
90.7611 32.7805
90.7612 32.8052
90.7624 32.7943
90.7625 32.7746
90.7637 32.7583
90.7639 32.6611
90.7643 32.7026
90.7645 32.6810
90.7651 32.7118
90.7652 32.7810
90.7663 32.7657
90.7666 32.7408
90.7668 32.7411
90.7668 32.7565
90.7688 32.7208
90.7688 32.7706
90.7692 32.7633
90.7693 32.7042
90.7694 32.7223
90.7701 32.6703
90.7701 32.7805
90.7705 32.7410
90.7725 32.7067
90.7726 32.7703
90.7730 32.7220
90.7732 32.7736
90.7745 32.6775
90.7747 32.7789
90.7755 32.7677
90.7762 32.7275
90.7762 32.7989
90.7766 32.7314
90.7775 32.7864
90.7775 32.7933
90.7777 32.6604
90.7779 32.6969
90.7786 32.6238
90.7786 32.9527
90.7792 32.6902
90.7797 32.7397
90.7801 32.6649
90.7808 32.7507
90.7814 32.7026
90.7819 32.6575
90.7829 32.8034
90.7831 32.6601
90.7833 32.7192
90.7836 32.7616
90.7839 32.7260
90.7841 32.7844
90.7844 32.7147
90.7856 32.8049
90.7857 32.6158
90.7858 32.6361
90.7864 32.7230
90.7874 32.5821
90.7875 32.7011
90.7875 32.7613
90.7875 33.1062
90.7893 32.7265
90.7895 32.7402
90.7908 32.8256
90.7914 32.7240
90.7927 32.7091
90.7929 32.7862
90.7951 32.7346
90.7957 32.7294
90.7968 32.7404
90.7975 32.7603
90.7982 32.6737
90.7983 32.8072
90.7999 32.7006
90.8001 32.7014
90.8013 32.7428
90.8014 32.8093
90.8016 32.7791
90.8020 32.7954
90.8028 32.7653
90.8036 32.7100
90.8049 32.5968
90.8064 32.6462
90.8075 32.6506
90.8094 32.7190
90.8107 32.7041
90.8109 32.7372
90.8119 32.6333
90.8124 32.7037
90.8127 32.6286
90.8131 32.6787
90.8134 32.7414
90.8143 32.7310
90.8160 32.6630
90.8188 32.6581
90.8195 32.7720
90.8213 32.8069
90.8227 32.7415
90.8256 32.8485
90.8304 32.7527
90.8311 32.8513
90.8314 32.8263
90.8317 32.7027
90.8336 32.7541
90.8339 32.7808
90.8356 32.8713
90.8382 32.7886
90.8399 32.6449
90.8426 32.6702
90.8487 32.7455
90.8530 32.7250
90.8610 32.6061
90.8649 32.7484
90.8671 32.6461
90.8678 32.6768
90.8830 32.5483
90.9190 32.7000
