126.8309 133.9388
126.8390 133.8849
126.8500 133.8701
126.8714 133.9005
126.8755 133.7587
126.8994 133.8147
126.9196 134.1257
126.9250 133.8067
126.9270 133.8347
126.9387 133.7491
126.9789 133.7592
126.9803 133.8576
126.9811 133.8494
126.9821 133.8466
126.9828 133.9007
126.9848 133.9140
126.9867 133.9454
126.9893 133.9615
126.9913 134.0542
126.9999 133.8181
127.0005 133.9453
127.0006 133.8896
127.0074 133.8528
127.0099 133.8824
127.0119 133.8544
127.0123 133.7682
127.0135 133.7053
127.0175 133.9104
127.0193 133.7906
127.0197 133.8846
127.0201 133.8449
127.0203 133.5735
127.0218 133.9792
127.0236 133.9092
127.0253 133.8633
127.0258 133.6152
127.0272 133.8726
127.0272 133.8844
127.0275 133.9108
127.0302 133.8856
127.0306 133.8309
127.0321 133.9575
127.0338 133.8498
127.0338 133.9184
127.0349 133.8525
127.0354 133.9661
127.0364 133.9021
127.0366 133.9274
127.0384 133.8433
127.0391 133.8857
127.0393 133.8144
127.0404 133.8996
127.0410 133.8622
127.0411 133.8920
127.0414 133.9433
127.0415 133.8901
127.0423 133.9430
127.0426 133.9283
127.0428 133.8992
127.0437 133.8666
127.0444 133.9021
127.0445 133.9541
127.0462 133.8958
127.0479 133.8311
127.0481 133.9232
127.0482 133.8644
127.0486 133.8567
127.0486 133.8661
127.0486 133.8781
127.0522 133.9692
127.0532 133.8089
127.0540 133.9836
127.0545 134.0206
127.0560 133.8234
127.0570 133.9716
127.0573 134.1502
127.0576 134.0246
127.0621 133.8355
127.0629 133.8990
127.0633 133.9342
127.0636 133.7063
127.0640 133.8998
127.0648 133.9511
127.0657 133.8243
127.0661 133.9406
127.0669 133.8447
127.0671 133.8899
127.0676 133.9054
127.0685 133.8746
127.0686 133.8733
127.0691 133.8156
127.0698 133.9159
127.0707 133.9126
127.0708 133.9423
127.0718 133.8937
127.0726 134.1718
127.0727 133.7961
127.0727 133.9509
127.0736 134.0363
127.0746 133.8862
127.0748 133.8606
127.0753 133.9592
127.0755 133.8015
127.0756 133.8729
127.0761 133.7826
127.0762 133.8856
127.0774 133.8923
127.0775 133.8152
127.0781 133.8321
127.0782 133.8911
127.0785 133.9361
127.0797 133.7049
127.0797 133.8899
127.0802 133.9149
127.0803 133.7919
127.0807 134.0290
127.0826 133.8261
127.0828 133.8826
127.0828 133.9524
127.0833 133.7197
127.0842 133.7720
127.0847 133.8278
127.0856 133.8703
127.0857 133.8580
127.0862 133.8952
127.0862 133.9094
127.0868 134.0221
127.0881 133.8773
127.0884 133.9692
127.0886 133.9404
127.0886 133.9509
127.0894 134.0493
127.0914 133.9730
127.0917 133.8940
127.0917 133.9072
127.0925 133.8976
127.0932 133.9778
127.0947 133.9786
127.0956 134.0166
127.0962 133.9683
127.0972 133.9059
127.0972 133.9264
127.0998 133.8726
127.1009 133.6850
127.1018 133.9696
127.1022 133.8513
127.1023 133.9353
127.1034 133.9637
127.1039 133.9040
127.1049 133.9573
127.1050 133.8235
127.1062 133.9213
127.1062 133.9508
127.1068 133.9653
127.1075 133.7670
127.1080 133.9609
127.1088 134.0276
127.1100 133.9268
127.1101 133.8438
127.1104 133.8721
127.1104 133.9650
127.1125 133.7280
127.1127 133.9654
127.1134 133.6529
127.1140 133.9300
127.1140 133.9572
127.1159 133.9422
127.1162 133.8182
127.1166 133.8921
127.1171 134.0040
127.1183 133.9164
127.1189 133.8410
127.1195 133.8943
127.1196 134.0602
127.1206 133.8652
127.1208 133.8282
127.1211 134.0355
127.1229 133.8899
127.1231 133.6825
127.1234 133.7601
127.1237 133.8635
127.1237 133.9224
127.1244 133.9129
127.1251 133.8751
127.1253 133.9282
127.1255 133.9029
127.1258 133.8873
127.1260 133.9666
127.1265 133.8218
127.1265 134.0093
127.1278 133.9784
127.1281 133.9701
127.1283 133.8130
127.1286 134.0709
127.1292 133.9634
127.1293 133.9628
127.1306 133.9156
127.1308 133.8071
127.1316 133.9015
127.1323 133.8810
127.1326 133.7835
127.1348 133.8344
127.1358 134.0630
127.1360 133.8478
127.1366 133.9027
127.1368 133.6274
127.1375 133.9128
127.1383 133.9398
127.1384 134.0329
127.1398 134.0328
127.1432 133.7738
127.1435 133.6452
127.1445 133.9617
127.1450 133.5635
127.1458 133.9875
127.1469 133.9086
127.1470 133.9328
127.1475 133.9048
127.1501 134.0491
127.1544 133.6117
127.1562 133.8022
127.1564 133.6817
127.1580 134.0151
127.1594 133.9421
127.1594 134.0162
127.1596 133.6526
127.1609 133.7034
127.1611 133.9869
127.1625 133.9401
127.1627 133.6970
127.1634 133.7658
127.1642 133.5809
127.1652 133.7742
127.1661 133.6965
127.1673 134.0930
127.1683 134.0052
127.1694 134.0726
127.1700 133.9367
127.1725 134.0706
127.1728 133.9566
127.1753 133.6873
127.1778 133.7126
127.1778 133.7235
127.1782 133.6606
127.1794 133.5181
127.1794 133.6966
127.1799 133.7798
127.1813 133.8345
127.1823 133.6640
127.1830 133.6508
127.1838 133.8060
127.1868 133.6978
127.1878 133.6523
127.1885 134.0674
127.1886 133.7108
127.1890 134.0149
127.1892 133.7960
127.1894 133.7154
127.1903 133.6795
127.1906 134.0154
127.1932 133.8217
127.1938 133.6326
127.1948 133.6628
127.1956 134.0855
127.1977 133.7357
127.1981 133.6284
127.1982 133.9518
127.2014 133.7645
127.2019 133.7184
127.2037 133.6329
127.2048 133.7282
127.2051 133.6914
127.2060 133.7233
127.2061 134.0368
127.2066 133.6939
127.2066 133.7671
127.2076 133.8225
127.2101 133.7498
127.2112 133.8390
127.2112 134.0732
127.2117 134.0436
127.2134 134.0212
127.2143 133.7510
127.2151 134.0191
127.2158 133.6913
127.2181 133.6725
127.2193 134.0337
127.2200 134.0209
127.2209 133.7634
127.2213 134.0105
127.2224 133.6680
127.2228 133.6517
127.2229 134.0543
127.2242 133.6479
127.2262 133.6984
127.2270 134.0120
127.2278 133.8056
127.2279 133.6831
127.2284 133.7639
127.2295 134.0222
127.2299 133.6955
127.2304 133.6498
127.2305 133.6962
127.2307 133.6723
127.2307 134.0562
127.2308 133.6743
127.2310 134.0440
127.2315 133.8359
127.2332 133.8246
127.2340 134.0631
127.2345 133.9645
127.2346 134.0109
127.2347 133.7393
127.2363 133.9606
127.2372 133.8072
127.2391 133.8789
127.2395 133.7298
127.2407 133.7250
127.2425 134.0524
127.2427 133.9636
127.2428 134.0586
127.2430 133.8394
127.2433 133.7393
127.2443 133.5701
127.2456 133.6687
127.2458 134.0184
127.2460 133.9480
127.2472 134.0355
127.2478 134.0646
127.2487 133.7659
127.2493 134.0769
127.2496 133.8427
127.2498 133.6773
127.2499 134.0418
127.2504 133.6037
127.2506 134.0512
127.2507 133.6877
127.2507 134.0246
127.2521 133.7494
127.2533 133.6670
127.2542 133.7022
127.2548 133.7332
127.2565 133.7365
127.2570 133.6209
127.2585 133.9986
127.2587 133.5887
127.2591 133.9949
127.2592 133.6266
127.2595 133.9156
127.2596 133.7472
127.2599 133.7763
127.2602 133.6187
127.2605 134.0014
127.2607 134.0630
127.2609 134.0114
127.2623 133.7029
127.2630 134.0155
127.2631 133.7158
127.2633 133.6223
127.2650 133.6530
127.2650 134.0507
127.2657 133.9889
127.2657 133.9969
127.2657 134.0381
127.2658 134.0289
127.2661 133.6946
127.2661 134.0735
127.2662 133.7039
127.2663 133.6956
127.2668 134.0054
127.2671 134.0610
127.2674 134.0116
127.2677 134.0165
127.2679 134.0007
127.2680 133.9840
127.2688 134.0522
127.2689 134.1254
127.2693 134.0155
127.2694 133.6668
127.2695 133.9532
127.2697 134.0293
127.2698 133.9695
127.2700 134.0422
127.2712 134.0406
127.2713 134.0401
127.2722 133.8284
127.2735 134.0476
127.2736 133.6381
127.2741 133.9360
127.2747 133.7115
127.2754 133.9653
127.2754 134.0271
127.2756 134.1080
127.2757 133.6993
127.2764 133.7915
127.2764 134.0391
127.2767 133.9808
127.2767 134.0232
127.2768 133.9935
127.2769 134.0733
127.2774 133.9846
127.2778 134.1281
127.2779 133.6286
127.2782 133.8038
127.2782 133.9720
127.2789 133.7148
127.2795 134.0504
127.2799 134.0688
127.2802 133.9931
127.2805 134.1034
127.2811 134.1512
127.2813 133.9421
127.2815 133.7241
127.2815 134.0139
127.2817 134.0430
127.2824 134.0192
127.2826 134.0390
127.2829 134.0305
127.2830 134.0144
127.2831 134.0379
127.2847 134.0003
127.2848 134.0661
127.2849 133.6929
127.2849 134.0419
127.2852 134.0232
127.2860 133.5944
127.2860 134.0481
127.2862 133.5766
127.2863 133.9765
127.2864 134.0901
127.2865 133.9634
127.2873 133.6112
127.2878 134.0296
127.2879 134.0438
127.2887 134.0891
127.2893 133.6679
127.2894 134.0497
127.2904 134.0225
127.2906 133.6713
127.2907 134.0361
127.2917 133.9592
127.2918 134.0281
127.2926 134.0412
127.2928 134.1471
127.2929 133.9841
127.2929 134.0426
127.2931 134.0830
127.2934 133.9738
127.2935 134.0355
127.2940 133.9886
127.2943 134.0957
127.2959 133.8669
127.2964 134.0329
127.2966 133.9618
127.2967 134.0203
127.2968 133.9925
127.2969 133.9795
127.2969 133.9981
127.2976 134.1068
127.2977 134.0860
127.2978 133.6817
127.2978 134.0148
127.2979 133.9915
127.2981 133.8122
127.2984 134.0254
127.2986 134.0283
127.2986 134.0585
127.2989 133.9749
127.2993 134.0108
127.3001 133.9930
127.3004 133.9559
127.3008 134.0200
127.3009 134.0379
127.3011 133.9164
127.3012 134.0806
127.3015 134.0233
127.3017 134.1085
127.3019 134.1408
127.3021 133.9238
127.3026 134.0338
127.3028 134.0660
127.3032 133.9565
127.3033 133.9746
127.3033 134.0040
127.3039 133.6746
127.3039 134.0933
127.3042 134.0530
127.3055 134.0396
127.3056 134.0370
127.3061 133.9605
127.3064 134.0798
127.3067 133.5807
127.3073 134.0333
127.3082 133.9594
127.3088 133.9871
127.3089 133.6530
127.3090 133.9834
127.3092 133.9855
127.3097 134.0395
127.3099 134.0190
127.3103 133.7243
127.3106 134.0338
127.3115 134.1456
127.3118 134.0143
127.3118 134.0385
127.3121 133.9905
127.3122 134.0580
127.3126 134.0226
127.3126 134.0479
127.3131 134.0219
127.3133 134.0396
127.3133 134.0946
127.3139 133.9114
127.3142 134.0063
127.3143 134.0135
127.3143 134.0370
127.3146 133.7835
127.3147 134.0624
127.3147 134.0770
127.3151 134.0207
127.3157 133.9958
127.3159 134.1173
127.3161 133.9796
127.3166 134.0041
127.3168 133.9625
127.3172 133.9682
127.3175 134.0076
127.3182 134.0300
127.3187 134.0054
127.3188 133.9918
127.3190 134.0325
127.3196 133.9676
127.3203 133.9479
127.3205 134.0043
127.3209 134.0265
127.3211 134.0370
127.3211 134.0641
127.3212 134.0266
127.3213 133.9866
127.3214 133.9020
127.3218 133.9744
127.3220 134.0078
127.3222 133.9856
127.3224 134.0913
127.3229 133.9911
127.3231 134.0182
127.3234 134.0355
127.3236 134.0479
127.3239 134.1332
127.3242 133.9983
127.3244 134.0089
127.3249 134.0650
127.3253 134.0386
127.3253 134.0910
127.3254 133.9321
127.3262 133.9681
127.3265 134.0275
127.3268 133.6641
127.3269 134.0301
127.3272 133.6477
127.3274 134.0363
127.3279 134.1121
127.3282 134.0064
127.3282 134.0199
127.3282 134.0692
127.3289 134.0201
127.3290 134.0221
127.3307 134.0541
127.3308 134.0248
127.3309 134.0127
127.3309 134.0699
127.3310 134.0590
127.3316 134.0977
127.3318 133.9356
127.3318 134.0430
127.3318 134.0686
127.3319 133.9905
127.3319 133.9985
127.3322 133.9585
127.3328 134.0053
127.3331 133.8937
127.3338 134.1084
127.3340 134.0389
127.3347 134.0217
127.3352 133.9965
127.3354 134.0360
127.3358 134.0177
127.3360 134.0444
127.3364 134.0481
127.3378 134.0760
127.3383 133.9686
127.3392 133.9981
127.3396 134.0541
127.3400 133.9950
127.3401 134.0347
127.3409 134.0667
127.3433 133.8980
127.3435 133.8077
127.3435 133.9750
127.3437 133.9561
127.3440 134.0733
127.3446 133.6939
127.3463 134.0247
127.3465 134.0648
127.3469 134.0496
127.3472 133.9519
127.3474 134.0172
127.3475 134.1185
127.3478 133.9897
127.3487 133.8895
127.3495 134.0404
127.3512 134.0740
127.3518 134.1111
127.3555 134.0222
127.3555 134.2099
127.3567 133.9230
127.3577 133.9829
127.3587 134.0762
127.3588 134.0596
127.3591 134.0120
127.3603 134.0070
127.3620 133.9826
127.3622 134.0406
127.3624 133.9665
127.3631 133.9852
127.3634 134.0801
127.3635 134.0603
127.3639 133.7630
127.3642 133.8696
127.3668 133.9278
127.3669 134.0231
127.3677 133.7635
127.3678 133.7791
127.3679 133.5894
127.3680 133.7182
127.3680 133.9606
127.3685 133.9778
127.3689 133.9397
127.3691 134.0329
127.3707 134.0239
127.3718 133.7383
127.3736 133.8776
127.3740 133.7982
127.3765 133.7348
127.3779 133.8051
127.3780 134.0098
127.3781 133.7986
127.3785 133.9899
127.3788 133.7529
127.3791 133.6760
127.3800 133.9070
127.3808 133.9840
127.3818 133.8004
127.3821 133.8057
127.3826 133.8048
127.3833 133.7520
127.3837 134.0402
127.3841 134.1276
127.3842 133.9479
127.3848 133.7713
127.3849 134.0098
127.3850 133.9751
127.3861 133.7397
127.3867 133.8766
127.3879 133.7953
127.3884 133.9312
127.3891 133.7414
127.3892 133.7279
127.3892 133.9552
127.3894 133.9752
127.3901 134.0865
127.3920 133.7969
127.3930 133.7093
127.3951 133.8112
127.3957 134.0742
127.3963 133.9572
127.3994 133.8039
127.3996 133.7999
127.4007 133.7730
127.4027 133.7605
127.4050 133.8984
127.4060 133.8723
127.4064 133.7617
127.4064 133.7663
127.4065 133.8245
127.4068 133.8195
127.4071 133.8050
127.4073 133.7871
127.4109 133.7878
127.4116 133.7081
127.4123 133.7613
127.4125 133.9097
127.4135 133.8302
127.4136 134.0920
127.4138 133.7849
127.4144 133.7341
127.4153 133.7561
127.4154 133.7564
127.4156 133.7940
127.4157 133.7480
127.4162 134.0311
127.4172 133.8312
127.4179 133.7719
127.4180 133.8136
127.4183 133.7867
127.4206 133.8091
127.4219 133.7931
127.4227 133.9195
127.4228 133.8646
127.4231 133.7691
127.4237 133.7959
127.4238 133.8002
127.4242 133.7742
127.4243 133.8153
127.4251 133.8073
127.4253 133.7641
127.4259 133.9590
127.4262 133.7720
127.4271 133.7792
127.4281 133.7557
127.4281 133.8179
127.4284 133.7494
127.4289 133.8443
127.4290 133.8056
127.4297 133.7624
127.4297 133.7754
127.4303 133.7727
127.4309 133.8245
127.4313 133.8096
127.4318 133.7943
127.4319 133.7646
127.4323 133.7249
127.4325 133.7115
127.4328 133.7951
127.4329 133.8081
127.4330 133.7498
127.4332 133.7466
127.4336 133.7593
127.4345 133.7961
127.4352 133.8117
127.4356 133.7610
127.4357 133.7439
127.4364 133.7779
127.4378 133.7800
127.4378 133.8156
127.4394 133.7330
127.4395 133.7393
127.4397 134.1358
127.4401 133.8836
127.4403 133.7852
127.4410 133.8180
127.4412 133.8675
127.4419 133.7191
127.4424 133.7317
127.4429 133.8681
127.4434 133.7594
127.4434 133.8621
127.4437 133.7614
127.4437 133.7623
127.4451 133.8376
127.4459 133.7602
127.4460 134.0078
127.4461 133.7330
127.4462 133.8017
127.4468 133.8265
127.4480 133.7942
127.4484 133.8282
127.4485 133.8270
127.4485 133.8602
127.4488 133.7873
127.4490 133.7012
127.4492 133.8225
127.4494 133.7587
127.4499 133.7416
127.4503 133.9734
127.4505 133.7388
127.4509 133.7993
127.4512 133.8349
127.4514 133.7843
127.4521 133.7649
127.4522 133.8665
127.4542 133.7697
127.4547 133.8188
127.4560 133.8388
127.4561 133.7693
127.4570 133.8465
127.4581 133.7902
127.4581 133.8546
127.4582 133.7744
127.4583 134.1318
127.4585 133.8343
127.4588 133.8234
127.4588 133.8771
127.4591 133.8933
127.4592 133.7197
127.4592 133.7684
127.4597 133.8564
127.4598 133.8097
127.4602 133.7998
127.4605 133.8045
127.4608 133.7722
127.4609 133.8005
127.4613 133.7316
127.4614 133.9123
127.4615 133.7948
127.4622 133.8197
127.4622 133.8946
127.4626 133.7602
127.4626 133.8074
127.4632 133.7588
127.4632 133.7721
127.4633 133.7827
127.4633 133.8081
127.4635 133.7137
127.4637 133.8021
127.4638 133.7443
127.4638 133.7991
127.4644 133.8004
127.4650 133.7874
127.4650 133.8323
127.4659 133.8079
127.4663 133.7738
127.4671 133.8210
127.4686 133.7335
127.4687 133.7647
127.4692 133.8053
127.4698 133.7132
127.4698 133.7464
127.4699 133.8089
127.4704 133.7461
127.4708 133.7747
127.4709 133.7368
127.4709 133.7493
127.4722 133.7620
127.4722 133.7918
127.4726 133.7848
127.4734 133.7654
127.4734 133.8302
127.4738 133.7947
127.4741 133.7547
127.4745 133.8631
127.4746 133.8165
127.4749 133.8413
127.4751 133.7208
127.4755 133.8414
127.4758 133.7978
127.4759 133.8282
127.4765 133.9736
127.4769 133.7997
127.4770 133.7918
127.4776 133.8802
127.4777 133.7552
127.4784 133.8119
127.4785 133.7561
127.4787 133.8179
127.4789 133.7357
127.4806 133.7790
127.4812 133.7809
127.4812 133.7907
127.4819 133.7973
127.4826 133.7201
127.4826 133.7926
127.4835 133.7125
127.4835 133.7956
127.4836 133.8762
127.4839 134.0164
127.4844 133.7711
127.4845 133.7381
127.4851 133.6752
127.4855 133.7669
127.4860 133.8463
127.4862 133.7159
127.4862 133.7602
127.4870 133.8329
127.4870 133.8496
127.4871 133.8755
127.4877 133.8134
127.4877 133.8363
127.4881 133.7997
127.4881 133.8667
127.4882 133.8084
127.4883 133.8802
127.4885 133.8212
127.4888 133.7703
127.4889 133.8008
127.4890 133.8338
127.4896 133.7421
127.4900 133.7980
127.4905 133.7756
127.4906 133.8078
127.4909 133.7726
127.4910 133.7682
127.4916 133.7516
127.4917 133.7806
127.4929 133.8200
127.4938 133.9783
127.4946 133.8721
127.4949 133.7766
127.4953 133.7865
127.4955 133.7594
127.4967 133.8591
127.4974 133.8005
127.4989 133.7638
127.4993 133.8274
127.4999 133.7565
127.5004 133.7881
127.5005 133.6903
127.5005 133.7630
127.5015 133.7797
127.5016 133.7800
127.5020 133.7878
127.5040 133.7859
127.5046 133.7946
127.5055 133.7120
127.5074 133.8017
127.5090 133.7335
127.5098 133.9095
127.5101 133.8403
127.5102 133.7451
127.5104 133.8447
127.5120 133.7553
127.5123 133.8081
127.5137 133.8188
127.5138 133.8190
127.5152 134.0077
127.5185 133.7764
127.5186 133.8158
127.5191 133.8400
127.5210 133.9351
127.5227 134.0329
127.5229 133.7149
127.5272 133.8956
127.5364 133.8146
127.5378 133.7960
127.5388 133.7374
127.5449 133.7947
127.5527 133.7801
127.5603 133.9188
127.5641 133.8264
127.5722 133.8168
127.5827 133.8245
