22.3878 33.8634
22.4123 33.8084
22.4169 33.7549
22.4172 33.8081
22.4326 33.9142
22.4335 33.9398
22.4411 33.8109
22.4424 33.8657
22.4496 33.6850
22.4524 33.7549
22.4576 33.8511
22.4588 33.8090
22.4600 33.7362
22.4601 34.1095
22.4682 33.8051
22.4687 33.8625
22.4690 33.7872
22.4731 33.7485
22.4757 34.0971
22.4780 33.7362
22.4834 34.0853
22.4882 33.8015
22.4883 33.6659
22.4919 33.8049
22.4957 33.8020
22.4966 33.8086
22.5011 33.7894
22.5017 33.7760
22.5051 33.7542
22.5060 33.8744
22.5083 33.6640
22.5103 33.8206
22.5105 33.7267
22.5117 34.1270
22.5152 33.7650
22.5157 33.6763
22.5164 33.7606
22.5165 33.6563
22.5173 33.7848
22.5179 33.8628
22.5185 33.8135
22.5211 33.7450
22.5218 33.9148
22.5222 33.6911
22.5224 33.6717
22.5243 33.7791
22.5252 34.0340
22.5263 34.0042
22.5288 33.7670
22.5289 33.7094
22.5294 33.7689
22.5297 33.8010
22.5300 33.6744
22.5309 34.0524
22.5325 33.5771
22.5336 33.8000
22.5338 33.9658
22.5339 33.7073
22.5341 33.7756
22.5342 33.7187
22.5343 33.8023
22.5355 33.7333
22.5359 33.6502
22.5376 33.7718
22.5380 33.6170
22.5391 34.0899
22.5393 33.9111
22.5404 33.9998
22.5406 33.7464
22.5416 33.7347
22.5417 33.6976
22.5434 33.8280
22.5438 33.7989
22.5438 34.0180
22.5440 33.7184
22.5443 33.7795
22.5447 33.7497
22.5447 33.7800
22.5482 33.7313
22.5488 34.1930
22.5501 33.8011
22.5501 34.0302
22.5504 33.7316
22.5507 34.0203
22.5517 34.1152
22.5521 33.6996
22.5521 33.7859
22.5528 34.1529
22.5531 33.7552
22.5541 33.7718
22.5544 33.7008
22.5557 33.8055
22.5559 33.8251
22.5561 33.7006
22.5570 33.8130
22.5576 33.7921
22.5581 33.6942
22.5594 33.7370
22.5598 33.7785
22.5601 33.9477
22.5607 33.7634
22.5627 33.6370
22.5627 33.8833
22.5629 34.1522
22.5635 33.7666
22.5648 33.6586
22.5657 33.7252
22.5658 33.8229
22.5658 34.1579
22.5661 33.6904
22.5661 33.9959
22.5662 33.7499
22.5663 34.1165
22.5664 33.7051
22.5669 33.6783
22.5683 33.7230
22.5687 33.6082
22.5687 33.6623
22.5691 33.7963
22.5694 33.7235
22.5695 33.8361
22.5696 33.6471
22.5696 33.8303
22.5696 34.1022
22.5706 33.7922
22.5706 34.0257
22.5721 33.7357
22.5722 34.0709
22.5723 33.7461
22.5726 33.8713
22.5728 33.7081
22.5733 33.8502
22.5735 33.6311
22.5735 33.8159
22.5738 33.7310
22.5744 33.9948
22.5747 33.8150
22.5749 33.8557
22.5755 33.8079
22.5760 33.7130
22.5761 33.7890
22.5766 33.9989
22.5774 33.8165
22.5782 34.0257
22.5786 33.7742
22.5788 34.0274
22.5789 33.7027
22.5789 33.8166
22.5791 33.6869
22.5791 33.7875
22.5793 33.7927
22.5793 33.8033
22.5799 33.7543
22.5814 33.7873
22.5816 33.6892
22.5819 33.7341
22.5821 33.7898
22.5829 33.7337
22.5839 34.1295
22.5842 33.9035
22.5850 34.0480
22.5853 33.8167
22.5855 33.8030
22.5857 33.5858
22.5858 33.8433
22.5859 33.6665
22.5863 33.9323
22.5864 33.8747
22.5868 33.8795
22.5872 33.7591
22.5880 33.9513
22.5891 34.1211
22.5894 33.7355
22.5900 33.7451
22.5901 33.7875
22.5906 33.6983
22.5911 33.7402
22.5912 33.7597
22.5913 33.7849
22.5914 33.6667
22.5917 33.7298
22.5919 33.7892
22.5922 33.9625
22.5929 33.7606
22.5933 33.9901
22.5951 33.7153
22.5952 33.7607
22.5953 33.7938
22.5955 33.8632
22.5961 33.8941
22.5961 34.1590
22.5963 33.7578
22.5963 33.7718
22.5965 33.6699
22.5968 34.0923
22.5974 33.7283
22.5975 33.8413
22.5975 33.8432
22.5987 33.6449
22.6001 33.6729
22.6003 33.7990
22.6004 33.8248
22.6004 33.8290
22.6006 33.8969
22.6017 34.0319
22.6022 34.0162
22.6022 34.1623
22.6031 33.7617
22.6038 33.8006
22.6045 33.6877
22.6055 34.0308
22.6074 33.7341
22.6080 34.0024
22.6084 33.7160
22.6084 34.0206
22.6101 33.7639
22.6109 33.7577
22.6112 33.7207
22.6120 33.5447
22.6121 34.0045
22.6126 34.0273
22.6131 33.8301
22.6132 33.7271
22.6138 33.9481
22.6143 33.9526
22.6145 33.6717
22.6147 34.0131
22.6150 34.0338
22.6158 33.9134
22.6168 34.0289
22.6169 34.0397
22.6179 33.6590
22.6181 33.7690
22.6190 33.7976
22.6195 34.0519
22.6210 33.8103
22.6211 33.8396
22.6215 33.9826
22.6220 33.6885
22.6221 34.0485
22.6224 33.8755
22.6226 33.7496
22.6235 33.8172
22.6235 33.9179
22.6248 33.5521
22.6248 33.7105
22.6255 33.8643
22.6256 33.8018
22.6266 34.0225
22.6276 34.0710
22.6277 33.7403
22.6282 34.1045
22.6288 33.7847
22.6288 33.7920
22.6288 34.0962
22.6293 33.8419
22.6294 33.8380
22.6303 33.5597
22.6306 33.8037
22.6311 33.8399
22.6333 33.9528
22.6337 33.7521
22.6341 34.0037
22.6342 33.6894
22.6349 33.9891
22.6349 34.0617
22.6360 34.0726
22.6364 33.7955
22.6365 34.0547
22.6378 34.0211
22.6380 34.0450
22.6383 34.1395
22.6385 33.8165
22.6385 33.8212
22.6385 34.0227
22.6389 33.7837
22.6402 34.0196
22.6408 33.7243
22.6413 33.7471
22.6417 33.7416
22.6427 34.0577
22.6429 33.8069
22.6441 33.7780
22.6443 34.1059
22.6446 33.9394
22.6447 34.0341
22.6451 33.9652
22.6454 34.0577
22.6458 34.0172
22.6463 34.0369
22.6464 34.1074
22.6464 34.1237
22.6471 34.0672
22.6472 33.9095
22.6475 34.0765
22.6505 33.8155
22.6510 33.7520
22.6513 33.7238
22.6516 34.0073
22.6521 34.0085
22.6523 34.0150
22.6528 34.0372
22.6531 33.7659
22.6551 33.8264
22.6564 34.0543
22.6566 33.6761
22.6572 34.0170
22.6574 33.7415
22.6579 33.9022
22.6583 33.9379
22.6585 34.0448
22.6589 33.8668
22.6590 33.9276
22.6591 34.0827
22.6593 33.7680
22.6595 34.0287
22.6598 33.5583
22.6622 33.6851
22.6634 34.0255
22.6637 34.0373
22.6639 34.0518
22.6641 34.0265
22.6645 34.0076
22.6657 33.9600
22.6659 34.0327
22.6665 34.0306
22.6667 33.9080
22.6667 34.0835
22.6668 33.7609
22.6674 33.9620
22.6690 34.0833
22.6725 33.7154
22.6729 34.0382
22.6731 33.8114
22.6752 34.0640
22.6763 33.8737
22.6767 34.1250
22.6774 33.6942
22.6789 33.7419
22.6796 34.0724
22.6804 33.7229
22.6808 34.0381
22.6810 34.0143
22.6811 33.5910
22.6816 34.1898
22.6822 33.8102
22.6828 33.6191
22.6828 34.0037
22.6853 33.8421
22.6869 33.8890
22.6870 33.9394
22.6877 34.1356
22.6878 34.0343
22.6885 34.0586
22.6888 34.1414
22.6912 33.7632
22.6943 33.7411
22.6943 33.9326
22.6951 33.9437
22.6953 34.0094
22.6955 33.7182
22.6956 33.9198
22.6971 33.9838
22.6973 33.8202
22.6980 34.1203
22.6989 34.0226
22.6990 33.9824
22.6994 34.0456
22.7019 34.1635
22.7023 33.7316
22.7037 34.0230
22.7042 34.0688
22.7048 34.0208
22.7051 33.9678
22.7054 34.0046
22.7063 33.8739
22.7070 33.8686
22.7074 34.0419
22.7082 34.0173
22.7091 33.8670
22.7098 33.7593
22.7107 33.7406
22.7124 33.7514
22.7130 33.8102
22.7145 34.0818
22.7152 34.0625
22.7164 33.8673
22.7183 33.6933
22.7189 33.7530
22.7195 34.0856
22.7198 33.6627
22.7200 34.0642
22.7205 34.0897
22.7213 33.8518
22.7216 33.7908
22.7221 33.7033
22.7229 33.9088
22.7248 33.7145
22.7256 33.5239
22.7269 33.6991
22.7289 33.9926
22.7300 34.0530
22.7307 33.7319
22.7321 33.6961
22.7326 33.7110
22.7326 33.9405
22.7342 33.6842
22.7343 33.7451
22.7373 33.7735
22.7391 33.7311
22.7399 34.0780
22.7400 34.0382
22.7414 33.6557
22.7414 33.6846
22.7414 33.6967
22.7420 33.7122
22.7433 34.0870
22.7443 33.6810
22.7450 34.0861
22.7451 34.0297
22.7469 33.6837
22.7471 33.7284
22.7491 33.6904
22.7524 34.0446
22.7542 33.7990
22.7556 33.8592
22.7564 33.8742
22.7569 33.6021
22.7577 34.0974
22.7609 33.7932
22.7609 33.9531
22.7611 33.7152
22.7621 34.0345
22.7625 33.9584
22.7626 33.8566
22.7631 33.6333
22.7632 34.0527
22.7633 33.9751
22.7656 33.7377
22.7661 33.6700
22.7662 33.6690
22.7664 34.0179
22.7674 33.7278
22.7693 33.7021
22.7702 34.0975
22.7706 33.9878
22.7710 33.7685
22.7713 33.6800
22.7724 33.5163
22.7726 33.7469
22.7740 33.8773
22.7746 33.9632
22.7746 33.9764
22.7747 33.6658
22.7751 33.8245
22.7751 34.0136
22.7752 33.7342
22.7759 33.7206
22.7763 34.1735
22.7771 33.6804
22.7784 33.5039
22.7793 33.7768
22.7816 33.9317
22.7819 33.7448
22.7824 34.0223
22.7830 33.7615
22.7834 33.7198
22.7836 33.9622
22.7854 33.9743
22.7858 33.7015
22.7860 33.6742
22.7860 33.9172
22.7862 34.1205
22.7864 34.0489
22.7867 34.0026
22.7876 33.7876
22.7886 33.6063
22.7886 33.9121
22.7888 33.7509
22.7898 33.7452
22.7899 33.7509
22.7900 33.6716
22.7900 33.8655
22.7902 33.6945
22.7910 33.7401
22.7923 33.7669
22.7925 33.7587
22.7927 33.8027
22.7928 33.9915
22.7929 34.0424
22.7934 33.7021
22.7949 33.6738
22.7952 33.6955
22.7957 33.6232
22.7957 33.7992
22.7965 33.6740
22.7970 34.0481
22.7972 33.6797
22.7981 34.0569
22.7988 33.7748
22.7993 34.0477
22.7999 34.0757
22.8000 33.9676
22.8003 33.6343
22.8008 34.0477
22.8012 33.9114
22.8013 33.9608
22.8016 33.6810
22.8018 34.0494
22.8028 34.0225
22.8030 34.0410
22.8040 33.7025
22.8040 34.0880
22.8046 33.7037
22.8046 34.0222
22.8046 34.0515
22.8051 33.9785
22.8053 33.9747
22.8054 33.6838
22.8060 33.7067
22.8063 33.7151
22.8066 33.6867
22.8069 33.6464
22.8071 33.7360
22.8072 34.0094
22.8073 33.7255
22.8073 33.7436
22.8080 34.0267
22.8081 33.9859
22.8082 33.7109
22.8082 34.0283
22.8095 33.6914
22.8104 33.6577
22.8104 33.7231
22.8109 33.7388
22.8118 33.6911
22.8131 33.7546
22.8137 33.7130
22.8138 33.7016
22.8140 33.6485
22.8142 33.7148
22.8145 33.6556
22.8145 33.8499
22.8146 33.8069
22.8155 34.1607
22.8165 33.7229
22.8166 33.7855
22.8168 33.7635
22.8170 34.0244
22.8172 33.7172
22.8172 34.0355
22.8174 33.9717
22.8178 33.7271
22.8186 33.7636
22.8187 33.7364
22.8188 33.7205
22.8200 33.6812
22.8201 33.7060
22.8202 33.9545
22.8203 34.1026
22.8207 34.0245
22.8208 33.7637
22.8214 33.8874
22.8214 33.8918
22.8216 33.7563
22.8217 34.0053
22.8219 34.0168
22.8223 33.7677
22.8230 33.8155
22.8231 33.9311
22.8237 33.7266
22.8239 33.6961
22.8249 34.0364
22.8255 33.9734
22.8256 33.6489
22.8258 33.7014
22.8258 33.9409
22.8274 33.7288
22.8277 33.7330
22.8277 34.0097
22.8282 33.7687
22.8287 33.8741
22.8288 33.9617
22.8294 33.6761
22.8302 33.9754
22.8303 33.9858
22.8307 33.7723
22.8308 34.0353
22.8311 34.0319
22.8312 33.7257
22.8314 33.9995
22.8315 33.7176
22.8320 34.0218
22.8322 33.9376
22.8324 33.8664
22.8331 33.7079
22.8334 33.9878
22.8345 33.9062
22.8345 34.0645
22.8346 33.6842
22.8347 34.0143
22.8355 33.7028
22.8355 34.0033
22.8356 33.9599
22.8363 33.8546
22.8365 34.0745
22.8367 33.9448
22.8375 33.9803
22.8377 34.0381
22.8377 34.0545
22.8378 34.0547
22.8380 33.7638
22.8380 33.9990
22.8384 33.7079
22.8384 34.0543
22.8388 33.6964
22.8393 33.9849
22.8394 33.9623
22.8400 34.0853
22.8406 33.9913
22.8408 33.7209
22.8413 33.6797
22.8418 34.0311
22.8419 33.7941
22.8420 33.6009
22.8420 34.0044
22.8421 34.0563
22.8430 34.0056
22.8432 33.9528
22.8433 33.6384
22.8440 33.7196
22.8441 33.6894
22.8442 34.0434
22.8446 34.0005
22.8447 33.9931
22.8448 33.7268
22.8448 34.0254
22.8449 34.0089
22.8450 34.0219
22.8453 33.7543
22.8455 33.6340
22.8455 34.0003
22.8456 33.7003
22.8457 34.0910
22.8458 33.8439
22.8461 34.0237
22.8463 33.7408
22.8464 33.8199
22.8465 33.8794
22.8483 33.9570
22.8490 33.6155
22.8490 33.9824
22.8492 33.6783
22.8493 33.8706
22.8494 34.0005
22.8495 34.0791
22.8496 33.7847
22.8499 33.6655
22.8499 33.8728
22.8500 34.0246
22.8501 33.9941
22.8503 33.7043
22.8506 34.0655
22.8511 34.0037
22.8514 33.6994
22.8517 33.6584
22.8518 33.7239
22.8519 33.9779
22.8520 33.6833
22.8521 33.9514
22.8522 34.0150
22.8528 33.6759
22.8531 33.7239
22.8531 33.7480
22.8537 33.6526
22.8539 33.6587
22.8544 34.1384
22.8548 33.9684
22.8555 33.9750
22.8557 34.0897
22.8559 33.9536
22.8559 34.0044
22.8560 34.0668
22.8562 33.9317
22.8562 34.0377
22.8563 33.6742
22.8565 33.7894
22.8566 33.9681
22.8568 33.6556
22.8571 33.9338
22.8576 33.7007
22.8578 34.0652
22.8581 33.9170
22.8583 33.7354
22.8584 34.0037
22.8587 33.7413
22.8598 33.9940
22.8601 33.9004
22.8602 33.7644
22.8610 33.7197
22.8611 33.9759
22.8622 33.6483
22.8624 33.9628
22.8626 33.9571
22.8629 33.9791
22.8631 33.7540
22.8634 33.8931
22.8635 33.7866
22.8636 34.0262
22.8637 33.7248
22.8645 33.7073
22.8653 33.7375
22.8653 34.0683
22.8656 33.7434
22.8656 33.9766
22.8661 33.8372
22.8666 33.7254
22.8666 33.7668
22.8667 33.9773
22.8669 33.6697
22.8669 34.0482
22.8671 33.9540
22.8674 33.9563
22.8675 34.0194
22.8676 33.6740
22.8676 33.9934
22.8678 34.0927
22.8682 33.7325
22.8685 33.5914
22.8686 33.6846
22.8686 33.7409
22.8690 33.9992
22.8698 33.6554
22.8699 33.9733
22.8709 34.0223
22.8718 33.7294
22.8719 33.8937
22.8724 33.6903
22.8726 34.0264
22.8731 33.7012
22.8734 34.0037
22.8735 33.8828
22.8738 34.0449
22.8739 33.7081
22.8740 34.0461
22.8741 33.9448
22.8741 34.0467
22.8744 33.9793
22.8749 33.7829
22.8750 33.5947
22.8750 33.6067
22.8752 34.0337
22.8753 33.9648
22.8757 33.7907
22.8759 33.7015
22.8761 33.6747
22.8765 33.9650
22.8768 33.9580
22.8771 33.8272
22.8772 33.6129
22.8773 34.0551
22.8777 33.9094
22.8780 33.8782
22.8781 33.9872
22.8786 33.9175
22.8788 34.0696
22.8790 33.9593
22.8793 34.0980
22.8796 33.9992
22.8802 33.7327
22.8802 33.9564
22.8803 34.0976
22.8805 33.7653
22.8809 34.0945
22.8812 33.6792
22.8812 33.9986
22.8813 33.7194
22.8814 33.7829
22.8817 33.9386
22.8819 33.7196
22.8822 33.7217
22.8822 33.9500
22.8826 34.0877
22.8829 33.8814
22.8831 34.0057
22.8832 34.0003
22.8833 33.7262
22.8838 33.9775
22.8839 33.9568
22.8841 34.0256
22.8843 33.7639
22.8844 33.6511
22.8845 33.6498
22.8847 34.0432
22.8848 34.0083
22.8862 33.6743
22.8862 34.0506
22.8873 33.9717
22.8874 33.9189
22.8874 33.9906
22.8877 33.9358
22.8878 33.7482
22.8880 33.9228
22.8880 34.0082
22.8884 33.8761
22.8887 34.0234
22.8890 33.7237
22.8890 34.0092
22.8894 33.7934
22.8898 34.0146
22.8899 33.9883
22.8900 33.7156
22.8900 34.0178
22.8902 33.6627
22.8904 33.9847
22.8906 34.0272
22.8914 33.7388
22.8924 33.9563
22.8925 34.0033
22.8926 34.0106
22.8939 33.9799
22.8944 33.6221
22.8952 34.0497
22.8955 33.9410
22.8959 34.0069
22.8963 33.6806
22.8967 33.9570
22.8968 33.6457
22.8973 33.9855
22.8976 33.9439
22.8984 33.9560
22.8989 34.0529
22.8997 33.6950
22.9010 33.8738
22.9011 33.6258
22.9013 33.7095
22.9014 33.9496
22.9016 33.9901
22.9018 33.9993
22.9019 34.0859
22.9024 33.9997
22.9024 34.0007
22.9028 33.9742
22.9028 34.0122
22.9034 33.8312
22.9045 33.8617
22.9046 33.7402
22.9050 33.9676
22.9051 33.9355
22.9053 33.5382
22.9056 34.0017
22.9056 34.0687
22.9058 33.9768
22.9060 33.6758
22.9062 33.7413
22.9066 34.0134
22.9081 33.9967
22.9083 34.0656
22.9085 33.9884
22.9087 34.0260
22.9089 33.7397
22.9090 33.9414
22.9096 33.9503
22.9103 33.9501
22.9103 34.0096
22.9107 33.9556
22.9116 33.7327
22.9116 34.1111
22.9120 33.6537
22.9121 33.9253
22.9124 33.6576
22.9124 33.6878
22.9131 34.0059
22.9137 33.9926
22.9138 33.9817
22.9138 33.9987
22.9139 33.7126
22.9142 33.9155
22.9154 34.0009
22.9157 33.9642
22.9157 33.9965
22.9161 33.9922
22.9162 34.0086
22.9163 33.8792
22.9165 33.9170
22.9167 33.8405
22.9168 33.9873
22.9171 33.6707
22.9179 33.6910
22.9190 33.6487
22.9203 33.7408
22.9204 33.9635
22.9205 33.8892
22.9205 33.9992
22.9209 33.6872
22.9209 33.9713
22.9209 33.9843
22.9209 33.9908
22.9210 33.7171
22.9212 33.7889
22.9214 33.7526
22.9220 33.7652
22.9224 33.8376
22.9229 33.9392
22.9233 34.0506
22.9234 33.6742
22.9236 34.0123
22.9239 33.9769
22.9241 34.0229
22.9243 33.9953
22.9247 33.6568
22.9257 33.6114
22.9257 33.6600
22.9259 33.9794
22.9261 34.0116
22.9265 33.6765
22.9281 33.7286
22.9285 34.0115
22.9292 33.8408
22.9293 34.0421
22.9296 33.9485
22.9299 34.0518
22.9303 33.9906
22.9305 33.6377
22.9308 33.9790
22.9317 33.8791
22.9321 33.9895
22.9321 34.0775
22.9326 33.9392
22.9335 34.0429
22.9339 33.6154
22.9339 34.0063
22.9346 33.9212
22.9349 33.9888
22.9354 34.0597
22.9355 33.7350
22.9355 33.9084
22.9358 33.6600
22.9358 33.7574
22.9364 33.9514
22.9366 33.9847
22.9372 34.0285
22.9383 34.0656
22.9390 34.0065
22.9398 33.7657
22.9398 33.8534
22.9402 33.7326
22.9403 34.0282
22.9411 33.9575
22.9430 33.9531
22.9430 33.9596
22.9434 33.9961
22.9443 33.9642
22.9454 33.9900
22.9461 33.9708
22.9463 34.0158
22.9466 34.0144
22.9467 34.0207
22.9476 34.0106
22.9481 33.9769
22.9483 34.0221
22.9484 33.9813
22.9497 34.0061
22.9501 33.6836
22.9501 33.7439
22.9504 34.0248
22.9509 33.8205
22.9511 33.8974
22.9512 34.0485
22.9512 34.0593
22.9530 33.9501
22.9534 33.9745
22.9543 34.0718
22.9547 34.0143
22.9548 34.0064
22.9555 33.7142
22.9559 33.9712
22.9580 34.0364
22.9588 34.1948
22.9596 33.9504
22.9597 34.0242
22.9605 33.7399
22.9621 34.0148
22.9627 34.0363
22.9635 33.9293
22.9639 33.9359
22.9639 33.9577
22.9647 33.9291
22.9675 33.7817
22.9676 34.0077
22.9681 33.9615
22.9683 33.9208
22.9710 33.9986
22.9711 34.0176
22.9714 33.9983
22.9716 33.6923
22.9737 33.8356
22.9745 33.9583
22.9761 33.8381
22.9779 33.9875
22.9782 33.7320
22.9801 33.9262
22.9815 33.9956
22.9817 34.0715
22.9820 34.0456
22.9843 34.0398
22.9884 33.9943
22.9887 33.9584
22.9927 34.0537
22.9961 33.9152
22.9994 34.0104
23.0002 34.0298
23.0015 33.9472
23.0070 33.7152
23.0078 34.0718
23.0092 33.9897
23.0106 34.0011
23.0130 33.9565
23.0138 33.9605
23.0154 33.9000
23.0156 34.0325
23.0161 34.0206
23.0188 34.0550
23.0195 33.7840
23.0203 33.9026
23.0218 34.0155
23.0308 34.0025
23.0417 33.9229
23.0492 33.7706
23.0492 34.0600
23.0508 34.0772
23.0601 34.0191
23.0707 33.9751
23.0771 33.7803
23.0942 33.9330
23.1018 34.0289
23.1262 34.0610
23.1388 33.9334
23.1533 33.8375
