44.2399 60.0580
44.2444 59.8021
44.2778 60.0097
44.2880 60.0991
44.2992 59.9217
44.3062 59.8919
44.3206 59.9774
44.3260 60.0924
44.3302 59.9753
44.3352 59.8232
44.3365 59.8400
44.3375 59.9877
44.3385 60.0871
44.3389 60.1019
44.3442 59.7817
44.3450 59.8368
44.3469 59.7706
44.3515 59.8270
44.3539 59.7426
44.3597 59.8035
44.3634 59.8666
44.3637 59.8242
44.3643 59.9631
44.3651 59.9020
44.3653 59.8379
44.3674 59.7588
44.3675 59.7475
44.3703 59.7876
44.3718 59.7594
44.3755 59.8054
44.3755 59.8422
44.3776 59.8411
44.3795 59.8284
44.3799 59.8338
44.3800 60.0602
44.3807 59.9190
44.3810 59.8221
44.3821 59.7487
44.3829 59.8889
44.3833 59.8224
44.3839 60.1205
44.3840 59.8359
44.3844 59.9703
44.3845 60.1004
44.3848 59.8134
44.3883 60.0701
44.3892 60.0344
44.3895 59.8189
44.3895 59.8607
44.3897 59.8381
44.3906 60.0742
44.3913 59.9754
44.3915 59.8960
44.3920 59.7936
44.3926 59.8107
44.3933 59.9059
44.3933 60.0302
44.3940 60.0654
44.3942 59.8526
44.3947 59.8158
44.3949 59.7247
44.3955 59.7803
44.3957 59.8363
44.3959 59.8127
44.3964 60.0900
44.3965 59.7780
44.3966 59.8232
44.3966 59.8623
44.3970 59.6488
44.3988 59.6885
44.3999 59.7521
44.3999 59.8089
44.4002 59.7626
44.4009 59.7629
44.4010 59.8172
44.4011 59.7930
44.4011 59.9768
44.4014 59.8119
44.4020 59.8370
44.4027 60.0554
44.4031 60.0424
44.4033 60.0256
44.4034 59.8157
44.4045 59.7890
44.4050 60.1670
44.4053 59.8176
44.4054 59.7847
44.4057 59.7816
44.4062 59.8279
44.4062 59.9025
44.4069 59.8709
44.4077 60.1275
44.4079 59.9056
44.4081 59.6717
44.4093 60.2020
44.4099 59.8049
44.4103 59.7954
44.4105 59.6542
44.4111 59.8374
44.4112 60.0698
44.4116 59.9171
44.4117 60.1168
44.4124 60.1199
44.4126 59.7574
44.4132 60.1210
44.4133 59.7931
44.4134 59.8014
44.4135 59.8445
44.4137 59.7890
44.4137 59.8368
44.4138 59.8452
44.4138 60.0346
44.4144 59.7434
44.4148 60.0882
44.4149 59.7114
44.4149 60.1281
44.4155 59.9079
44.4158 60.0622
44.4160 59.8902
44.4162 59.7747
44.4163 59.7906
44.4164 60.1270
44.4165 59.7552
44.4165 59.7627
44.4165 59.7899
44.4169 60.0353
44.4170 59.7654
44.4173 59.7958
44.4173 59.8496
44.4175 60.0304
44.4182 59.7397
44.4182 59.8563
44.4184 59.7425
44.4184 59.8258
44.4185 60.0683
44.4186 59.8461
44.4190 59.7692
44.4190 59.8537
44.4191 59.7954
44.4192 59.8174
44.4195 59.7551
44.4197 59.8972
44.4203 59.7855
44.4203 59.8970
44.4204 60.0698
44.4209 59.8201
44.4212 60.0495
44.4214 59.8036
44.4216 59.8801
44.4218 59.8462
44.4220 59.8534
44.4222 59.8019
44.4223 59.7460
44.4223 60.0905
44.4224 59.8244
44.4233 59.8072
44.4233 59.8673
44.4234 59.7693
44.4234 59.8366
44.4234 59.8561
44.4236 59.8453
44.4238 59.7640
44.4245 59.9395
44.4245 60.0596
44.4246 59.8480
44.4247 59.7212
44.4247 59.8398
44.4247 60.0827
44.4249 59.9113
44.4252 59.8400
44.4253 59.8035
44.4253 59.8936
44.4254 60.1145
44.4257 59.7916
44.4261 59.8196
44.4267 59.7842
44.4270 59.8002
44.4271 59.8589
44.4272 59.8680
44.4273 59.8095
44.4275 59.8327
44.4275 59.8357
44.4277 59.7976
44.4278 59.7631
44.4278 59.8454
44.4280 59.7640
44.4281 59.7672
44.4281 60.0961
44.4282 59.6902
44.4282 60.1039
44.4282 60.1359
44.4283 59.6984
44.4283 59.7461
44.4285 60.0808
44.4286 59.8691
44.4287 60.0862
44.4290 59.8360
44.4296 59.8074
44.4297 59.8383
44.4301 59.7772
44.4305 59.8433
44.4305 60.1946
44.4306 59.8554
44.4308 59.8088
44.4309 59.8259
44.4310 59.8448
44.4312 59.7825
44.4314 59.8368
44.4316 59.7940
44.4318 59.7961
44.4318 59.8432
44.4318 60.0941
44.4319 59.8020
44.4319 59.8182
44.4322 59.8181
44.4322 59.8229
44.4323 59.7802
44.4324 59.8129
44.4324 59.8199
44.4327 59.8208
44.4328 59.8249
44.4330 60.0367
44.4330 60.1013
44.4331 59.7761
44.4334 59.7050
44.4335 59.9115
44.4337 59.7335
44.4337 59.8257
44.4338 59.7423
44.4341 59.7628
44.4343 59.8106
44.4345 59.8604
44.4346 59.8587
44.4346 59.8626
44.4348 59.7720
44.4348 59.8253
44.4348 59.8318
44.4349 59.8903
44.4351 59.8113
44.4354 59.9410
44.4358 59.7789
44.4362 59.7963
44.4366 59.7951
44.4366 59.8496
44.4369 59.7949
44.4369 59.8625
44.4373 59.7680
44.4373 59.8142
44.4375 59.9453
44.4377 60.1015
44.4378 59.8023
44.4380 60.0892
44.4381 60.1610
44.4384 59.8256
44.4388 60.0846
44.4396 59.7688
44.4401 59.8601
44.4403 59.8003
44.4404 60.1562
44.4405 59.8357
44.4410 59.8070
44.4414 59.7992
44.4415 60.0676
44.4416 60.0647
44.4420 59.8278
44.4420 60.1174
44.4421 59.6915
44.4421 59.8507
44.4421 59.8632
44.4422 59.8483
44.4422 60.1085
44.4423 60.0753
44.4424 59.8163
44.4424 59.8531
44.4425 59.6952
44.4427 59.8192
44.4430 59.8261
44.4431 59.6838
44.4431 59.7385
44.4431 60.1331
44.4432 59.8359
44.4434 59.7437
44.4435 60.1289
44.4436 59.7637
44.4437 59.8528
44.4439 59.7713
44.4439 59.8786
44.4441 59.7940
44.4441 60.0737
44.4446 59.8006
44.4448 59.8261
44.4448 59.8767
44.4449 59.7818
44.4450 59.7739
44.4450 59.8484
44.4451 59.7986
44.4454 59.8280
44.4455 60.0700
44.4456 59.7946
44.4456 59.8527
44.4457 59.8649
44.4458 59.7341
44.4458 59.8250
44.4461 59.7468
44.4461 59.7732
44.4461 59.8549
44.4465 59.8497
44.4467 59.6284
44.4468 59.8290
44.4469 59.6522
44.4470 59.7979
44.4472 59.8580
44.4472 60.1129
44.4475 59.7974
44.4475 59.8189
44.4475 60.0634
44.4475 60.1258
44.4477 60.0651
44.4478 59.8086
44.4479 59.8232
44.4481 59.7882
44.4481 59.7953
44.4482 59.8034
44.4482 59.8266
44.4483 59.7221
44.4483 59.7229
44.4483 59.8022
44.4484 60.1089
44.4485 59.8005
44.4485 60.1131
44.4486 59.8145
44.4487 60.1530
44.4488 59.7943
44.4489 59.8089
44.4492 59.8169
44.4494 59.8362
44.4500 59.7443
44.4500 60.0911
44.4501 59.7669
44.4501 59.8155
44.4501 60.0958
44.4502 59.7162
44.4504 59.8248
44.4506 59.7119
44.4506 59.8548
44.4509 59.8178
44.4510 59.7660
44.4511 60.2432
44.4515 59.8736
44.4518 60.0481
44.4521 59.7648
44.4523 59.7904
44.4525 59.7767
44.4531 59.8526
44.4532 59.8109
44.4534 59.7586
44.4534 59.8081
44.4534 59.8136
44.4536 59.7909
44.4538 59.8528
44.4539 60.0478
44.4544 60.0188
44.4546 59.8020
44.4546 60.0873
44.4548 59.8062
44.4549 59.8364
44.4550 59.8162
44.4551 59.7905
44.4551 59.8059
44.4552 59.8207
44.4555 59.8048
44.4556 60.0939
44.4557 60.0664
44.4557 60.0784
44.4558 59.7800
44.4558 59.8197
44.4559 60.1102
44.4561 60.1516
44.4563 59.7650
44.4563 59.8267
44.4564 59.8112
44.4566 59.8497
44.4569 59.8107
44.4570 60.0774
44.4571 59.8236
44.4572 59.7978
44.4572 59.8210
44.4574 59.7891
44.4574 59.8520
44.4575 59.7832
44.4576 59.8144
44.4577 59.7347
44.4578 59.7379
44.4580 59.8312
44.4580 59.9002
44.4581 59.8161
44.4583 59.8242
44.4585 59.7698
44.4587 59.8777
44.4588 59.8432
44.4588 60.1811
44.4590 60.1183
44.4592 59.8405
44.4603 59.8551
44.4604 59.7388
44.4605 59.7915
44.4605 59.8232
44.4605 60.1657
44.4606 59.7641
44.4606 60.0806
44.4607 60.0904
44.4609 59.7171
44.4609 59.8032
44.4611 59.8678
44.4613 59.7515
44.4613 60.1735
44.4615 59.7923
44.4616 59.7521
44.4617 59.7832
44.4617 59.8116
44.4617 60.0956
44.4619 59.8604
44.4619 59.8915
44.4620 60.0772
44.4624 59.7675
44.4625 59.7980
44.4626 60.1496
44.4628 60.0833
44.4629 59.7868
44.4629 59.8949
44.4630 59.8759
44.4632 59.6009
44.4633 59.7822
44.4635 59.7966
44.4636 59.7272
44.4636 59.7590
44.4638 59.7734
44.4639 59.8111
44.4639 59.8280
44.4641 60.0896
44.4642 59.8452
44.4642 60.0467
44.4643 60.0854
44.4645 59.8333
44.4645 59.8888
44.4646 59.7888
44.4647 60.1316
44.4650 60.1301
44.4651 59.8168
44.4654 60.1274
44.4655 59.8380
44.4655 59.8668
44.4657 59.9278
44.4658 59.8148
44.4659 60.0703
44.4660 60.1689
44.4662 59.8261
44.4665 59.7846
44.4665 59.8391
44.4666 59.7758
44.4666 59.8102
44.4666 59.8289
44.4667 59.7619
44.4669 59.8511
44.4671 59.7417
44.4672 59.7956
44.4672 60.0630
44.4675 59.8075
44.4676 59.7901
44.4678 59.8259
44.4678 60.0631
44.4681 59.7883
44.4681 60.0763
44.4682 59.7281
44.4682 59.7789
44.4686 59.8770
44.4686 60.0471
44.4687 59.7164
44.4687 59.8785
44.4688 59.8132
44.4688 60.1892
44.4690 59.7958
44.4692 60.1024
44.4695 60.1128
44.4697 59.9309
44.4698 60.1265
44.4699 59.7305
44.4700 59.8022
44.4700 60.0972
44.4701 59.8257
44.4702 59.7645
44.4703 60.0736
44.4704 59.7160
44.4704 60.0807
44.4704 60.1280
44.4705 59.8065
44.4705 59.8168
44.4707 60.1340
44.4708 59.8054
44.4708 59.8302
44.4708 59.8411
44.4708 59.8910
44.4711 59.8148
44.4712 59.7805
44.4712 60.0670
44.4713 59.8004
44.4714 59.7935
44.4717 60.1088
44.4718 59.7726
44.4718 59.8997
44.4718 60.1341
44.4719 59.7604
44.4722 59.6942
44.4723 59.8489
44.4724 59.8407
44.4725 59.8571
44.4727 59.7443
44.4727 60.2138
44.4728 59.8040
44.4728 60.1083
44.4731 60.1448
44.4732 59.8603
44.4734 59.8040
44.4736 60.0918
44.4737 59.8149
44.4738 59.8501
44.4740 59.7869
44.4741 59.8137
44.4742 59.7362
44.4743 59.9189
44.4744 59.8449
44.4746 59.8152
44.4746 59.8306
44.4746 60.0604
44.4751 59.7664
44.4753 60.1262
44.4755 60.1414
44.4756 60.1075
44.4759 59.8694
44.4760 60.0524
44.4763 59.8127
44.4764 59.8331
44.4764 60.0389
44.4765 59.9116
44.4765 60.0859
44.4766 59.8238
44.4766 59.8788
44.4770 59.8593
44.4770 60.1005
44.4771 59.8044
44.4771 60.0966
44.4773 59.8479
44.4773 60.0580
44.4775 59.8036
44.4775 60.1232
44.4776 59.8509
44.4776 60.0587
44.4778 59.8163
44.4778 59.8188
44.4780 59.8097
44.4780 59.8154
44.4781 59.7769
44.4782 59.8450
44.4782 59.8530
44.4782 60.1638
44.4783 59.8300
44.4784 59.7870
44.4786 59.8238
44.4788 59.9960
44.4791 60.0749
44.4792 59.7817
44.4792 59.7974
44.4792 59.9901
44.4792 60.1052
44.4794 59.8450
44.4794 60.0380
44.4794 60.1077
44.4796 59.8574
44.4799 59.7486
44.4800 59.7326
44.4801 59.8129
44.4803 59.8015
44.4803 60.0924
44.4804 59.7565
44.4804 59.8546
44.4807 59.8660
44.4808 60.0772
44.4810 60.0665
44.4811 59.7863
44.4813 59.8973
44.4814 59.8583
44.4816 60.1023
44.4817 59.8432
44.4817 59.8599
44.4818 59.7944
44.4819 59.7981
44.4819 59.8545
44.4820 59.8202
44.4825 59.8807
44.4825 60.0991
44.4826 59.7869
44.4828 59.8190
44.4828 59.8256
44.4837 59.7616
44.4837 59.9959
44.4838 59.7916
44.4840 60.0973
44.4842 59.7033
44.4843 59.8712
44.4844 59.8433
44.4844 59.8512
44.4845 59.8354
44.4853 59.7223
44.4853 60.0489
44.4854 60.1207
44.4859 59.7635
44.4859 59.8166
44.4860 59.8276
44.4862 60.2205
44.4863 59.7888
44.4863 59.8194
44.4867 59.6801
44.4868 60.1104
44.4869 60.0696
44.4869 60.1114
44.4872 59.8204
44.4873 60.0887
44.4874 59.8204
44.4874 60.0539
44.4875 59.7483
44.4875 60.0717
44.4878 60.0712
44.4880 59.9273
44.4884 59.7997
44.4885 59.8161
44.4885 59.8516
44.4885 59.8591
44.4886 59.7540
44.4894 60.1065
44.4895 59.8226
44.4897 60.1016
44.4901 59.8155
44.4901 59.8163
44.4901 59.8312
44.4904 60.1133
44.4905 59.8398
44.4905 59.8407
44.4905 60.0944
44.4907 59.8580
44.4909 60.1079
44.4910 60.0845
44.4911 59.8186
44.4912 59.9055
44.4914 60.0398
44.4915 59.8139
44.4915 59.8735
44.4916 60.0590
44.4916 60.1510
44.4918 60.0697
44.4920 59.8156
44.4920 60.0919
44.4922 60.1393
44.4926 60.0486
44.4926 60.1284
44.4926 60.1408
44.4927 60.0513
44.4930 59.8959
44.4932 59.8364
44.4934 59.7832
44.4935 59.7724
44.4935 60.1150
44.4938 60.0781
44.4939 59.7561
44.4940 59.8542
44.4941 59.8985
44.4945 60.1781
44.4946 59.8717
44.4949 59.7326
44.4952 59.8348
44.4957 60.1396
44.4958 59.8359
44.4959 60.0795
44.4960 59.8379
44.4962 60.2255
44.4964 59.7422
44.4970 60.1194
44.4974 59.8324
44.4974 60.1017
44.4975 59.8559
44.4975 60.0521
44.4979 59.7739
44.4982 60.1500
44.4983 60.1142
44.4984 59.8271
44.4984 59.8503
44.4985 60.0929
44.4985 60.1647
44.4986 59.7337
44.4986 59.7907
44.4988 59.6794
44.4990 60.0711
44.4992 59.8119
44.4998 60.1017
44.5000 59.8081
44.5000 59.9172
44.5001 59.8861
44.5002 60.0746
44.5003 60.0878
44.5003 60.1552
44.5004 59.7804
44.5004 60.0298
44.5005 59.8922
44.5007 59.8347
44.5010 60.0664
44.5012 59.7439
44.5015 59.7719
44.5015 60.1003
44.5017 60.0052
44.5020 60.0099
44.5024 59.8009
44.5028 60.1227
44.5029 59.8210
44.5030 59.7803
44.5036 59.7786
44.5040 59.8420
44.5041 59.9298
44.5041 60.0755
44.5043 59.8528
44.5047 59.8487
44.5050 59.7492
44.5050 59.8470
44.5050 59.8746
44.5050 59.8774
44.5052 60.1731
44.5054 59.7868
44.5055 59.8234
44.5055 60.1086
44.5056 60.0710
44.5056 60.0896
44.5059 59.8316
44.5062 60.1042
44.5063 60.1459
44.5068 60.0979
44.5070 60.0722
44.5072 59.9483
44.5074 60.0807
44.5078 59.8911
44.5079 59.7536
44.5079 59.7936
44.5081 59.8022
44.5084 59.8155
44.5086 60.0959
44.5087 59.7624
44.5088 59.8383
44.5089 60.0283
44.5092 59.8389
44.5096 60.1151
44.5102 60.0493
44.5102 60.0533
44.5105 60.1308
44.5106 60.0926
44.5113 60.0701
44.5115 59.8509
44.5123 60.0491
44.5126 59.7636
44.5127 60.0889
44.5131 59.8038
44.5131 59.8294
44.5133 59.8233
44.5133 60.1080
44.5135 59.7410
44.5135 59.8344
44.5138 60.1774
44.5141 60.0516
44.5143 59.8181
44.5150 60.0739
44.5152 59.7041
44.5152 59.8281
44.5152 60.1213
44.5152 60.1221
44.5168 60.1414
44.5170 59.8401
44.5172 59.8149
44.5173 59.8803
44.5176 59.8357
44.5180 60.0672
44.5182 59.8112
44.5184 60.1161
44.5186 60.1410
44.5188 60.0717
44.5191 59.7979
44.5192 59.7588
44.5193 59.7387
44.5194 59.6914
44.5194 60.1335
44.5198 59.8628
44.5206 59.8045
44.5208 59.7988
44.5210 59.8257
44.5210 59.8796
44.5213 59.7522
44.5216 59.8187
44.5216 59.9568
44.5217 59.6284
44.5219 60.0102
44.5221 59.7602
44.5225 59.8775
44.5229 60.0459
44.5231 59.8189
44.5233 59.8373
44.5241 60.1736
44.5242 59.7966
44.5243 59.7190
44.5243 60.0335
44.5245 60.0940
44.5252 60.0216
44.5253 60.1199
44.5260 59.7873
44.5263 60.0660
44.5269 59.8231
44.5272 60.1291
44.5274 60.0651
44.5287 59.8011
44.5294 60.0778
44.5295 60.0811
44.5302 60.0609
44.5302 60.1287
44.5303 59.8045
44.5310 59.8279
44.5318 60.0566
44.5319 60.0864
44.5320 59.8111
44.5323 60.1126
44.5324 59.7734
44.5324 59.8279
44.5326 59.7390
44.5327 59.8191
44.5334 59.8547
44.5338 59.8553
44.5348 60.1571
44.5357 59.7779
44.5386 60.1537
44.5387 59.8647
44.5393 59.8253
44.5397 60.0119
44.5410 59.8941
44.5412 59.7591
44.5414 59.8417
44.5417 59.7491
44.5420 59.7503
44.5421 60.0211
44.5431 59.7865
44.5447 60.0045
44.5448 60.1445
44.5451 60.0257
44.5453 59.8008
44.5466 59.7452
44.5469 59.8033
44.5471 59.8060
44.5472 60.1355
44.5480 59.8843
44.5488 59.8593
44.5506 60.1537
44.5514 59.8005
44.5529 60.0770
44.5538 60.1105
44.5558 59.8533
44.5561 59.7626
44.5587 60.1952
44.5595 59.7170
44.5595 60.0779
44.5596 60.1006
44.5629 59.7198
44.5643 60.0959
44.5656 60.0512
44.5671 60.1213
44.5680 59.8435
44.5688 59.8119
44.5732 60.1253
44.5745 59.6604
44.5748 59.8771
44.5764 59.6861
44.5773 59.7477
44.5784 60.0287
44.5789 59.9435
44.5793 60.1390
44.5829 60.1192
44.5886 60.0172
44.5887 59.9464
44.5895 59.9725
44.5907 59.6585
44.5937 59.8126
44.5952 60.0939
44.5959 59.7273
44.5963 59.7490
44.5966 59.7401
44.5971 60.0805
44.5984 59.8127
44.6014 59.9538
44.6015 60.1196
44.6041 59.7935
44.6042 59.9521
44.6051 59.7439
44.6053 60.0906
44.6056 60.0075
44.6064 59.9419
44.6072 59.9567
44.6093 60.1076
44.6098 59.9871
44.6114 60.0813
44.6120 59.7338
44.6122 59.8170
44.6122 60.0210
44.6123 60.0584
44.6127 59.8967
44.6139 60.0217
44.6139 60.1141
44.6144 59.7768
44.6146 59.7664
44.6157 59.9610
44.6161 60.0259
44.6164 59.6195
44.6181 59.8155
44.6187 59.5864
44.6191 60.0376
44.6205 60.1847
44.6209 59.8287
44.6227 59.8129
44.6228 59.8894
44.6231 59.9653
44.6234 60.1011
44.6244 59.7255
44.6246 59.9346
44.6249 59.7254
44.6259 59.7851
44.6264 59.7764
44.6275 59.8022
44.6283 59.7838
44.6286 59.6928
44.6295 59.7169
44.6298 59.7657
44.6299 59.6792
44.6300 59.6316
44.6310 60.0443
44.6314 59.7474
44.6315 59.7085
44.6316 59.8361
44.6340 59.9530
44.6345 59.7703
44.6353 59.6855
44.6378 59.9640
44.6382 60.1332
44.6387 60.0672
44.6389 59.8610
44.6397 59.8020
44.6405 59.7797
44.6407 59.8026
44.6421 59.7896
44.6421 59.7962
44.6427 59.9348
44.6432 59.9705
44.6442 59.6602
44.6457 59.7379
44.6458 59.7017
44.6459 59.7310
44.6461 59.7371
44.6461 59.7458
44.6464 59.7790
44.6466 59.9854
44.6467 59.7803
44.6469 59.7522
44.6471 60.1168
44.6491 60.0695
44.6499 59.9626
44.6502 59.7926
44.6508 60.0265
44.6509 59.7939
44.6509 59.7977
44.6512 59.9893
44.6516 59.7348
44.6520 60.0012
44.6520 60.1221
44.6523 59.6956
44.6532 59.7415
44.6532 59.7652
44.6535 59.7942
44.6540 59.8038
44.6547 59.7677
44.6548 59.7619
44.6553 59.7901
44.6553 59.8008
44.6554 59.6636
44.6554 59.7358
44.6571 59.6242
44.6585 59.6898
44.6587 59.7976
44.6596 59.7201
44.6600 59.7807
44.6600 59.7833
44.6608 59.6776
44.6616 59.7742
44.6624 59.8356
44.6631 59.7906
44.6634 59.7361
44.6646 59.6840
44.6648 59.7832
44.6649 59.7480
44.6665 59.7287
44.6668 59.9007
44.6670 59.7388
44.6672 59.7426
44.6679 59.6912
44.6684 59.7994
44.6691 59.6961
44.6695 60.0577
44.6696 59.9101
44.6698 59.9127
44.6706 60.2093
44.6713 59.7200
44.6714 60.1281
44.6726 59.8001
44.6729 59.9732
44.6730 59.7814
44.6730 59.7857
44.6731 59.7288
44.6732 59.7188
44.6732 60.0793
44.6741 59.8787
44.6749 59.7533
44.6757 60.0818
44.6759 60.1414
44.6762 59.7563
44.6766 60.1142
44.6767 60.0124
44.6774 59.6719
44.6778 59.7357
44.6783 59.7034
44.6793 59.7314
44.6794 59.9875
44.6800 59.6367
44.6805 59.7439
44.6805 60.0609
44.6811 59.7593
44.6811 59.7615
44.6816 59.6005
44.6817 59.8078
44.6828 60.1055
44.6830 59.6731
44.6831 59.7767
44.6833 59.7824
44.6834 59.8255
44.6835 60.1069
44.6841 59.7906
44.6842 59.8034
44.6843 59.8001
44.6849 60.0802
44.6850 59.7376
44.6862 59.8493
44.6867 59.7327
44.6867 60.0320
44.6868 59.7806
44.6872 60.2260
44.6882 60.1366
44.6884 59.7460
44.6890 60.1231
44.6891 59.7742
44.6901 60.0778
44.6902 59.9924
44.6904 59.7502
44.6906 60.0731
44.6908 60.0285
44.6912 59.8156
44.6914 59.9666
44.6915 59.7998
44.6915 60.0382
44.6925 59.7038
44.6926 60.1140
44.6928 60.0723
44.6929 59.7909
44.6930 59.7775
44.6934 59.7689
44.6936 59.7770
44.6936 59.8225
44.6941 59.7361
44.6942 59.7643
44.6943 59.7021
44.6953 59.7124
44.6953 60.0493
44.6955 59.7428
44.6956 60.1136
44.6960 60.0384
44.6961 59.6930
44.6962 60.0540
44.6966 59.7266
44.6982 59.7261
44.6982 59.8606
44.6983 60.1004
44.6984 60.0117
44.6984 60.0673
44.6986 59.7108
44.6992 59.9522
44.6992 60.1675
44.6994 60.0566
44.6996 60.1176
44.7002 59.9656
44.7005 59.7332
44.7005 60.1142
44.7009 60.1430
44.7011 60.0994
44.7016 60.0690
44.7019 59.9542
44.7020 59.8099
44.7022 60.0080
44.7022 60.1151
44.7024 59.7256
44.7024 59.7850
44.7029 59.7468
44.7036 60.0140
44.7038 59.6744
44.7040 59.7677
44.7040 59.7841
44.7051 59.7436
44.7053 60.1179
44.7054 59.9530
44.7059 60.1027
44.7062 60.1929
44.7065 59.9135
44.7069 60.0127
44.7071 60.1222
44.7072 59.6976
44.7074 59.7651
44.7078 59.7315
44.7079 60.0168
44.7081 59.6953
44.7081 59.7538
44.7084 59.7986
44.7088 60.0424
44.7089 60.1040
44.7093 59.7489
44.7093 60.0869
44.7099 60.0824
44.7101 59.7525
44.7104 59.7585
44.7105 59.7754
44.7105 60.1475
44.7106 60.0730
44.7109 60.0179
44.7110 59.8089
44.7110 59.8545
44.7112 60.0022
44.7113 59.6406
44.7114 59.7364
44.7115 60.0962
44.7116 60.1148
44.7118 60.0882
44.7123 60.0476
44.7128 60.0874
44.7129 60.0221
44.7135 60.0131
44.7135 60.0767
44.7137 59.9499
44.7138 60.0073
44.7143 59.7716
44.7147 60.0470
44.7154 60.1197
44.7156 60.0979
44.7157 59.7249
44.7157 60.1202
44.7161 60.0957
44.7164 59.6499
44.7164 59.8895
44.7165 60.0238
44.7168 59.7717
44.7174 60.0606
44.7175 59.7243
44.7176 60.0806
44.7176 60.0841
44.7178 59.7584
44.7179 60.0712
44.7186 60.0552
44.7187 59.7646
44.7190 59.7822
44.7190 60.1274
44.7192 60.0846
44.7193 59.6502
44.7194 59.9391
44.7194 60.0825
44.7197 59.9396
44.7200 60.0955
44.7205 59.8244
44.7206 59.6683
44.7207 60.0429
44.7208 59.6199
44.7210 59.8660
44.7211 59.9850
44.7211 60.1211
44.7212 59.6763
44.7212 60.0118
44.7213 59.7405
44.7215 59.7879
44.7216 60.1022
44.7217 60.0439
44.7218 59.7098
44.7218 59.7555
44.7219 60.0602
44.7226 59.6905
44.7228 59.7324
44.7233 59.7417
44.7235 59.8149
44.7235 59.9663
44.7239 60.1030
44.7245 60.0126
44.7246 59.6799
44.7246 59.7373
44.7246 60.0201
44.7248 59.9883
44.7249 60.0594
44.7251 59.8205
44.7256 59.7315
44.7263 59.7208
44.7263 59.7724
44.7263 60.1036
44.7264 59.9912
44.7264 60.0452
44.7266 60.0516
44.7267 59.7409
44.7268 59.9553
44.7272 59.9179
44.7273 60.0635
44.7275 60.0908
44.7277 60.1076
44.7278 60.0839
44.7280 60.0955
44.7281 59.7050
44.7281 60.1044
44.7285 60.0333
44.7285 60.0996
44.7288 60.0679
44.7289 60.0334
44.7292 59.7148
44.7296 60.1488
44.7297 60.0251
44.7308 59.9311
44.7309 60.0421
44.7309 60.0825
44.7312 59.7205
44.7312 60.0349
44.7314 60.0681
44.7316 60.0566
44.7316 60.0609
44.7317 60.0512
44.7321 59.9628
44.7322 60.1019
44.7324 60.1131
44.7331 59.6977
44.7331 59.7556
44.7333 60.0765
44.7334 60.1037
44.7335 60.0873
44.7338 59.7201
44.7338 60.1799
44.7340 59.9884
44.7344 60.0101
44.7346 59.7319
44.7346 60.1627
44.7347 59.9635
44.7351 60.0895
44.7352 60.0878
44.7355 59.8115
44.7359 60.0328
44.7361 60.0506
44.7361 60.0666
44.7365 60.0087
44.7366 59.8925
44.7369 59.6467
44.7369 60.0328
44.7370 59.7905
44.7371 59.7707
44.7376 60.0903
44.7379 60.0206
44.7379 60.1077
44.7379 60.1404
44.7381 60.0728
44.7381 60.1066
44.7387 59.7781
44.7388 59.8031
44.7390 59.8958
44.7392 59.7683
44.7393 59.6886
44.7393 59.7184
44.7395 60.0791
44.7396 60.0479
44.7398 59.7411
44.7401 60.1089
44.7403 59.7208
44.7403 60.0019
44.7409 59.7187
44.7409 59.9219
44.7409 59.9656
44.7410 60.0570
44.7412 59.8071
44.7412 60.2146
44.7413 60.0819
44.7414 60.0610
44.7415 60.0848
44.7420 60.0414
44.7420 60.1116
44.7422 60.0345
44.7423 59.7087
44.7423 60.0300
44.7423 60.0421
44.7423 60.0651
44.7425 60.0604
44.7430 60.1193
44.7432 59.7496
44.7435 60.0409
44.7436 60.1107
44.7438 60.0617
44.7438 60.1162
44.7439 60.0876
44.7440 59.8851
44.7441 59.9966
44.7443 60.1521
44.7444 60.0988
44.7447 59.6863
44.7450 60.0307
44.7457 59.6537
44.7458 59.7191
44.7461 60.0641
44.7462 59.8888
44.7463 59.8244
44.7463 60.0821
44.7465 60.0781
44.7466 59.7063
44.7468 60.0723
44.7471 60.0468
44.7472 59.7681
44.7474 60.1389
44.7477 59.7198
44.7477 60.0866
44.7482 60.0548
44.7486 59.7509
44.7487 59.7322
44.7488 60.0913
44.7490 60.0789
44.7491 59.7979
44.7495 60.0545
44.7497 60.0281
44.7499 59.7212
44.7500 60.0130
44.7500 60.0211
44.7500 60.0666
44.7502 60.0799
44.7503 60.0783
44.7510 59.9901
44.7510 60.0826
44.7514 60.0003
44.7514 60.0125
44.7522 60.0860
44.7524 59.7142
44.7524 60.1039
44.7525 60.0161
44.7527 59.9835
44.7532 60.0487
44.7533 60.0194
44.7539 60.1384
44.7542 60.0467
44.7543 60.0535
44.7545 59.7353
44.7547 60.0998
44.7551 60.1273
44.7554 60.0485
44.7558 60.1104
44.7559 59.9938
44.7560 59.9272
44.7576 59.9593
44.7576 60.1209
44.7577 59.6695
44.7577 59.7378
44.7578 60.1007
44.7579 59.7507
44.7581 59.7907
44.7582 59.7564
44.7582 60.0860
44.7583 59.7415
44.7584 59.8004
44.7587 59.8802
44.7588 59.6485
44.7591 60.0201
44.7592 59.7305
44.7594 60.1314
44.7596 59.7778
44.7597 59.7149
44.7599 60.0273
44.7600 60.0672
44.7602 59.6326
44.7606 60.0688
44.7607 60.0591
44.7608 59.9184
44.7612 60.1109
44.7615 59.7299
44.7616 59.6871
44.7617 60.0468
44.7624 60.0632
44.7625 59.7288
44.7628 60.0353
44.7634 60.0621
44.7637 60.0763
44.7640 59.7057
44.7641 59.6923
44.7641 60.0672
44.7643 59.8184
44.7646 60.0563
44.7646 60.1489
44.7647 60.0807
44.7647 60.1640
44.7649 60.1033
44.7655 60.0500
44.7658 60.0443
44.7659 59.7853
44.7665 60.0119
44.7665 60.0311
44.7669 60.0935
44.7681 60.0182
44.7690 60.0748
44.7697 59.8341
44.7698 60.0870
44.7706 60.1023
44.7708 60.1503
44.7708 60.1535
44.7711 60.0337
44.7715 60.0890
44.7716 60.0707
44.7722 60.0490
44.7726 59.6430
44.7726 60.0566
44.7726 60.0701
44.7733 60.0350
44.7733 60.0444
44.7737 60.0111
44.7738 60.0745
44.7738 60.1288
44.7747 60.0362
44.7748 60.0956
44.7749 60.1036
44.7750 60.1091
44.7750 60.1220
44.7754 60.0346
44.7755 59.7578
44.7755 59.9740
44.7757 60.0750
44.7759 59.7201
44.7763 60.0322
44.7768 60.1526
44.7769 60.1088
44.7770 60.0428
44.7775 60.0857
44.7776 60.0025
44.7777 60.0679
44.7782 60.0581
44.7783 59.6485
44.7785 60.0618
44.7791 59.7452
44.7797 60.0844
44.7801 60.0381
44.7817 59.9739
44.7819 60.1596
44.7824 59.6621
44.7829 60.0877
44.7832 59.7603
44.7834 60.0625
44.7835 60.0656
44.7845 60.0648
44.7846 60.0724
44.7847 59.7146
44.7860 60.0907
44.7861 60.0213
44.7864 60.0195
44.7865 60.1375
44.7872 60.0274
44.7873 60.0820
44.7874 60.0678
44.7880 60.0341
44.7890 60.1134
44.7894 60.0401
44.7895 60.0262
44.7903 59.7424
44.7905 60.0676
44.7907 60.1035
44.7912 59.9511
44.7914 60.0571
44.7915 59.7513
44.7919 60.0491
44.7926 59.9718
44.7931 59.7636
44.7933 59.9956
44.7937 60.0596
44.7946 60.0770
44.7947 59.7710
44.7952 59.9747
44.7954 60.1114
44.7969 60.0544
44.7970 60.0075
44.7971 60.0034
44.7975 59.6755
44.7980 60.0306
44.7981 60.0913
44.7991 59.8095
44.7992 60.0216
44.8002 60.0323
44.8003 60.1486
44.8009 59.9582
44.8009 60.0427
44.8010 60.0415
44.8016 60.0502
44.8022 60.0881
44.8031 60.1032
44.8036 59.6724
44.8059 60.0279
44.8068 60.1219
44.8075 60.0729
44.8095 60.0814
44.8109 60.0065
44.8119 60.0489
44.8125 59.7405
44.8128 59.7220
44.8153 60.0659
44.8163 60.0373
44.8175 60.0682
44.8176 60.0675
44.8192 60.0435
44.8218 60.0549
44.8227 60.0553
44.8231 60.0597
44.8245 59.9929
44.8245 60.0654
44.8251 59.7444
44.8253 60.0230
44.8254 59.9439
44.8257 59.9336
44.8273 60.1455
44.8316 59.9746
44.8317 60.0459
44.8337 60.0129
44.8341 59.7872
44.8342 60.0035
44.8351 59.9391
44.8361 59.9678
44.8375 59.8634
44.8436 59.7364
44.8505 60.0338
44.8602 60.0060
44.8604 59.7988
44.8728 59.8458
44.9077 60.0723
