103.3183 86.0938
103.3209 86.0925
103.3276 86.0925
103.3289 86.1442
103.3342 86.0693
103.3360 86.0832
103.3362 86.1367
103.3371 86.0433
103.3379 86.0490
103.3381 86.0594
103.3387 86.1331
103.3451 86.0739
103.3493 86.0495
103.3521 86.1299
103.3577 86.1376
103.3611 86.1212
103.3624 86.0403
103.3625 85.9980
103.3630 86.1426
103.3646 86.0253
103.3654 86.1058
103.3663 86.0077
103.3697 86.0485
103.3734 86.0742
103.3752 85.9613
103.3758 86.1105
103.3772 85.9698
103.3777 86.2249
103.3784 86.1053
103.3815 86.1108
103.3878 85.9810
103.3925 86.1139
103.3929 86.0692
103.3931 85.9337
103.3932 86.0641
103.3956 86.1253
103.3960 86.1357
103.3979 86.0555
103.3987 85.9296
103.3987 86.0500
103.3990 86.0615
103.4010 86.0844
103.4022 86.0845
103.4031 86.0575
103.4043 86.1413
103.4054 86.0684
103.4072 86.0093
103.4081 86.0727
103.4081 86.0827
103.4085 85.9003
103.4100 85.9378
103.4108 86.1339
103.4111 86.0106
103.4112 86.0789
103.4118 86.1093
103.4119 86.0784
103.4124 86.0305
103.4156 86.1676
103.4160 86.1517
103.4169 86.0506
103.4179 86.1235
103.4214 85.9230
103.4214 86.1269
103.4216 86.1000
103.4238 86.1324
103.4249 86.1170
103.4253 86.0506
103.4261 86.0363
103.4272 86.0970
103.4283 86.0361
103.4287 86.0754
103.4296 86.1399
103.4298 86.1075
103.4306 86.0691
103.4309 86.0801
103.4370 86.0907
103.4399 86.1110
103.4401 85.9915
103.4404 86.0424
103.4442 86.0973
103.4449 85.9755
103.4450 86.1166
103.4459 86.2390
103.4460 86.0724
103.4473 86.0674
103.4486 86.0254
103.4494 86.1490
103.4496 86.0607
103.4498 86.1424
103.4503 86.1042
103.4508 86.1517
103.4509 86.0595
103.4512 86.0598
103.4513 86.0517
103.4516 86.1073
103.4518 86.0644
103.4528 86.1931
103.4529 85.9978
103.4539 86.0320
103.4547 86.0670
103.4557 86.0753
103.4560 86.0519
103.4565 86.1405
103.4568 86.0680
103.4577 86.1600
103.4584 85.9536
103.4595 86.0316
103.4595 86.1722
103.4596 85.9929
103.4607 86.1356
103.4628 86.0360
103.4634 86.1130
103.4649 86.1355
103.4652 86.0450
103.4667 86.1665
103.4670 86.1599
103.4686 85.9897
103.4717 86.0569
103.4721 86.1262
103.4722 86.0900
103.4724 86.1159
103.4727 86.0446
103.4733 86.0579
103.4743 86.0985
103.4750 86.1007
103.4755 86.2582
103.4765 85.9382
103.4769 86.0210
103.4770 86.1490
103.4771 86.0303
103.4792 86.0684
103.4800 85.9740
103.4814 86.0865
103.4822 86.2004
103.4844 86.0420
103.4846 86.0868
103.4863 85.8222
103.4863 85.8657
103.4865 86.0911
103.4866 86.0374
103.4873 86.1548
103.4875 85.9057
103.4878 85.9078
103.4882 86.0350
103.4896 86.1556
103.4911 86.2546
103.4940 85.9318
103.4941 86.1933
103.4949 86.0103
103.4949 86.0330
103.4951 86.2158
103.4957 86.0447
103.4960 86.0073
103.4964 86.0590
103.4971 86.0350
103.4973 85.9736
103.4981 86.0844
103.4998 86.1786
103.5008 86.1070
103.5020 86.2093
103.5023 86.0917
103.5052 86.0580
103.5057 86.2035
103.5059 86.0975
103.5071 86.0935
103.5081 86.3182
103.5101 86.1237
103.5134 86.0316
103.5145 85.9699
103.5145 86.1031
103.5159 85.9899
103.5161 85.9435
103.5161 86.1090
103.5168 86.0274
103.5190 86.0032
103.5198 86.1994
103.5204 86.1467
103.5210 86.0322
103.5221 86.1061
103.5222 85.9920
103.5234 86.1201
103.5237 86.2105
103.5238 86.1297
103.5243 86.0819
103.5252 85.9171
103.5272 85.9353
103.5281 85.9434
103.5302 86.1070
103.5306 85.7829
103.5314 85.9784
103.5314 86.1795
103.5328 86.1338
103.5332 86.2384
103.5339 86.0175
103.5355 86.1550
103.5371 85.8686
103.5381 86.2247
103.5392 85.8995
103.5396 86.2742
103.5402 85.8112
103.5404 86.0947
103.5408 86.2632
103.5425 86.0514
103.5430 86.0602
103.5451 86.1214
103.5461 86.0544
103.5465 86.2107
103.5470 86.1998
103.5476 86.2885
103.5477 85.9476
103.5508 86.0131
103.5532 86.2661
103.5536 86.0310
103.5560 86.2371
103.5561 86.3439
103.5568 86.2321
103.5568 86.2760
103.5569 86.3042
103.5574 86.0550
103.5587 86.0897
103.5604 86.2692
103.5607 86.1119
103.5620 86.2226
103.5623 86.2794
103.5629 86.2860
103.5635 86.2307
103.5642 85.9849
103.5643 86.2752
103.5645 85.7490
103.5655 86.2751
103.5666 86.0060
103.5671 85.8359
103.5673 86.2276
103.5696 86.0669
103.5704 86.3482
103.5710 86.2707
103.5714 86.0666
103.5723 86.1510
103.5735 86.2556
103.5737 85.9559
103.5737 86.2243
103.5739 86.2514
103.5740 86.2635
103.5749 85.8944
103.5753 86.0856
103.5755 86.2390
103.5770 86.2307
103.5772 86.2771
103.5794 86.2804
103.5796 85.9825
103.5798 86.2885
103.5801 86.0479
103.5808 86.2130
103.5809 86.2556
103.5818 86.2717
103.5821 85.9896
103.5828 86.1040
103.5830 86.0601
103.5849 86.2110
103.5859 86.3005
103.5862 86.2534
103.5863 86.2706
103.5864 86.3862
103.5869 86.2518
103.5873 86.2229
103.5875 85.9509
103.5880 85.9819
103.5885 86.3182
103.5892 86.2593
103.5897 85.9275
103.5901 86.2644
103.5902 86.1642
103.5913 86.1594
103.5915 86.2804
103.5916 86.3002
103.5919 86.1900
103.5926 86.0379
103.5927 86.2553
103.5929 86.2197
103.5929 86.2218
103.5935 86.3017
103.5938 86.2393
103.5943 85.9507
103.5944 85.9911
103.5944 86.2089
103.5946 85.7201
103.5956 86.2892
103.5957 86.2721
103.5959 86.2963
103.5975 86.2108
103.5980 85.8529
103.5988 86.0803
103.5996 86.4399
103.5999 86.2688
103.6008 86.2744
103.6009 86.1449
103.6011 86.2584
103.6022 86.2659
103.6026 86.0097
103.6035 86.3202
103.6048 86.2483
103.6060 86.2534
103.6062 86.2482
103.6062 86.3416
103.6066 86.2402
103.6070 86.2891
103.6081 85.9606
103.6098 86.2924
103.6109 86.1881
103.6109 86.2575
103.6119 86.3167
103.6122 86.3143
103.6126 86.2952
103.6130 86.0128
103.6130 86.2351
103.6136 85.9958
103.6142 85.8727
103.6157 85.9280
103.6162 85.9741
103.6165 86.2743
103.6166 86.2469
103.6168 85.9029
103.6172 85.9673
103.6180 86.1038
103.6183 86.1512
103.6189 86.2967
103.6190 86.2453
103.6192 86.2905
103.6196 86.2720
103.6200 86.2061
103.6201 86.2616
103.6202 86.2923
103.6206 86.2949
103.6213 86.2334
103.6215 86.2795
103.6218 85.7785
103.6220 86.3040
103.6222 86.2168
103.6228 85.9001
103.6229 86.2024
103.6231 86.2442
103.6231 86.2479
103.6231 86.2635
103.6232 85.8576
103.6239 85.9860
103.6239 86.0192
103.6244 86.2678
103.6245 86.2688
103.6248 86.2268
103.6250 85.9910
103.6251 86.0163
103.6254 86.2951
103.6263 86.3483
103.6266 86.2895
103.6268 86.2603
103.6272 86.2838
103.6274 86.2968
103.6279 86.2389
103.6284 86.0143
103.6298 86.2736
103.6300 86.3177
103.6303 86.2257
103.6305 86.2109
103.6311 85.9685
103.6313 86.0158
103.6314 86.2613
103.6321 86.2473
103.6323 86.2965
103.6324 86.0075
103.6327 86.2201
103.6337 86.3007
103.6340 85.9314
103.6340 86.3039
103.6350 86.3347
103.6357 86.2991
103.6358 86.2096
103.6362 86.2642
103.6365 86.1746
103.6367 86.2462
103.6374 86.1588
103.6380 86.2719
103.6382 86.2737
103.6386 86.3044
103.6387 86.2637
103.6399 86.2085
103.6399 86.2911
103.6400 86.1740
103.6401 86.2237
103.6403 86.2901
103.6409 85.9117
103.6410 86.2006
103.6414 86.3428
103.6420 86.2793
103.6428 86.1384
103.6429 86.3105
103.6437 86.2880
103.6440 86.2278
103.6442 86.3514
103.6444 86.1654
103.6445 85.9653
103.6447 85.9435
103.6447 86.1116
103.6449 86.2494
103.6450 86.2679
103.6460 86.2760
103.6461 86.2205
103.6461 86.2434
103.6470 86.3152
103.6486 86.2635
103.6491 86.2861
103.6493 85.9265
103.6494 86.2786
103.6505 86.2416
103.6510 86.2497
103.6510 86.2893
103.6511 86.2998
103.6517 86.2397
103.6518 86.3150
103.6521 86.1358
103.6521 86.2956
103.6526 86.2692
103.6527 85.8720
103.6527 86.1995
103.6527 86.2566
103.6527 86.2804
103.6530 85.9473
103.6530 86.0397
103.6537 86.2060
103.6537 86.2287
103.6540 86.2753
103.6541 86.2339
103.6550 86.2198
103.6550 86.2580
103.6553 86.2232
103.6558 86.2987
103.6559 85.8199
103.6564 86.1681
103.6564 86.2434
103.6566 86.2774
103.6567 86.2576
103.6571 86.3585
103.6573 86.2740
103.6576 86.1074
103.6576 86.2095
103.6577 86.3730
103.6594 86.2485
103.6598 86.1608
103.6609 86.2525
103.6611 86.2013
103.6613 86.3219
103.6613 86.3396
103.6614 86.2621
103.6617 86.1152
103.6617 86.1666
103.6619 86.2407
103.6622 86.3029
103.6626 86.2569
103.6628 86.3325
103.6634 86.2998
103.6635 86.2483
103.6636 86.1723
103.6636 86.3011
103.6639 86.2320
103.6649 86.2615
103.6654 86.2762
103.6658 86.2198
103.6659 86.2762
103.6661 86.1868
103.6667 85.9195
103.6670 86.2748
103.6671 85.9456
103.6671 86.2884
103.6672 86.3395
103.6680 86.1042
103.6683 85.9076
103.6683 86.2441
103.6696 85.9977
103.6707 86.1850
103.6709 86.2902
103.6711 85.9325
103.6714 86.2646
103.6716 86.2335
103.6719 85.9450
103.6724 86.2854
103.6729 86.2919
103.6733 86.2809
103.6734 86.3125
103.6737 86.2368
103.6737 86.2556
103.6738 86.1895
103.6741 86.1301
103.6743 86.2647
103.6748 86.2729
103.6751 85.8503
103.6758 86.0361
103.6759 86.2164
103.6760 86.2263
103.6761 85.9092
103.6761 86.2425
103.6766 86.2109
103.6767 86.1988
103.6777 85.9183
103.6778 86.0312
103.6784 86.2867
103.6785 86.0664
103.6794 85.9584
103.6796 86.2097
103.6797 86.3169
103.6800 86.2786
103.6801 86.2185
103.6802 86.2095
103.6804 85.9807
103.6807 85.9360
103.6808 86.2662
103.6810 86.4037
103.6811 86.2576
103.6812 86.1581
103.6822 86.3002
103.6823 85.8183
103.6828 85.8133
103.6829 85.8769
103.6830 86.2082
103.6832 86.2600
103.6832 86.2759
103.6834 86.0911
103.6835 85.9280
103.6837 86.2649
103.6841 86.3039
103.6847 86.0189
103.6849 86.2455
103.6851 86.0961
103.6853 85.9472
103.6855 86.2375
103.6859 86.2419
103.6862 85.8745
103.6863 86.2654
103.6864 86.2020
103.6865 86.1939
103.6870 86.2700
103.6871 86.1885
103.6871 86.2146
103.6880 86.3291
103.6881 86.2996
103.6883 85.9154
103.6883 86.2497
103.6885 86.2233
103.6889 86.2804
103.6890 86.2245
103.6895 85.7410
103.6897 86.0192
103.6903 86.2816
103.6905 85.8368
103.6905 86.3333
103.6906 86.1564
103.6906 86.2294
103.6908 86.1334
103.6909 86.2300
103.6911 86.2485
103.6916 86.2070
103.6926 86.3061
103.6926 86.3078
103.6928 85.8355
103.6929 86.2078
103.6930 86.2388
103.6931 86.3079
103.6931 86.4791
103.6934 86.1767
103.6938 86.2982
103.6942 86.2344
103.6948 86.0421
103.6949 86.2285
103.6950 86.1798
103.6951 86.3633
103.6956 86.0763
103.6959 85.9292
103.6959 86.0319
103.6960 86.1702
103.6963 86.0092
103.6964 86.1522
103.6968 85.9168
103.6971 85.9612
103.6971 86.2397
103.6980 85.9679
103.6981 86.3264
103.6983 86.2732
103.6987 86.2400
103.6991 85.9770
103.6992 85.9955
103.6994 85.9404
103.7001 86.2833
103.7004 85.8847
103.7004 86.3143
103.7006 85.9222
103.7010 86.1476
103.7020 85.8631
103.7020 86.0052
103.7020 86.1888
103.7021 86.2640
103.7022 86.3514
103.7025 86.2936
103.7037 86.3154
103.7038 85.8856
103.7038 86.2439
103.7039 85.9384
103.7041 86.2281
103.7049 85.9567
103.7051 86.1067
103.7052 86.2611
103.7055 86.2206
103.7059 85.8370
103.7060 85.9429
103.7061 86.0773
103.7064 86.2825
103.7066 86.3034
103.7067 86.2932
103.7071 85.9566
103.7073 85.9183
103.7075 85.8639
103.7076 86.0708
103.7077 85.9695
103.7077 86.1096
103.7078 85.8830
103.7086 86.2457
103.7088 86.2185
103.7089 86.3173
103.7092 86.2956
103.7097 85.9531
103.7098 85.9316
103.7100 85.8550
103.7101 86.2636
103.7102 86.0162
103.7102 86.1078
103.7104 85.8850
103.7106 85.9748
103.7109 85.9602
103.7111 86.1200
103.7113 86.3158
103.7114 86.2637
103.7115 86.0200
103.7117 86.1411
103.7123 86.3220
103.7124 86.0285
103.7125 86.3178
103.7128 86.1049
103.7129 85.8849
103.7136 86.3716
103.7142 86.2744
103.7144 86.0997
103.7161 85.8943
103.7161 85.9652
103.7163 85.9255
103.7165 85.9256
103.7166 86.2677
103.7166 86.2732
103.7171 85.9989
103.7185 86.0330
103.7188 86.1918
103.7193 86.2628
103.7194 86.1140
103.7200 85.9562
103.7201 85.9185
103.7205 86.0347
103.7205 86.3414
103.7211 86.1840
103.7218 86.2723
103.7219 85.8129
103.7219 85.9013
103.7219 86.1657
103.7222 85.9734
103.7222 86.0115
103.7223 85.9541
103.7223 86.2534
103.7225 85.9745
103.7230 85.9969
103.7236 85.8895
103.7243 85.9829
103.7243 86.0669
103.7248 86.2632
103.7255 85.7880
103.7256 86.3317
103.7267 86.1736
103.7268 86.2071
103.7269 85.8594
103.7269 85.9886
103.7281 86.2834
103.7288 85.9724
103.7288 86.2797
103.7291 86.1192
103.7294 86.2158
103.7295 85.9975
103.7295 86.2690
103.7299 86.2795
103.7299 86.3719
103.7305 85.9253
103.7305 85.9966
103.7316 85.7951
103.7318 85.9551
103.7324 85.7736
103.7325 85.9279
103.7325 85.9529
103.7326 86.2696
103.7331 85.9623
103.7337 86.2294
103.7338 86.1147
103.7339 85.9686
103.7349 86.2755
103.7352 86.0642
103.7353 85.9351
103.7354 85.9770
103.7355 86.1200
103.7358 85.8550
103.7359 85.9242
103.7365 85.8225
103.7365 86.2910
103.7370 85.9889
103.7376 86.2401
103.7380 86.0385
103.7384 86.0832
103.7387 85.9600
103.7393 85.8457
103.7395 85.7919
103.7407 86.1781
103.7411 86.3009
103.7412 85.9399
103.7413 85.9527
103.7416 85.8911
103.7416 85.9019
103.7416 85.9713
103.7420 85.9836
103.7421 85.9460
103.7423 85.9098
103.7425 86.0022
103.7427 85.9654
103.7431 86.0484
103.7436 86.1630
103.7436 86.2699
103.7438 85.9165
103.7438 85.9319
103.7440 85.8427
103.7440 85.9677
103.7441 86.0166
103.7441 86.1248
103.7442 86.0068
103.7444 85.8320
103.7444 85.9881
103.7445 86.2334
103.7447 86.1377
103.7448 86.1500
103.7457 86.0138
103.7458 86.2501
103.7459 85.9777
103.7460 86.2734
103.7461 86.3387
103.7467 86.0368
103.7468 86.2758
103.7469 86.0396
103.7470 86.1548
103.7480 86.3058
103.7482 85.9106
103.7482 86.0797
103.7485 85.9852
103.7491 85.8098
103.7492 86.2087
103.7493 85.9057
103.7494 85.8965
103.7495 86.0502
103.7500 85.9482
103.7501 86.0539
103.7502 86.2219
103.7503 86.2456
103.7505 86.0504
103.7513 86.2304
103.7520 85.8388
103.7529 86.0921
103.7534 86.1713
103.7543 85.7646
103.7543 85.8304
103.7544 86.2781
103.7545 85.9217
103.7552 85.9770
103.7557 86.0093
103.7563 85.8477
103.7564 86.2213
103.7575 86.0124
103.7577 85.9554
103.7578 85.9245
103.7579 86.0458
103.7580 85.9606
103.7581 86.0509
103.7583 85.9486
103.7583 86.0616
103.7587 86.0932
103.7589 85.9732
103.7590 85.9823
103.7591 85.9687
103.7592 85.8843
103.7594 85.9291
103.7594 85.9556
103.7599 85.9708
103.7600 85.9360
103.7606 86.1146
103.7606 86.1703
103.7610 85.9814
103.7610 86.2311
103.7612 86.0645
103.7616 85.9818
103.7616 86.1719
103.7617 85.9511
103.7617 85.9883
103.7618 86.1435
103.7624 86.0679
103.7629 86.0276
103.7632 86.0522
103.7634 85.8597
103.7635 85.9724
103.7644 85.9342
103.7647 85.8319
103.7647 85.8573
103.7652 86.0878
103.7656 85.9767
103.7657 85.9908
103.7660 86.0877
103.7665 86.0543
103.7667 85.9178
103.7668 86.0976
103.7670 85.8434
103.7674 85.7808
103.7692 85.8637
103.7693 85.9588
103.7699 85.9076
103.7730 86.0229
103.7730 86.0839
103.7734 86.0642
103.7742 86.2613
103.7743 85.8972
103.7745 86.0650
103.7755 86.2445
103.7758 86.0289
103.7764 85.8413
103.7768 85.9044
103.7768 86.0131
103.7771 86.2470
103.7776 86.1378
103.7776 86.2595
103.7782 85.9012
103.7782 85.9437
103.7788 86.0528
103.7796 85.8446
103.7796 85.9943
103.7796 86.1294
103.7797 85.8843
103.7797 86.0133
103.7804 86.1712
103.7806 85.9493
103.7813 86.2504
103.7815 86.0256
103.7816 86.3077
103.7818 85.8163
103.7821 86.0177
103.7823 85.9215
103.7824 85.9513
103.7832 85.8943
103.7834 85.9566
103.7841 86.0066
103.7843 85.8181
103.7849 85.9353
103.7852 85.9792
103.7854 85.9727
103.7854 86.0103
103.7857 86.0375
103.7875 85.9741
103.7879 85.9306
103.7879 86.0458
103.7881 86.0189
103.7889 85.8366
103.7889 86.0608
103.7890 85.9621
103.7894 85.9980
103.7896 86.3887
103.7897 86.0471
103.7901 85.8855
103.7903 85.9204
103.7903 85.9934
103.7912 86.1486
103.7913 86.0806
103.7915 85.9869
103.7923 86.2572
103.7924 86.1166
103.7929 86.0145
103.7935 86.1879
103.7936 85.9780
103.7936 86.0266
103.7944 86.2021
103.7949 86.0009
103.7951 85.9453
103.7957 86.0105
103.7958 85.9560
103.7960 86.1895
103.7969 85.9084
103.7972 85.9587
103.7974 86.1471
103.7980 86.1290
103.7983 85.9538
103.7992 86.2714
103.7994 85.9091
103.7995 86.1102
103.8005 85.9842
103.8013 85.8320
103.8018 85.9445
103.8019 85.9809
103.8027 85.9772
103.8037 86.1362
103.8044 86.2666
103.8045 86.0615
103.8049 85.9626
103.8050 85.9762
103.8052 85.9795
103.8055 85.9920
103.8057 85.8017
103.8057 85.9875
103.8059 86.0254
103.8059 86.0763
103.8067 85.9504
103.8068 86.2050
103.8070 86.2309
103.8073 85.9745
103.8083 85.8509
103.8095 85.8729
103.8096 86.0355
103.8103 86.2097
103.8110 86.0026
103.8126 86.1806
103.8132 85.9522
103.8133 86.0287
103.8134 85.9891
103.8138 86.1551
103.8144 85.8459
103.8144 86.1953
103.8147 86.1449
103.8150 86.1052
103.8163 86.0990
103.8169 86.2612
103.8173 85.9552
103.8174 86.1911
103.8179 85.9603
103.8181 85.9979
103.8196 86.1801
103.8201 85.9401
103.8207 85.8404
103.8223 86.1847
103.8224 85.9753
103.8227 86.1709
103.8231 86.1844
103.8232 86.0485
103.8236 86.0945
103.8237 86.1884
103.8241 86.1299
103.8245 86.1335
103.8248 86.1709
103.8248 86.2676
103.8258 86.0123
103.8264 85.9050
103.8264 86.0283
103.8267 86.1380
103.8276 86.3039
103.8277 86.0825
103.8277 86.1175
103.8279 86.0004
103.8282 86.0554
103.8284 86.1070
103.8290 86.1708
103.8292 86.3062
103.8294 86.0107
103.8309 85.9887
103.8316 85.9226
103.8316 86.1437
103.8322 86.0638
103.8326 85.9820
103.8329 86.1331
103.8333 86.2000
103.8342 85.8251
103.8345 86.0127
103.8351 85.9530
103.8362 85.9975
103.8368 86.1784
103.8370 86.1477
103.8373 86.2263
103.8374 85.8806
103.8375 86.1818
103.8381 85.9420
103.8384 86.1723
103.8389 86.0312
103.8390 85.8036
103.8390 85.9929
103.8400 85.7481
103.8400 86.0739
103.8407 85.9989
103.8410 85.9647
103.8413 86.1039
103.8420 85.9992
103.8425 86.0147
103.8426 86.0551
103.8434 86.2569
103.8445 86.0946
103.8458 86.2405
103.8459 86.1595
103.8468 85.9975
103.8470 86.1501
103.8473 85.8787
103.8479 86.1391
103.8495 86.1333
103.8499 85.9609
103.8500 85.9813
103.8502 86.1431
103.8503 86.2895
103.8505 86.1771
103.8505 86.2462
103.8511 86.1743
103.8511 86.1821
103.8516 86.1653
103.8516 86.1711
103.8518 86.2791
103.8519 86.1983
103.8521 86.2533
103.8524 86.1389
103.8526 85.9755
103.8528 86.1762
103.8533 86.2573
103.8543 86.1430
103.8544 86.3093
103.8545 86.0277
103.8546 86.0900
103.8550 86.1972
103.8567 86.1736
103.8569 86.0290
103.8569 86.0928
103.8575 85.9609
103.8578 86.2063
103.8589 86.3583
103.8596 86.0956
103.8598 86.1027
103.8607 85.8944
103.8609 86.0503
103.8611 86.1694
103.8612 85.8553
103.8612 86.1530
103.8613 86.1867
103.8614 85.7962
103.8617 86.1575
103.8626 86.0994
103.8628 85.9026
103.8629 86.1632
103.8634 86.0318
103.8634 86.1525
103.8634 86.3167
103.8640 86.1244
103.8644 85.7746
103.8675 86.1783
103.8675 86.1789
103.8696 85.9892
103.8710 86.2711
103.8712 86.1775
103.8713 85.8556
103.8715 86.2358
103.8722 86.1822
103.8750 86.1921
103.8751 86.1545
103.8755 86.1354
103.8758 86.1455
103.8764 86.1909
103.8764 86.2157
103.8769 86.0269
103.8769 86.0845
103.8774 86.1722
103.8776 86.1421
103.8777 86.1865
103.8781 86.0630
103.8781 86.2097
103.8785 86.1319
103.8786 86.1834
103.8789 86.1907
103.8790 86.2049
103.8799 86.0759
103.8808 86.0488
103.8808 86.3450
103.8809 86.0255
103.8809 86.0710
103.8812 86.1495
103.8816 86.1691
103.8831 86.0636
103.8835 86.0478
103.8835 86.1368
103.8839 86.1291
103.8840 85.8804
103.8840 86.1942
103.8845 86.0830
103.8848 85.9697
103.8848 86.1350
103.8858 85.8770
103.8880 86.1186
103.8880 86.3387
103.8883 86.1324
103.8884 86.0854
103.8886 86.0775
103.8886 86.1761
103.8887 86.1822
103.8888 86.0900
103.8889 86.0959
103.8903 86.0319
103.8909 86.2670
103.8913 86.0652
103.8919 86.1612
103.8921 86.1127
103.8921 86.1789
103.8924 86.0707
103.8926 86.1793
103.8934 85.9056
103.8935 86.0788
103.8936 86.1514
103.8939 86.1177
103.8947 86.0874
103.8948 86.2350
103.8949 85.9861
103.8949 86.2284
103.8952 86.1242
103.8953 86.1430
103.8973 85.8723
103.8975 86.1830
103.8993 86.1237
103.8994 86.1528
103.8996 86.2211
103.9000 86.1939
103.9002 86.2023
103.9004 86.2198
103.9005 85.9549
103.9006 86.1303
103.9008 86.1760
103.9009 86.1716
103.9010 86.2052
103.9016 86.0259
103.9017 86.1145
103.9019 85.8831
103.9025 86.1492
103.9044 86.1898
103.9048 86.1582
103.9057 85.9860
103.9073 86.1119
103.9075 86.1699
103.9076 86.2585
103.9080 86.2031
103.9081 86.1194
103.9095 86.1057
103.9095 86.1840
103.9100 86.1862
103.9108 86.1787
103.9112 86.1464
103.9112 86.1646
103.9118 86.2229
103.9133 86.3470
103.9134 86.2296
103.9143 86.1503
103.9147 86.1379
103.9151 86.1461
103.9152 86.1054
103.9152 86.1535
103.9157 86.0458
103.9169 86.1704
103.9176 86.0954
103.9178 85.8388
103.9184 86.1649
103.9185 86.1959
103.9186 86.1843
103.9192 86.1148
103.9195 85.9840
103.9197 86.1437
103.9199 86.1235
103.9200 86.1661
103.9217 86.1810
103.9221 86.0273
103.9224 86.0799
103.9226 86.2231
103.9227 86.0801
103.9232 86.1297
103.9233 86.0195
103.9239 85.7748
103.9252 86.2340
103.9253 86.0578
103.9254 86.1456
103.9258 86.2117
103.9262 86.0372
103.9292 86.1578
103.9301 86.2208
103.9308 86.1758
103.9322 86.1034
103.9329 86.1097
103.9330 86.1293
103.9330 86.3150
103.9333 86.2075
103.9340 86.2029
103.9351 86.2324
103.9352 86.1057
103.9378 86.1689
103.9398 86.1673
103.9399 86.1331
103.9408 86.0507
103.9434 86.1347
103.9439 86.0952
103.9448 86.0165
103.9455 86.0865
103.9467 86.1070
103.9489 85.8044
103.9489 86.1670
103.9494 86.1026
103.9500 86.1452
103.9544 86.0958
103.9555 86.1500
103.9571 85.9498
103.9576 86.1372
103.9582 86.1815
103.9583 86.1354
103.9602 86.2132
103.9644 86.0801
103.9645 85.9252
103.9647 86.2026
103.9664 86.1460
103.9696 86.0132
103.9759 86.1928
103.9801 85.9805
103.9803 86.0727
103.9820 86.0363
103.9839 86.0399
103.9926 86.0891
103.9928 86.1144
103.9948 85.9686
104.0004 86.0686
104.0079 86.0731
104.0090 85.9275
104.0093 86.2548
104.0220 86.0435
104.0528 86.0249
