53.3905 104.6908
53.4351 104.6509
53.4455 104.9134
53.4716 104.6815
53.4717 104.7413
53.4817 104.6596
53.4887 104.7492
53.4892 104.7447
53.4895 104.6549
53.4986 104.7931
53.5105 104.7725
53.5270 104.5568
53.5276 104.7961
53.5282 104.9479
53.5359 105.0469
53.5398 104.6871
53.5409 104.9865
53.5418 105.0286
53.5433 104.6074
53.5440 104.6361
53.5476 104.9680
53.5477 104.9381
53.5493 104.5681
53.5510 104.6367
53.5519 104.8677
53.5535 104.7480
53.5553 104.5613
53.5555 104.7944
53.5559 104.9103
53.5560 104.6504
53.5564 104.4997
53.5570 104.7323
53.5611 104.8088
53.5614 104.5230
53.5615 105.0503
53.5616 104.8126
53.5623 104.8683
53.5635 104.5372
53.5647 105.0360
53.5670 104.5671
53.5687 104.5988
53.5690 104.6369
53.5711 104.6074
53.5711 104.9282
53.5714 104.5773
53.5722 105.0834
53.5775 104.5757
53.5783 105.0328
53.5787 104.9243
53.5797 104.5468
53.5809 104.5787
53.5812 104.7812
53.5823 104.5514
53.5825 104.8499
53.5835 104.5077
53.5835 104.8278
53.5837 104.8146
53.5837 104.8553
53.5839 104.6433
53.5842 104.8522
53.5842 104.9788
53.5845 104.6649
53.5846 104.8569
53.5861 104.7456
53.5862 104.6503
53.5863 104.6218
53.5871 104.5578
53.5878 104.8948
53.5878 104.9368
53.5879 104.6209
53.5879 104.8254
53.5889 104.6225
53.5890 104.8633
53.5892 104.8811
53.5907 104.4652
53.5908 104.8832
53.5908 104.8888
53.5914 104.8418
53.5914 104.9047
53.5936 104.8562
53.5952 104.6668
53.5953 104.5877
53.5957 104.8519
53.5965 104.9398
53.5968 104.9342
53.5975 104.8590
53.5993 104.9400
53.6001 104.9506
53.6004 104.6253
53.6004 104.7607
53.6005 104.5884
53.6009 104.6065
53.6014 104.8781
53.6015 104.9369
53.6017 104.7155
53.6021 104.8392
53.6027 104.9847
53.6028 104.5418
53.6036 104.7049
53.6040 104.7976
53.6047 104.6621
53.6047 104.9048
53.6050 104.6337
53.6055 104.8221
53.6056 104.9603
53.6057 104.5587
53.6059 104.8798
53.6059 104.8904
53.6061 104.5371
53.6063 104.6793
53.6063 104.8289
53.6067 104.8298
53.6074 104.5822
53.6076 104.7590
53.6078 104.9465
53.6079 104.4425
53.6083 104.5878
53.6083 104.8258
53.6096 104.6137
53.6102 104.7726
53.6104 104.8689
53.6107 104.5370
53.6111 104.7705
53.6116 104.5800
53.6120 104.8982
53.6122 104.8403
53.6123 104.9009
53.6124 104.9008
53.6125 105.0493
53.6127 104.6294
53.6128 104.8768
53.6129 104.7657
53.6146 104.6278
53.6148 104.8532
53.6149 104.8488
53.6160 104.9232
53.6168 104.5365
53.6168 104.9178
53.6179 104.7805
53.6181 104.9645
53.6189 104.6308
53.6198 104.6614
53.6198 104.7161
53.6200 104.5099
53.6205 104.5791
53.6206 104.9481
53.6207 104.5625
53.6220 104.7486
53.6222 104.7612
53.6229 104.5644
53.6235 104.5489
53.6239 104.6974
53.6249 104.7253
53.6249 104.8646
53.6250 104.8424
53.6250 104.9744
53.6254 104.7877
53.6255 104.6039
53.6256 104.7829
53.6258 104.6418
53.6258 104.9308
53.6259 104.6052
53.6259 104.8334
53.6262 104.7384
53.6267 104.6362
53.6280 104.5930
53.6281 104.5923
53.6286 105.0304
53.6293 104.9019
53.6303 104.8257
53.6308 104.7899
53.6308 104.8767
53.6312 104.6359
53.6314 104.6070
53.6318 104.9268
53.6326 104.8669
53.6328 104.9426
53.6331 104.9037
53.6336 104.6085
53.6339 104.6304
53.6340 104.6884
53.6341 104.5933
53.6343 104.5917
53.6343 104.9586
53.6346 104.8926
53.6346 104.9648
53.6347 104.5312
53.6347 104.9108
53.6351 104.5006
53.6351 104.8302
53.6354 104.9114
53.6372 104.5696
53.6373 104.6291
53.6373 104.8464
53.6378 104.6067
53.6378 104.9003
53.6379 104.7128
53.6380 104.7621
53.6381 104.7019
53.6384 104.4979
53.6385 104.6123
53.6388 104.8118
53.6390 105.0177
53.6391 104.6278
53.6394 104.6211
53.6397 104.9516
53.6398 104.7507
53.6399 104.5055
53.6403 104.9480
53.6408 104.8269
53.6410 104.6581
53.6419 104.8136
53.6419 105.0180
53.6427 104.7553
53.6430 104.9001
53.6433 104.6017
53.6439 104.7996
53.6443 104.9902
53.6452 104.9100
53.6457 104.9127
53.6457 104.9367
53.6458 104.9177
53.6460 104.6162
53.6461 104.9026
53.6463 104.8983
53.6467 104.6271
53.6469 104.5307
53.6469 105.0141
53.6471 104.8842
53.6475 104.8418
53.6476 104.8328
53.6478 104.8040
53.6480 104.7344
53.6480 104.8668
53.6482 104.7738
53.6485 104.8521
53.6492 104.5987
53.6493 104.6296
53.6498 104.8089
53.6499 104.5579
53.6502 105.0346
53.6509 105.0096
53.6510 104.5553
53.6511 104.9376
53.6512 104.8945
53.6514 104.8925
53.6520 104.8103
53.6521 104.9749
53.6522 104.5917
53.6522 104.7796
53.6525 104.6228
53.6526 104.6700
53.6527 104.8900
53.6528 104.5561
53.6528 104.9796
53.6530 104.8659
53.6536 104.6677
53.6543 104.6100
53.6549 104.8821
53.6551 104.9158
53.6552 104.5566
53.6554 104.6551
53.6557 104.9645
53.6557 104.9660
53.6559 104.8159
53.6565 104.9122
53.6566 104.5411
53.6567 104.9977
53.6572 105.0802
53.6577 104.6086
53.6578 104.6956
53.6585 104.7482
53.6591 104.8689
53.6594 104.6394
53.6595 104.9364
53.6596 104.5979
53.6600 104.9011
53.6602 104.8217
53.6605 104.5246
53.6607 105.0032
53.6608 104.8550
53.6615 104.9181
53.6615 104.9184
53.6620 104.8840
53.6625 104.8678
53.6627 104.8741
53.6628 104.5677
53.6632 104.8755
53.6646 104.6400
53.6650 104.9070
53.6653 104.9000
53.6666 104.8047
53.6667 104.6164
53.6677 104.8606
53.6684 104.8891
53.6685 104.8009
53.6685 104.9133
53.6686 104.9165
53.6694 104.5816
53.6701 104.7311
53.6708 104.9279
53.6709 104.6105
53.6712 104.8854
53.6722 104.9153
53.6732 104.6419
53.6734 104.7506
53.6735 104.9394
53.6737 104.5507
53.6747 105.0209
53.6748 104.5691
53.6748 104.9405
53.6749 104.7871
53.6751 104.8034
53.6756 104.8914
53.6758 104.8134
53.6769 104.5937
53.6769 104.6157
53.6772 104.6638
53.6773 104.6180
53.6804 104.9356
53.6805 104.9171
53.6820 104.8293
53.6823 104.5835
53.6831 104.7126
53.6833 104.9329
53.6840 104.5844
53.6840 104.8426
53.6842 104.8891
53.6849 104.8607
53.6850 104.8912
53.6861 104.9088
53.6862 104.6538
53.6865 104.5584
53.6866 104.5860
53.6871 104.8342
53.6882 104.6412
53.6887 104.8437
53.6892 104.6122
53.6898 104.9128
53.6898 104.9703
53.6899 104.8443
53.6903 104.6445
53.6906 104.5533
53.6908 104.8481
53.6926 104.6496
53.6944 104.8320
53.6945 104.9255
53.6950 104.8708
53.6955 104.8681
53.6967 104.9026
53.6976 105.0510
53.6980 104.6613
53.6981 104.6781
53.6986 104.9577
53.6988 104.5951
53.6994 104.8628
53.6998 104.9485
53.6998 104.9708
53.7001 104.8705
53.7005 104.7895
53.7010 104.7257
53.7013 104.8600
53.7024 104.7960
53.7024 104.9878
53.7038 104.9664
53.7042 104.9052
53.7044 104.9386
53.7046 104.8481
53.7049 104.8521
53.7049 104.8831
53.7056 104.9898
53.7072 104.8055
53.7090 104.6663
53.7092 104.7774
53.7092 104.8503
53.7102 104.8430
53.7111 104.8048
53.7113 104.8616
53.7121 104.7149
53.7121 104.8062
53.7136 104.5882
53.7136 104.9918
53.7150 104.7473
53.7150 104.9052
53.7181 104.8282
53.7182 104.5623
53.7193 104.7880
53.7194 104.7685
53.7214 104.6150
53.7225 104.8356
53.7228 104.8054
53.7240 104.7648
53.7243 104.6897
53.7245 104.8586
53.7247 104.7233
53.7277 104.8488
53.7319 104.5665
53.7321 104.8650
53.7329 104.8602
53.7333 104.6780
53.7339 104.7337
53.7350 104.9464
53.7354 104.9704
53.7363 104.9280
53.7365 104.7356
53.7366 104.8032
53.7373 104.7786
53.7383 105.0784
53.7397 104.5845
53.7433 104.9015
53.7447 104.7969
53.7457 104.8953
53.7465 104.6800
53.7474 104.7656
53.7496 104.7049
53.7500 104.7410
53.7531 104.8050
53.7535 104.7429
53.7546 104.6030
53.7547 104.6388
53.7567 104.6174
53.7588 104.7330
53.7605 104.8007
53.7614 104.8989
53.7617 104.7530
53.7634 104.6415
53.7648 104.6103
53.7695 104.8578
53.7696 104.8672
53.7701 104.8964
53.7710 104.6786
53.7717 104.6213
53.7734 104.7354
53.7790 105.1341
53.7802 104.6512
53.7830 104.8336
53.7837 104.8574
53.7873 104.8333
53.7908 104.7460
53.7925 104.6680
53.7931 104.9329
53.7934 104.6789
53.7939 104.5745
53.7940 104.5354
53.7952 105.0518
53.7968 104.8070
53.7989 104.8357
53.8002 105.0301
53.8021 104.8922
53.8026 104.6292
53.8035 104.6060
53.8036 104.8394
53.8041 104.9250
53.8042 104.5816
53.8044 104.9313
53.8052 104.8348
53.8060 104.5791
53.8078 104.8126
53.8085 104.8304
53.8095 104.8524
53.8110 104.6172
53.8120 104.4184
53.8136 104.6303
53.8177 104.9631
53.8180 104.5749
53.8184 104.5045
53.8189 104.5876
53.8191 104.8721
53.8192 104.6275
53.8201 104.8203
53.8214 104.6305
53.8221 104.5758
53.8222 104.8112
53.8228 104.6363
53.8237 104.5519
53.8239 104.5540
53.8259 104.6807
53.8266 104.8367
53.8276 104.6115
53.8280 104.6333
53.8281 104.6117
53.8282 104.9190
53.8294 104.5734
53.8298 105.0158
53.8299 104.5262
53.8303 104.7410
53.8308 104.8482
53.8313 104.9230
53.8315 104.6594
53.8322 104.5851
53.8326 104.6083
53.8326 104.6091
53.8338 104.5607
53.8343 104.7948
53.8348 104.6003
53.8366 104.6488
53.8379 104.8887
53.8384 104.6575
53.8395 104.8561
53.8397 104.6163
53.8398 104.6261
53.8416 104.5235
53.8416 104.5601
53.8423 104.8200
53.8425 104.6119
53.8434 104.6294
53.8452 104.5634
53.8453 104.6602
53.8454 104.6364
53.8461 104.5976
53.8463 104.8318
53.8472 104.6635
53.8473 104.6230
53.8479 104.5753
53.8481 104.5623
53.8487 104.5911
53.8489 104.5596
53.8502 104.5645
53.8502 104.5939
53.8509 104.6765
53.8516 104.7772
53.8517 104.5396
53.8526 104.8708
53.8527 104.5937
53.8530 104.6541
53.8532 104.5804
53.8541 104.9020
53.8548 104.8677
53.8557 104.6778
53.8558 104.8412
53.8562 104.5936
53.8566 104.5930
53.8574 104.8721
53.8583 104.8281
53.8588 104.5713
53.8588 104.6448
53.8591 104.6155
53.8591 104.6441
53.8596 104.6532
53.8605 104.5698
53.8610 104.9417
53.8611 104.8508
53.8617 104.5586
53.8618 104.5489
53.8618 104.9138
53.8619 104.4896
53.8619 104.5468
53.8622 104.6591
53.8625 104.5984
53.8628 104.6451
53.8628 104.7528
53.8629 104.6175
53.8634 104.6284
53.8634 104.8008
53.8637 104.6155
53.8639 104.5984
53.8642 104.5714
53.8643 104.5556
53.8644 104.5888
53.8645 104.5805
53.8651 104.8275
53.8652 104.6275
53.8659 104.5976
53.8666 104.8926
53.8680 104.8415
53.8682 104.5286
53.8688 104.5513
53.8690 104.5454
53.8693 104.6026
53.8695 104.6686
53.8701 104.5873
53.8703 104.6059
53.8705 104.8520
53.8710 104.8217
53.8713 104.6408
53.8713 104.6643
53.8717 104.8765
53.8724 104.6716
53.8725 104.8283
53.8730 104.5978
53.8730 104.6256
53.8736 104.8413
53.8744 104.8382
53.8746 104.8069
53.8747 104.9378
53.8748 104.6102
53.8748 104.6345
53.8753 104.8347
53.8754 104.6148
53.8755 104.8104
53.8759 104.5702
53.8762 104.5520
53.8763 104.5861
53.8763 104.8222
53.8764 104.6132
53.8764 104.7982
53.8765 104.7628
53.8765 104.9025
53.8774 104.5521
53.8778 104.9897
53.8779 104.6479
53.8779 104.8283
53.8785 104.6071
53.8786 104.5664
53.8787 104.5366
53.8788 104.8304
53.8791 104.5595
53.8792 104.8355
53.8792 104.8673
53.8797 104.9853
53.8800 104.6420
53.8802 104.8600
53.8805 104.6325
53.8806 104.7503
53.8809 104.9152
53.8811 104.6276
53.8814 104.5025
53.8818 104.6166
53.8821 104.7789
53.8826 104.6779
53.8832 104.6225
53.8834 104.6657
53.8836 104.5993
53.8836 104.6452
53.8837 104.4439
53.8838 104.5650
53.8841 104.5375
53.8841 104.5730
53.8843 104.6114
53.8844 104.6712
53.8844 104.9440
53.8850 104.8922
53.8850 104.9008
53.8852 104.5758
53.8854 104.9126
53.8857 104.5096
53.8860 104.6368
53.8862 104.6049
53.8866 104.5545
53.8872 104.8437
53.8873 104.5972
53.8876 104.5750
53.8877 104.5441
53.8881 104.6188
53.8882 104.7526
53.8887 104.5602
53.8891 104.8888
53.8892 104.5543
53.8892 104.5604
53.8893 104.5981
53.8900 104.6603
53.8901 104.8073
53.8903 104.7269
53.8904 104.8407
53.8905 104.5597
53.8907 104.6211
53.8908 104.7967
53.8911 104.9226
53.8913 104.6464
53.8917 104.5826
53.8919 104.6265
53.8927 104.8744
53.8929 104.8476
53.8930 104.5519
53.8930 104.5726
53.8931 104.6198
53.8932 104.8610
53.8934 104.4926
53.8935 104.6299
53.8936 104.5949
53.8936 104.8424
53.8938 104.5771
53.8943 104.5953
53.8946 104.8440
53.8951 104.8406
53.8952 104.7543
53.8953 104.6414
53.8963 104.5126
53.8967 104.6502
53.8969 104.5905
53.8969 104.5973
53.8973 104.5598
53.8973 104.6091
53.8974 104.6148
53.8975 104.6443
53.8975 104.6473
53.8975 104.7870
53.8982 104.5950
53.8985 104.7798
53.8987 104.5918
53.8995 104.5434
53.8997 104.5298
53.8997 104.6720
53.8998 104.5348
53.8999 104.6702
53.9007 104.8190
53.9008 104.6314
53.9012 104.5194
53.9014 104.8902
53.9015 104.5766
53.9015 104.7647
53.9016 104.8713
53.9018 104.5914
53.9018 104.8918
53.9019 104.6213
53.9024 104.8338
53.9026 104.9464
53.9028 104.6372
53.9032 104.8506
53.9035 104.5865
53.9036 104.8859
53.9038 104.7330
53.9048 104.8421
53.9050 104.8304
53.9064 104.7799
53.9067 104.6119
53.9068 104.5523
53.9068 104.7945
53.9069 104.6132
53.9069 104.7820
53.9074 104.6903
53.9078 104.6236
53.9080 104.5243
53.9081 104.5530
53.9083 104.5332
53.9084 104.7897
53.9085 104.5832
53.9095 104.5801
53.9103 104.6138
53.9103 104.8455
53.9104 104.5991
53.9105 104.5421
53.9107 104.5699
53.9107 104.7099
53.9113 104.5919
53.9117 104.5631
53.9121 104.5156
53.9124 104.5371
53.9129 104.6590
53.9132 104.7829
53.9139 104.8578
53.9145 104.7135
53.9153 104.7805
53.9154 104.6296
53.9165 104.8174
53.9169 104.6174
53.9178 104.6644
53.9182 104.5932
53.9182 104.7847
53.9186 104.7874
53.9190 104.5564
53.9192 104.8038
53.9195 104.8423
53.9198 104.6725
53.9201 104.8933
53.9202 104.5411
53.9211 104.8742
53.9213 104.5664
53.9214 104.6175
53.9221 104.8916
53.9222 104.7633
53.9229 104.5698
53.9230 104.6042
53.9231 104.6703
53.9237 104.8377
53.9241 104.5900
53.9253 104.9533
53.9265 104.5346
53.9265 104.6621
53.9266 104.8902
53.9267 104.8325
53.9269 104.5872
53.9270 104.8482
53.9273 104.6428
53.9277 104.8094
53.9279 104.5079
53.9281 104.8031
53.9283 104.7568
53.9284 104.8459
53.9286 104.6148
53.9289 104.9078
53.9294 104.5582
53.9306 104.5969
53.9306 104.9156
53.9308 105.0224
53.9312 104.8322
53.9320 104.8655
53.9325 104.7326
53.9331 104.6041
53.9340 104.8718
53.9350 104.7964
53.9354 104.5593
53.9354 104.5613
53.9363 104.9438
53.9379 104.5027
53.9388 104.5558
53.9390 104.7281
53.9392 104.8664
53.9397 104.9009
53.9404 104.5441
53.9410 104.5181
53.9423 104.5900
53.9432 104.5989
53.9437 104.8568
53.9440 104.7710
53.9445 104.5967
53.9446 104.4737
53.9446 104.8694
53.9456 104.6213
53.9458 104.4857
53.9460 104.8827
53.9467 104.8297
53.9468 104.8422
53.9472 104.8240
53.9474 104.7356
53.9478 104.9062
53.9487 104.6391
53.9493 104.8526
53.9498 104.7641
53.9499 104.8424
53.9501 104.6137
53.9504 104.8413
53.9507 104.8017
53.9512 104.6264
53.9517 104.8864
53.9521 104.6655
53.9531 104.8601
53.9533 104.7397
53.9537 104.6488
53.9543 104.5011
53.9556 104.6484
53.9563 104.8563
53.9575 104.9454
53.9600 104.8322
53.9607 104.6047
53.9607 104.7530
53.9629 104.4924
53.9631 104.8414
53.9644 104.7427
53.9654 104.7075
53.9670 104.8047
53.9673 104.4991
53.9673 104.8550
53.9676 104.8301
53.9691 104.5633
53.9691 104.7442
53.9692 104.7214
53.9696 104.9818
53.9735 104.5930
53.9762 104.9130
53.9763 104.9975
53.9902 104.7495
53.9911 104.8597
53.9914 104.4839
53.9942 104.7142
53.9945 104.8249
54.0016 104.7321
54.0061 104.6754
54.0107 104.5106
54.0226 104.4268
54.0329 104.7693
54.0331 104.8821
54.0358 104.7145
54.0536 104.8527
54.1162 104.9303
54.1173 104.8805
