170.3562 62.7441
170.3609 62.7452
170.3616 63.0055
170.3787 62.9021
170.4130 62.8959
170.4325 63.0242
170.4335 62.8699
170.4362 62.6269
170.4403 63.0908
170.4411 62.7842
170.4443 62.9050
170.4461 62.9843
170.4467 62.9541
170.4613 62.8390
170.4645 62.7904
170.4687 62.9132
170.4689 62.8693
170.4693 62.8671
170.4716 62.8607
170.4719 62.9450
170.4725 62.8502
170.4730 62.9035
170.4762 63.0030
170.4780 62.8403
170.4802 62.9670
170.4805 62.8724
170.4810 63.0361
170.4825 63.0007
170.4850 62.8680
170.4864 62.9004
170.4868 62.9094
170.4889 62.8971
170.4895 62.9164
170.4895 62.9593
170.4903 62.9003
170.4912 62.9692
170.4914 63.0084
170.4915 62.8871
170.4919 62.8635
170.4931 62.8474
170.4953 62.7246
170.4954 62.5898
170.4971 62.9967
170.4978 62.8519
170.4979 62.5674
170.4990 62.9176
170.4992 62.9279
170.5000 62.8839
170.5021 62.8147
170.5026 62.7061
170.5032 62.7816
170.5047 62.9603
170.5065 62.9873
170.5070 62.9250
170.5079 62.6903
170.5090 62.9553
170.5103 62.6603
170.5112 62.8629
170.5112 62.9084
170.5121 62.7310
170.5125 62.7940
170.5128 62.9256
170.5132 62.9740
170.5139 62.8693
170.5150 62.9566
170.5158 62.9089
170.5173 62.7801
170.5174 62.9491
170.5189 62.8947
170.5190 62.8782
170.5192 62.9085
170.5198 62.7544
170.5203 62.8871
170.5203 62.8983
170.5205 62.8497
170.5229 62.6863
170.5230 62.9542
170.5232 62.9563
170.5238 62.8457
170.5240 62.8410
170.5244 62.8317
170.5265 62.9046
170.5268 62.7065
170.5280 62.6494
170.5299 62.9468
170.5301 62.8727
170.5307 62.9701
170.5312 62.8834
170.5312 62.9519
170.5332 62.6553
170.5366 62.8867
170.5367 62.6503
170.5372 62.9651
170.5389 62.8720
170.5396 62.9744
170.5398 62.9894
170.5400 62.6452
170.5409 62.6814
170.5425 62.6857
170.5430 62.9592
170.5452 62.9507
170.5453 62.9646
170.5456 62.9017
170.5457 62.8858
170.5468 62.9864
170.5474 62.9349
170.5476 62.9037
170.5477 62.7775
170.5477 62.9283
170.5482 62.6950
170.5510 62.8813
170.5525 62.8984
170.5540 62.9767
170.5543 62.8128
170.5551 62.8537
170.5554 62.8344
170.5555 62.8915
170.5564 62.8991
170.5588 62.9222
170.5589 62.9075
170.5595 62.9498
170.5612 62.8640
170.5613 62.8515
170.5615 62.6773
170.5622 62.9320
170.5625 62.7203
170.5640 62.8780
170.5648 62.7896
170.5663 62.7175
170.5668 62.9262
170.5672 63.1293
170.5706 62.9177
170.5706 62.9242
170.5710 62.6983
170.5721 62.8101
170.5724 62.8976
170.5728 62.9096
170.5735 62.9940
170.5736 62.6115
170.5736 62.8983
170.5743 62.6724
170.5744 62.8920
170.5753 62.6093
170.5753 62.6622
170.5769 62.8346
170.5777 62.9228
170.5780 62.6834
170.5781 62.9855
170.5783 62.9000
170.5785 62.9601
170.5790 62.8728
170.5792 62.8750
170.5804 62.5602
170.5817 63.0217
170.5823 62.8835
170.5830 62.9829
170.5836 62.8556
170.5839 62.8048
170.5841 62.8545
170.5850 62.8521
170.5854 62.9550
170.5864 62.8807
170.5868 62.9222
170.5871 62.8553
170.5881 62.9124
170.5885 62.9120
170.5885 62.9664
170.5896 62.9302
170.5903 62.6117
170.5906 62.8009
170.5909 62.8357
170.5913 62.8745
170.5916 62.7290
170.5925 63.1783
170.5935 62.7493
170.5935 62.9099
170.5943 62.7680
170.5943 62.8123
170.5957 63.0146
170.5958 62.9066
170.5960 62.8658
170.5961 62.6697
170.5975 62.8910
170.5977 62.6521
170.5982 62.8761
170.5983 62.6305
170.5997 62.9633
170.5998 62.6629
170.6008 62.9139
170.6008 62.9157
170.6024 62.8865
170.6030 62.9880
170.6031 62.7349
170.6045 62.6944
170.6054 62.9417
170.6066 62.7442
170.6081 62.9850
170.6083 62.6897
170.6085 62.8940
170.6091 62.9135
170.6092 62.7305
170.6098 62.9562
170.6102 62.7804
170.6105 62.8999
170.6108 62.8581
170.6113 63.0366
170.6114 62.8954
170.6118 62.9845
170.6125 62.8845
170.6127 62.8880
170.6132 62.8265
170.6133 62.8542
170.6136 62.7216
170.6141 62.7894
170.6141 62.8771
170.6147 62.8609
170.6157 62.9596
170.6163 62.7281
170.6169 62.6913
170.6171 62.6275
170.6193 62.7909
170.6203 62.6036
170.6216 62.9843
170.6218 62.6781
170.6220 62.8783
170.6228 62.7309
170.6231 62.9639
170.6238 62.8033
170.6241 62.7382
170.6244 62.5511
170.6248 62.6962
170.6248 62.7088
170.6261 62.6718
170.6263 62.5395
170.6270 62.8374
170.6277 62.9636
170.6278 62.7463
170.6286 62.9019
170.6293 62.8354
170.6300 62.9700
170.6302 62.7129
170.6303 62.7954
170.6304 62.7341
170.6306 63.0771
170.6315 62.7101
170.6317 62.9324
170.6331 62.9213
170.6337 62.8641
170.6342 62.7256
170.6344 62.7138
170.6353 62.5969
170.6354 62.9664
170.6359 62.8766
170.6371 62.7291
170.6376 63.0304
170.6377 62.6771
170.6386 62.9575
170.6398 62.6872
170.6398 62.7017
170.6398 62.9025
170.6400 62.5657
170.6401 62.9685
170.6403 62.6248
170.6409 62.7242
170.6414 62.9596
170.6416 62.8489
170.6422 62.9559
170.6423 62.8523
170.6428 62.7334
170.6430 62.9557
170.6432 62.8131
170.6434 62.8914
170.6439 62.6819
170.6451 62.7103
170.6469 62.6769
170.6474 62.8816
170.6482 62.9604
170.6487 62.8722
170.6503 62.9005
170.6505 62.7188
170.6506 62.6732
170.6511 63.0060
170.6517 62.6652
170.6534 62.9728
170.6548 62.6872
170.6552 62.7047
170.6559 63.0343
170.6559 63.1240
170.6564 63.0184
170.6567 62.6698
170.6573 63.0633
170.6581 63.0235
170.6582 62.7293
170.6582 62.9693
170.6593 62.6216
170.6599 62.9452
170.6606 62.7001
170.6608 62.8404
170.6612 62.6414
170.6618 62.7450
170.6619 62.6933
170.6626 62.9007
170.6637 62.9712
170.6638 62.8568
170.6641 62.9033
170.6641 62.9899
170.6642 62.5617
170.6648 62.6591
170.6656 62.6810
170.6656 62.7281
170.6658 62.6778
170.6660 62.7144
170.6663 63.0124
170.6664 62.7017
170.6670 63.0822
170.6676 63.1899
170.6681 62.7711
170.6681 62.8266
170.6684 62.6676
170.6694 62.7330
170.6717 62.6686
170.6723 62.9538
170.6725 62.7321
170.6727 62.7355
170.6727 62.9818
170.6728 63.1349
170.6733 62.6575
170.6747 62.5925
170.6752 62.6947
170.6752 62.7092
170.6766 62.6772
170.6770 62.7072
170.6779 62.6791
170.6781 62.9248
170.6786 62.7864
170.6789 62.6357
170.6796 62.7639
170.6799 62.9105
170.6803 62.7127
170.6811 62.7133
170.6814 62.7934
170.6825 62.5627
170.6835 62.7048
170.6836 62.9025
170.6838 62.6995
170.6843 62.7549
170.6859 62.9180
170.6867 62.7850
170.6880 63.1606
170.6881 62.6973
170.6886 62.6446
170.6898 62.6865
170.6902 62.7614
170.6903 62.6434
170.6906 62.6961
170.6911 62.7188
170.6915 63.0180
170.6918 62.9626
170.6923 62.6576
170.6941 62.7418
170.6951 62.8921
170.6966 62.7408
170.6982 62.6556
170.6993 62.6482
170.7000 62.6757
170.7009 62.9752
170.7015 63.0318
170.7018 62.7745
170.7020 62.7282
170.7022 63.0947
170.7025 62.7260
170.7028 62.7819
170.7038 62.6784
170.7049 62.9344
170.7076 62.6027
170.7077 62.7620
170.7078 63.0568
170.7108 62.6704
170.7108 62.7954
170.7110 62.7533
170.7115 62.5530
170.7119 63.0636
170.7132 62.9143
170.7133 62.6333
170.7139 62.8003
170.7147 63.0762
170.7148 62.8263
170.7173 63.0440
170.7181 62.8147
170.7183 62.6434
170.7184 62.7674
170.7192 63.1153
170.7209 62.8159
170.7209 62.8857
170.7210 62.8476
170.7210 62.8714
170.7218 62.8792
170.7236 63.1278
170.7237 62.6089
170.7248 62.7036
170.7253 62.7760
170.7268 62.8990
170.7272 62.7549
170.7276 62.6913
170.7277 62.6745
170.7287 63.0762
170.7295 62.6555
170.7306 63.0421
170.7308 63.0395
170.7314 63.0543
170.7322 62.6924
170.7325 63.1271
170.7326 62.7382
170.7326 63.0153
170.7327 62.5940
170.7336 62.6927
170.7346 62.9611
170.7357 62.7440
170.7373 62.6348
170.7380 63.0877
170.7383 62.6858
170.7386 62.8553
170.7427 63.2961
170.7428 63.0414
170.7441 63.0928
170.7461 63.0660
170.7465 63.0478
170.7466 63.0770
170.7475 62.5918
170.7486 62.6941
170.7494 62.9879
170.7501 63.0432
170.7502 62.8790
170.7508 62.6123
170.7512 62.6733
170.7513 62.8972
170.7515 62.8949
170.7521 62.9426
170.7524 63.1673
170.7558 62.9152
170.7558 63.1023
170.7559 62.7984
170.7561 62.6708
170.7565 62.7041
170.7566 62.8775
170.7572 63.0700
170.7579 62.9562
170.7588 63.0133
170.7600 63.0138
170.7606 63.1190
170.7609 62.6568
170.7611 62.6399
170.7616 62.8133
170.7621 62.7022
170.7630 63.0443
170.7632 63.0769
170.7648 63.1946
170.7656 62.7934
170.7656 62.9951
170.7664 62.8005
170.7676 63.0740
170.7683 62.6783
170.7687 63.0864
170.7689 63.0619
170.7690 62.9613
170.7692 62.8751
170.7708 63.0471
170.7716 63.0966
170.7762 63.1076
170.7768 62.9371
170.7770 63.0770
170.7775 63.0557
170.7786 62.9000
170.7799 63.1143
170.7804 62.8716
170.7811 63.0445
170.7812 63.0089
170.7869 62.6587
170.7869 63.0253
170.7876 62.9275
170.7894 62.7579
170.7908 63.0824
170.7919 62.9965
170.7928 63.0054
170.7939 63.0434
170.7945 63.1236
170.7963 62.6448
170.7969 63.1387
170.7970 62.9111
170.7985 63.0693
170.7991 63.0676
170.7998 63.1714
170.8000 63.0156
170.8004 63.0685
170.8007 63.0016
170.8018 63.0857
170.8027 62.7935
170.8030 62.9965
170.8050 63.0627
170.8063 63.1195
170.8079 62.9633
170.8081 63.1302
170.8082 62.6624
170.8085 62.7370
170.8088 62.8095
170.8092 62.9807
170.8094 63.0176
170.8101 63.0162
170.8104 62.6880
170.8108 62.9311
170.8113 62.9935
170.8123 63.0804
170.8138 63.0298
170.8144 63.2007
170.8159 63.0880
170.8173 63.0795
170.8194 62.5288
170.8197 63.0568
170.8225 62.8366
170.8253 63.0584
170.8260 62.7741
170.8266 62.7695
170.8275 62.8899
170.8286 63.0845
170.8288 63.0211
170.8304 62.8235
170.8312 63.0760
170.8315 62.7455
170.8321 62.7335
170.8330 63.0728
170.8331 62.9801
170.8337 62.7643
170.8346 63.1015
170.8357 63.0093
170.8361 62.6247
170.8386 63.0704
170.8386 63.1058
170.8393 63.0234
170.8397 62.7295
170.8401 63.0091
170.8405 63.0012
170.8421 63.0096
170.8431 63.0760
170.8433 63.0201
170.8436 63.0349
170.8448 63.0054
170.8456 63.0035
170.8464 62.6800
170.8476 62.7996
170.8478 62.9677
170.8484 62.7853
170.8487 63.0006
170.8488 62.8110
170.8500 63.1276
170.8511 62.7945
170.8528 62.7685
170.8574 62.8227
170.8585 62.5839
170.8594 63.0933
170.8598 63.0407
170.8604 62.6867
170.8605 63.0929
170.8616 63.0147
170.8621 62.9734
170.8634 62.7722
170.8634 62.8645
170.8641 63.0586
170.8644 63.0060
170.8664 62.7164
170.8665 62.6114
170.8674 62.7658
170.8675 63.0582
170.8677 63.0373
170.8687 62.7253
170.8693 62.7661
170.8695 63.2423
170.8703 62.6839
170.8708 62.7166
170.8711 62.8366
170.8716 62.6237
170.8725 63.0744
170.8726 62.7506
170.8730 62.9954
170.8742 62.7004
170.8756 62.7288
170.8799 62.7219
170.8801 62.7821
170.8806 62.8570
170.8811 62.7335
170.8811 63.2564
170.8816 63.0450
170.8827 62.9218
170.8850 62.9578
170.8869 63.0848
170.8896 62.7742
170.8906 62.7076
170.8911 62.6625
170.8918 62.7086
170.8921 62.6629
170.8950 62.7994
170.8952 62.6662
170.8953 62.8143
170.8958 62.8001
170.9005 62.9794
170.9016 62.8149
170.9021 62.7888
170.9028 62.9705
170.9037 62.6888
170.9039 62.7071
170.9043 62.7235
170.9048 63.0466
170.9057 62.7252
170.9097 62.6970
170.9097 63.0745
170.9133 62.8127
170.9145 62.7299
170.9180 62.7303
170.9194 62.7560
170.9200 62.6735
170.9201 62.7402
170.9214 62.7377
170.9234 62.8270
170.9255 62.7266
170.9268 62.7523
170.9282 62.7796
170.9285 62.8251
170.9288 62.6420
170.9302 62.7181
170.9317 62.7844
170.9319 62.5703
170.9338 62.6003
170.9350 62.7878
170.9351 62.6388
170.9357 62.7954
170.9371 62.8671
170.9379 62.5763
170.9386 62.7475
170.9395 62.6254
170.9400 62.9111
170.9412 62.6163
170.9420 62.7013
170.9430 63.1329
170.9449 62.6872
170.9480 62.8056
170.9496 62.6550
170.9508 62.8051
170.9510 62.7744
170.9530 62.8554
170.9533 62.8217
170.9534 62.7415
170.9547 62.6944
170.9550 62.7408
170.9561 62.7566
170.9564 62.6021
170.9592 62.6648
170.9603 62.6756
170.9616 62.7622
170.9647 62.7037
170.9657 62.6168
170.9679 62.7948
170.9720 62.6682
170.9755 63.0914
170.9794 62.5975
170.9850 62.7671
170.9851 62.7505
170.9950 62.6316
171.0043 62.7410
171.0095 62.8420
171.0209 62.7631
171.0705 62.7603
