124.2647 82.6461
124.2772 82.6972
124.2921 82.6486
124.2949 82.5667
124.2968 82.8840
124.3048 82.6822
124.3050 82.7539
124.3054 82.4908
124.3054 82.7062
124.3118 82.6460
124.3124 82.6223
124.3126 82.6653
124.3139 82.7380
124.3198 82.5235
124.3198 82.5236
124.3223 82.6441
124.3258 82.6059
124.3260 82.5536
124.3261 82.6238
124.3288 82.6192
124.3298 82.6674
124.3315 82.6278
124.3318 82.5487
124.3322 82.4909
124.3352 82.6324
124.3354 82.6759
124.3371 82.6683
124.3384 82.6419
124.3395 82.6477
124.3410 82.5679
124.3415 82.7320
124.3430 82.6412
124.3445 82.6506
124.3470 82.5847
124.3482 82.5795
124.3494 82.6050
124.3500 82.5138
124.3510 82.6616
124.3517 82.6639
124.3518 82.6994
124.3528 82.6180
124.3531 82.5988
124.3534 82.3849
124.3542 82.6787
124.3543 82.7520
124.3544 82.5448
124.3547 82.5995
124.3555 82.6166
124.3556 82.5011
124.3562 82.6280
124.3565 82.5420
124.3569 82.6755
124.3574 82.6124
124.3579 82.6283
124.3620 82.6146
124.3620 82.6955
124.3627 82.6803
124.3629 82.6527
124.3632 82.6116
124.3641 82.5826
124.3642 82.5639
124.3654 82.7782
124.3656 82.7061
124.3662 82.6608
124.3663 82.6506
124.3666 82.6375
124.3666 82.6817
124.3668 82.6948
124.3678 82.7455
124.3687 82.6835
124.3690 82.6045
124.3694 82.6340
124.3700 82.7171
124.3712 82.7014
124.3718 82.5360
124.3722 82.6759
124.3742 82.7232
124.3747 82.6135
124.3749 82.5909
124.3754 82.7227
124.3776 82.5567
124.3776 82.7226
124.3782 82.6393
124.3801 82.6437
124.3802 82.6163
124.3812 82.5936
124.3818 82.6399
124.3821 82.7186
124.3826 82.6202
124.3832 82.6245
124.3833 82.5738
124.3834 82.7080
124.3837 82.4117
124.3837 82.6285
124.3839 82.5414
124.3841 82.6449
124.3844 82.5617
124.3847 82.7217
124.3869 82.6605
124.3870 82.6621
124.3888 82.5949
124.3895 82.6738
124.3901 82.8462
124.3906 82.7597
124.3907 82.5537
124.3916 82.6427
124.3920 82.6543
124.3935 82.7264
124.3937 82.5681
124.3940 82.5505
124.3941 82.6415
124.3941 82.6925
124.3944 82.5454
124.3945 82.5957
124.3950 82.6628
124.3952 82.5834
124.3954 82.6632
124.3954 82.7528
124.3955 82.6812
124.3957 82.7205
124.3957 82.7335
124.3963 82.6242
124.3966 82.6094
124.3968 82.7197
124.3973 82.6681
124.3992 82.6947
124.4004 82.6567
124.4008 82.6791
124.4014 82.5872
124.4015 82.3841
124.4017 82.5934
124.4024 82.6579
124.4024 82.6780
124.4024 82.6786
124.4024 82.6812
124.4032 82.3366
124.4032 82.6952
124.4042 82.6284
124.4043 82.6406
124.4044 82.7141
124.4045 82.7839
124.4048 82.5363
124.4050 82.6724
124.4053 82.4737
124.4055 82.5950
124.4055 82.7318
124.4076 82.3643
124.4078 82.9523
124.4080 82.6479
124.4086 82.5891
124.4089 82.6732
124.4102 82.6768
124.4104 82.6475
124.4109 82.6755
124.4109 82.7322
124.4111 82.6746
124.4112 82.6804
124.4115 82.6677
124.4118 82.6626
124.4120 82.6156
124.4133 82.4642
124.4134 82.6604
124.4140 82.6834
124.4141 82.4965
124.4147 82.6024
124.4158 82.7131
124.4162 82.4203
124.4164 82.6041
124.4166 82.5829
124.4170 82.4309
124.4170 82.4834
124.4173 82.6037
124.4174 82.7470
124.4182 82.6980
124.4184 82.7015
124.4185 82.6726
124.4187 82.4397
124.4187 82.6773
124.4188 82.7162
124.4189 82.6111
124.4194 82.6874
124.4196 82.5579
124.4201 82.6953
124.4204 82.3816
124.4205 82.5314
124.4209 82.6635
124.4210 82.6152
124.4216 82.6909
124.4216 82.7226
124.4218 82.6250
124.4219 82.5424
124.4221 82.7838
124.4223 82.7296
124.4229 82.5853
124.4232 82.5841
124.4235 82.6902
124.4238 82.7176
124.4240 82.7177
124.4243 82.6525
124.4244 82.5809
124.4250 82.6953
124.4272 82.5026
124.4286 82.5111
124.4287 82.6838
124.4291 82.6741
124.4294 82.6251
124.4295 82.6839
124.4303 82.6994
124.4307 82.8303
124.4315 82.6453
124.4316 82.4925
124.4322 82.6508
124.4323 82.6017
124.4326 82.7305
124.4328 82.5073
124.4331 82.6566
124.4335 82.6871
124.4336 82.6700
124.4338 82.6387
124.4341 82.5239
124.4344 82.7428
124.4348 82.3368
124.4358 82.6366
124.4363 82.3913
124.4365 82.5706
124.4365 82.6565
124.4368 82.6455
124.4369 82.7098
124.4380 82.6502
124.4380 82.6778
124.4381 82.5850
124.4382 82.5869
124.4384 82.7141
124.4390 82.7304
124.4391 82.6375
124.4396 82.6792
124.4408 82.5430
124.4415 82.5145
124.4416 82.4951
124.4416 82.5628
124.4420 82.6413
124.4425 82.5604
124.4426 82.6295
124.4426 82.6356
124.4426 82.6368
124.4429 82.7345
124.4432 82.6349
124.4434 82.6779
124.4435 82.5389
124.4438 82.5223
124.4439 82.6218
124.4440 82.6829
124.4444 82.5701
124.4445 82.6815
124.4446 82.8652
124.4449 82.6735
124.4451 82.5129
124.4456 82.5827
124.4465 82.5740
124.4466 82.6104
124.4469 82.5403
124.4470 82.6191
124.4471 82.5197
124.4472 82.5413
124.4472 82.5501
124.4473 82.6932
124.4474 82.7238
124.4475 82.6950
124.4477 82.6406
124.4483 82.7483
124.4485 82.7349
124.4485 82.7359
124.4493 82.4891
124.4495 82.6293
124.4500 82.6500
124.4501 82.7600
124.4505 82.7126
124.4508 82.3724
124.4509 82.5196
124.4510 82.6541
124.4511 82.6628
124.4513 82.4998
124.4513 82.6516
124.4524 82.5874
124.4525 82.6712
124.4532 82.6917
124.4538 82.5288
124.4539 82.3853
124.4546 82.7182
124.4549 82.5668
124.4550 82.6023
124.4551 82.6986
124.4564 82.6156
124.4568 82.5853
124.4573 82.7483
124.4578 82.4736
124.4579 82.6336
124.4591 82.5583
124.4592 82.7124
124.4597 82.4949
124.4599 82.8168
124.4604 82.6832
124.4607 82.5910
124.4617 82.6213
124.4617 82.6685
124.4617 82.6790
124.4617 82.7912
124.4620 82.6355
124.4621 82.5296
124.4621 82.5934
124.4631 82.4532
124.4631 82.6564
124.4642 82.4844
124.4642 82.5460
124.4645 82.4814
124.4646 82.5362
124.4648 82.7006
124.4649 82.5580
124.4652 82.6665
124.4653 82.6348
124.4654 82.7278
124.4656 82.5176
124.4656 82.6582
124.4658 82.6423
124.4659 82.5775
124.4660 82.7159
124.4661 82.4932
124.4664 82.4513
124.4665 82.6653
124.4665 82.7184
124.4666 82.6316
124.4671 82.7135
124.4672 82.4966
124.4678 82.7181
124.4684 82.8036
124.4686 82.4840
124.4687 82.7174
124.4688 82.5505
124.4691 82.5278
124.4694 82.5979
124.4702 82.6859
124.4702 82.7582
124.4704 82.4210
124.4712 82.6698
124.4715 82.6076
124.4725 82.5174
124.4726 82.5034
124.4728 82.6791
124.4729 82.5722
124.4732 82.5272
124.4733 82.7368
124.4734 82.6540
124.4740 82.5474
124.4751 82.7283
124.4753 82.3845
124.4754 82.5422
124.4756 82.6491
124.4758 82.5503
124.4765 82.6493
124.4766 82.4437
124.4771 82.6446
124.4781 82.7489
124.4786 82.6050
124.4791 82.5979
124.4792 82.4509
124.4794 82.3974
124.4797 82.5168
124.4797 82.7320
124.4798 82.7291
124.4800 82.6091
124.4802 82.6031
124.4804 82.5166
124.4807 82.6191
124.4816 82.5399
124.4820 82.5380
124.4825 82.6530
124.4825 82.7461
124.4827 82.4893
124.4828 82.3841
124.4830 82.4485
124.4830 82.5469
124.4830 82.5475
124.4837 82.7108
124.4842 82.6787
124.4842 82.8293
124.4846 82.4542
124.4847 82.6289
124.4850 82.6129
124.4858 82.6880
124.4862 82.6922
124.4863 82.4454
124.4864 82.7714
124.4867 82.8284
124.4869 82.6589
124.4873 82.4885
124.4873 82.5784
124.4874 82.5525
124.4874 82.5708
124.4881 82.4354
124.4885 82.5285
124.4888 82.6901
124.4890 82.7756
124.4891 82.5900
124.4898 82.4692
124.4898 82.7224
124.4909 82.7652
124.4913 82.5801
124.4916 82.5586
124.4919 82.5954
124.4920 82.4953
124.4920 82.5406
124.4920 82.5643
124.4920 82.5789
124.4921 82.6990
124.4927 82.5055
124.4930 82.5076
124.4931 82.7649
124.4937 82.5386
124.4937 82.5681
124.4938 82.5348
124.4939 82.6205
124.4944 82.7440
124.4947 82.6210
124.4950 82.4688
124.4951 82.5718
124.4958 82.6983
124.4962 82.5121
124.4962 82.5552
124.4964 82.5133
124.4966 82.5191
124.4967 82.5551
124.4968 82.4985
124.4968 82.7193
124.4971 82.6646
124.4976 82.6190
124.4976 82.6910
124.4976 82.7440
124.4980 82.5228
124.4984 82.7440
124.4984 82.7562
124.4989 82.5433
124.4991 82.5300
124.4991 82.6151
124.4995 82.5108
124.4995 82.5570
124.5004 82.5811
124.5005 82.4392
124.5006 82.5618
124.5007 82.5243
124.5008 82.3742
124.5009 82.4432
124.5023 82.4610
124.5033 82.6577
124.5035 82.5652
124.5036 82.4746
124.5043 82.5283
124.5043 82.5327
124.5050 82.4316
124.5052 82.3707
124.5055 82.5170
124.5066 82.7482
124.5068 82.7305
124.5085 82.5173
124.5087 82.4764
124.5087 82.6635
124.5096 82.5300
124.5098 82.5950
124.5099 82.5129
124.5102 82.7523
124.5111 82.7094
124.5114 82.4752
124.5117 82.3354
124.5119 82.4868
124.5122 82.4813
124.5123 82.5510
124.5129 82.8126
124.5136 82.7622
124.5137 82.5870
124.5143 82.5743
124.5144 82.4475
124.5147 82.6680
124.5150 82.5139
124.5150 82.5456
124.5156 82.4714
124.5156 82.5008
124.5163 82.4344
124.5167 82.4944
124.5175 82.8147
124.5177 82.4442
124.5179 82.8074
124.5182 82.4968
124.5192 82.6533
124.5197 82.5741
124.5198 82.4243
124.5199 82.4805
124.5201 82.7194
124.5202 82.5189
124.5202 82.8368
124.5205 82.3858
124.5218 82.6853
124.5221 82.5617
124.5227 82.4655
124.5229 82.5286
124.5229 82.6438
124.5231 82.4976
124.5233 82.9370
124.5240 82.4854
124.5242 82.4843
124.5246 82.5035
124.5254 82.4474
124.5254 82.4828
124.5254 82.5090
124.5255 82.8623
124.5258 82.4025
124.5264 82.5241
124.5274 82.5202
124.5277 82.5586
124.5279 82.4248
124.5281 82.5207
124.5286 82.5249
124.5289 82.6939
124.5289 82.8300
124.5290 82.5101
124.5291 82.5443
124.5291 82.7704
124.5298 82.4421
124.5301 82.5341
124.5303 82.8099
124.5306 82.4833
124.5306 82.5339
124.5307 82.7633
124.5313 82.5096
124.5314 82.6701
124.5315 82.4365
124.5318 82.6478
124.5318 82.7170
124.5320 82.5240
124.5325 82.7741
124.5327 82.6442
124.5328 82.5308
124.5333 82.4461
124.5338 82.4939
124.5342 82.4594
124.5348 82.5774
124.5351 82.6841
124.5352 82.9325
124.5354 82.5193
124.5363 82.5571
124.5366 82.5714
124.5378 82.5911
124.5388 82.4870
124.5393 82.4944
124.5396 82.5289
124.5396 82.6283
124.5400 82.3623
124.5404 82.5336
124.5404 82.5548
124.5409 82.7693
124.5411 82.5413
124.5411 82.7355
124.5413 82.5345
124.5414 82.4887
124.5415 82.4852
124.5421 82.6615
124.5422 82.6318
124.5437 82.5641
124.5437 82.7264
124.5438 82.6709
124.5440 82.5814
124.5443 82.4437
124.5443 82.6372
124.5444 82.8929
124.5447 82.5235
124.5452 82.7458
124.5454 82.5933
124.5455 82.8378
124.5460 82.5780
124.5460 82.8233
124.5461 82.6175
124.5461 82.6748
124.5468 82.5397
124.5472 82.6601
124.5474 82.3557
124.5474 82.5309
124.5476 82.4634
124.5476 82.8222
124.5478 82.6778
124.5482 82.5936
124.5486 82.5718
124.5487 82.5685
124.5489 82.5352
124.5492 82.4050
124.5493 82.8040
124.5495 82.7474
124.5499 82.4409
124.5502 82.3941
124.5502 82.4412
124.5504 82.5019
124.5504 82.7947
124.5505 82.4464
124.5508 82.7690
124.5510 82.5899
124.5512 82.4992
124.5518 82.4894
124.5519 82.4885
124.5524 82.8359
124.5525 82.7665
124.5527 82.5015
124.5528 82.7387
124.5530 82.7535
124.5532 82.7451
124.5533 82.5281
124.5534 82.7925
124.5535 82.4862
124.5535 82.5297
124.5536 82.5592
124.5537 82.7675
124.5543 82.8012
124.5544 82.7765
124.5546 82.5502
124.5548 82.5104
124.5553 82.6665
124.5555 82.4527
124.5555 82.7602
124.5565 82.4685
124.5566 82.4922
124.5567 82.5095
124.5567 82.8095
124.5568 82.8937
124.5571 82.8223
124.5574 82.4925
124.5575 82.5338
124.5580 82.4584
124.5580 82.7875
124.5583 82.5465
124.5584 82.5637
124.5585 82.6855
124.5586 82.8007
124.5587 82.5005
124.5587 82.5784
124.5587 82.7272
124.5591 82.5075
124.5594 82.4944
124.5595 82.5209
124.5595 82.7959
124.5596 82.4845
124.5596 82.5283
124.5596 82.5687
124.5598 82.8167
124.5600 82.4913
124.5600 82.8246
124.5601 82.5505
124.5606 82.7202
124.5608 82.7647
124.5610 82.4809
124.5614 82.7446
124.5617 82.4800
124.5618 82.7269
124.5618 82.7862
124.5619 82.4817
124.5620 82.4883
124.5621 82.5238
124.5623 82.4895
124.5626 82.4612
124.5634 82.3293
124.5634 82.5593
124.5636 82.6747
124.5637 82.4904
124.5642 82.8810
124.5644 82.7859
124.5649 82.4620
124.5650 82.7413
124.5652 82.4724
124.5653 82.8071
124.5654 82.4177
124.5656 82.6523
124.5657 82.8070
124.5658 82.8243
124.5659 82.6662
124.5659 82.8146
124.5664 82.8218
124.5667 82.7792
124.5667 82.7996
124.5668 82.7907
124.5668 82.8124
124.5670 82.6991
124.5675 82.5936
124.5677 82.5050
124.5677 82.5326
124.5679 82.4907
124.5680 82.6763
124.5682 82.8121
124.5684 82.5512
124.5689 82.7084
124.5692 82.4393
124.5693 82.5575
124.5695 82.6520
124.5699 82.5198
124.5699 82.7231
124.5703 82.6880
124.5703 82.6984
124.5704 82.5417
124.5705 82.5444
124.5708 82.7830
124.5710 82.6041
124.5713 82.6654
124.5715 82.7837
124.5719 82.6782
124.5720 82.8251
124.5724 82.4712
124.5730 82.6000
124.5731 82.6241
124.5734 82.5589
124.5735 82.8042
124.5736 82.5493
124.5736 82.6832
124.5739 82.7260
124.5744 82.7927
124.5745 82.2912
124.5745 82.3174
124.5748 82.4390
124.5749 82.5313
124.5754 82.5549
124.5754 82.5973
124.5758 82.7470
124.5759 82.4762
124.5766 82.5571
124.5770 82.5005
124.5771 82.5366
124.5772 82.4828
124.5775 82.7467
124.5777 82.4857
124.5777 82.5603
124.5777 82.8456
124.5780 82.4910
124.5780 82.6797
124.5780 82.8086
124.5782 82.5865
124.5788 82.5180
124.5788 82.7496
124.5795 82.8107
124.5796 82.8276
124.5804 82.5022
124.5807 82.4614
124.5811 82.8875
124.5812 82.6972
124.5819 82.6440
124.5819 82.8391
124.5820 82.5568
124.5821 82.7626
124.5822 82.8065
124.5823 82.8012
124.5825 82.7413
124.5826 82.7921
124.5828 82.2962
124.5832 82.6757
124.5832 82.8130
124.5833 82.4664
124.5833 82.5827
124.5836 82.7587
124.5841 82.4262
124.5842 82.7627
124.5842 82.7931
124.5844 82.7889
124.5845 82.7675
124.5846 82.7982
124.5848 82.5854
124.5853 82.5724
124.5854 82.4326
124.5854 82.4805
124.5855 82.4321
124.5860 82.4943
124.5860 82.6983
124.5861 82.5457
124.5862 82.2777
124.5863 82.7344
124.5865 82.8351
124.5866 82.8368
124.5868 82.8213
124.5871 82.5190
124.5873 82.7404
124.5873 82.7736
124.5879 82.4497
124.5879 82.8033
124.5881 82.3267
124.5881 82.6229
124.5883 82.7820
124.5884 82.5305
124.5889 82.6405
124.5889 82.6693
124.5890 82.4724
124.5893 82.5124
124.5893 82.7976
124.5899 82.5473
124.5900 82.6831
124.5903 82.6685
124.5905 82.5936
124.5905 82.7943
124.5908 82.7641
124.5909 82.8939
124.5911 82.7793
124.5913 82.8140
124.5914 82.7897
124.5915 82.3827
124.5915 82.4722
124.5917 82.7629
124.5918 82.4969
124.5919 82.4546
124.5921 82.7847
124.5922 82.5348
124.5927 82.8443
124.5928 82.5544
124.5931 82.7962
124.5935 82.8479
124.5937 82.8063
124.5942 82.4306
124.5944 82.8299
124.5948 82.7511
124.5949 82.7875
124.5951 82.2941
124.5952 82.8540
124.5954 82.5693
124.5954 82.6255
124.5955 82.4962
124.5955 82.7446
124.5957 82.3725
124.5961 82.7721
124.5961 82.8517
124.5963 82.7199
124.5963 82.7889
124.5964 82.5482
124.5965 82.7844
124.5966 82.8123
124.5968 82.7004
124.5969 82.5106
124.5973 82.3791
124.5975 82.8004
124.5975 82.8192
124.5975 82.8387
124.5981 82.5132
124.5981 82.7392
124.5982 82.4220
124.5982 82.4712
124.5982 82.5903
124.5986 82.7156
124.5988 82.8024
124.5990 82.4991
124.5990 82.7309
124.5994 82.4519
124.5994 82.7399
124.5994 82.7769
124.5994 82.8283
124.5996 82.5417
124.6000 82.5470
124.6001 82.8615
124.6011 82.7111
124.6011 82.7791
124.6011 82.7906
124.6014 82.5077
124.6015 82.8180
124.6015 82.8650
124.6016 82.4181
124.6022 82.8329
124.6023 82.6888
124.6026 82.3066
124.6028 82.4685
124.6028 82.7997
124.6029 82.7911
124.6032 82.8131
124.6035 82.8318
124.6036 82.8314
124.6037 82.5350
124.6038 82.7729
124.6041 82.7753
124.6046 82.4378
124.6047 82.6021
124.6049 82.6863
124.6050 82.4600
124.6060 82.6149
124.6065 82.7117
124.6066 82.7577
124.6067 82.7253
124.6070 82.4509
124.6071 82.6678
124.6071 82.8095
124.6072 82.4967
124.6075 82.6730
124.6075 82.6786
124.6075 82.7870
124.6077 82.5533
124.6077 82.7679
124.6078 82.7581
124.6079 82.7725
124.6082 82.4618
124.6082 82.7672
124.6083 82.7734
124.6084 82.3775
124.6085 82.6232
124.6087 82.7589
124.6095 82.5074
124.6096 82.6700
124.6102 82.7491
124.6102 82.7720
124.6102 82.8017
124.6104 82.8322
124.6110 82.6352
124.6110 82.8371
124.6111 82.7593
124.6114 82.6713
124.6116 82.8167
124.6119 82.8025
124.6120 82.7740
124.6124 82.3191
124.6125 82.4631
124.6126 82.7015
124.6127 82.8160
124.6137 82.5449
124.6139 82.4798
124.6139 82.8152
124.6142 82.7874
124.6144 82.8314
124.6145 82.5648
124.6148 82.8075
124.6149 82.7595
124.6150 82.8482
124.6152 82.7509
124.6155 82.8258
124.6158 82.6875
124.6159 82.6119
124.6159 82.7468
124.6162 82.8014
124.6164 82.5041
124.6165 82.7089
124.6166 82.5463
124.6168 82.7964
124.6175 82.7904
124.6177 82.8231
124.6180 82.6303
124.6181 82.4707
124.6187 82.5490
124.6187 82.5799
124.6187 82.7322
124.6188 82.7993
124.6188 82.8010
124.6189 82.7489
124.6189 82.7799
124.6192 82.5190
124.6194 82.6271
124.6201 82.7397
124.6202 82.7560
124.6202 82.8322
124.6203 82.4978
124.6206 82.7024
124.6206 82.8961
124.6210 82.7700
124.6211 82.7861
124.6211 82.8428
124.6212 82.7795
124.6213 82.6171
124.6218 82.7831
124.6218 82.7991
124.6219 82.4407
124.6223 82.8178
124.6225 82.8113
124.6227 82.5944
124.6228 82.7446
124.6230 82.5173
124.6234 82.7635
124.6243 82.7840
124.6247 82.7276
124.6248 82.7157
124.6248 82.7670
124.6249 82.8012
124.6250 82.6363
124.6252 82.5180
124.6256 82.8500
124.6261 82.7880
124.6262 82.6239
124.6262 82.7761
124.6263 82.7910
124.6264 82.7250
124.6265 82.3737
124.6266 82.7493
124.6266 82.8498
124.6268 82.7874
124.6269 82.7733
124.6269 82.7934
124.6270 82.4220
124.6271 82.8289
124.6274 82.8117
124.6279 82.7175
124.6279 82.7742
124.6281 82.8667
124.6283 82.7289
124.6286 82.8814
124.6288 82.8267
124.6295 82.4729
124.6298 82.5021
124.6300 82.5557
124.6308 82.5620
124.6310 82.4203
124.6310 82.7873
124.6315 82.5441
124.6316 82.8553
124.6322 82.7336
124.6323 82.5088
124.6326 82.6162
124.6328 82.5104
124.6328 82.7575
124.6332 82.4495
124.6333 82.7258
124.6336 82.7950
124.6342 82.4804
124.6345 82.6229
124.6346 82.8354
124.6354 82.6816
124.6357 82.7798
124.6359 82.7572
124.6359 82.8498
124.6361 82.4582
124.6364 82.5031
124.6370 82.6704
124.6371 82.6648
124.6372 82.8343
124.6374 82.7595
124.6378 82.5880
124.6378 82.7965
124.6381 82.7717
124.6386 82.8402
124.6391 82.4772
124.6395 82.7816
124.6400 82.6340
124.6401 82.7971
124.6405 82.8126
124.6405 82.8201
124.6406 82.7983
124.6408 82.7265
124.6409 82.7333
124.6409 82.7646
124.6410 82.4948
124.6416 82.7622
124.6417 82.7975
124.6418 82.5336
124.6421 82.8271
124.6421 82.8314
124.6422 82.7788
124.6424 82.4118
124.6424 82.6533
124.6428 82.5907
124.6432 82.4568
124.6432 82.8011
124.6433 82.7942
124.6435 82.6672
124.6435 82.7218
124.6437 82.6249
124.6446 82.7779
124.6451 82.5310
124.6453 82.7585
124.6455 82.8118
124.6456 82.7175
124.6463 82.8139
124.6464 82.6628
124.6465 82.5779
124.6468 82.8806
124.6470 82.4820
124.6471 82.5848
124.6471 82.7843
124.6475 82.4742
124.6480 82.5360
124.6488 82.7642
124.6491 82.7952
124.6494 82.7675
124.6496 82.6385
124.6500 82.6147
124.6502 82.7464
124.6505 82.8521
124.6510 82.7878
124.6513 82.4812
124.6516 82.4609
124.6526 82.5383
124.6531 82.7080
124.6532 82.4744
124.6533 82.7878
124.6555 82.8379
124.6556 82.8114
124.6564 82.6265
124.6565 82.7644
124.6565 82.7953
124.6566 82.4757
124.6571 82.7811
124.6573 82.5020
124.6579 82.4809
124.6583 82.6596
124.6588 82.5130
124.6591 82.8967
124.6595 82.5932
124.6595 82.7733
124.6603 82.7716
124.6607 82.7028
124.6609 82.7838
124.6613 82.6714
124.6618 82.8006
124.6620 82.6033
124.6633 82.6302
124.6634 82.5500
124.6635 82.7906
124.6638 82.5083
124.6639 82.7377
124.6640 82.7166
124.6640 82.7761
124.6645 82.8235
124.6645 82.8563
124.6652 82.5519
124.6654 82.8416
124.6658 82.6592
124.6662 82.4733
124.6667 82.5801
124.6680 82.7454
124.6686 82.5338
124.6699 82.4877
124.6699 82.5097
124.6700 82.5853
124.6700 82.6372
124.6701 82.7892
124.6702 82.7969
124.6706 82.6790
124.6711 82.5450
124.6711 82.5914
124.6719 82.8116
124.6723 82.7396
124.6725 82.8596
124.6733 82.8567
124.6742 82.4709
124.6749 82.8826
124.6750 82.6505
124.6752 82.5707
124.6752 82.6598
124.6757 82.5335
124.6767 82.7672
124.6770 82.5191
124.6770 82.7807
124.6772 82.6099
124.6772 82.7701
124.6774 82.7132
124.6781 82.7314
124.6784 82.5409
124.6791 82.6128
124.6799 82.7434
124.6803 82.5993
124.6804 82.4709
124.6807 82.4959
124.6807 82.8596
124.6808 82.8100
124.6811 82.7764
124.6816 82.6118
124.6842 82.5016
124.6848 82.4783
124.6852 82.5880
124.6866 82.7828
124.6869 82.4360
124.6871 82.4800
124.6871 82.7099
124.6874 82.6987
124.6885 82.5241
124.6886 82.6039
124.6892 82.5753
124.6896 82.5227
124.6898 82.7096
124.6932 82.4988
124.6944 82.5338
124.6954 82.6334
124.6960 82.5174
124.6978 82.8069
124.6980 82.6779
124.6983 82.5203
124.6985 82.7081
124.6986 82.6003
124.6991 82.5141
124.6991 82.7187
124.6997 82.5968
124.6997 82.8240
124.7003 82.5312
124.7018 82.5549
124.7027 82.4121
124.7029 82.8957
124.7034 82.5619
124.7037 82.4927
124.7037 82.5302
124.7037 82.7630
124.7043 82.7775
124.7045 82.6074
124.7070 82.6114
124.7076 82.5276
124.7084 82.5870
124.7085 82.5999
124.7090 82.5262
124.7090 82.6630
124.7099 82.6246
124.7109 82.4827
124.7113 82.5997
124.7117 82.6699
124.7123 82.5560
124.7126 82.4642
124.7127 82.8809
124.7134 82.5145
124.7139 82.6203
124.7141 82.8061
124.7143 82.5741
124.7150 82.6216
124.7153 82.5840
124.7167 82.7778
124.7169 82.4589
124.7179 82.5132
124.7199 82.5386
124.7216 82.5644
124.7218 82.5682
124.7234 82.6548
124.7243 82.5158
124.7248 82.6094
124.7249 82.5734
124.7254 82.5289
124.7257 82.5648
124.7257 82.6019
124.7259 82.5697
124.7261 82.5006
124.7263 82.4953
124.7264 82.6189
124.7271 82.5254
124.7274 82.4547
124.7283 82.5847
124.7287 82.7800
124.7292 82.4879
124.7296 82.4807
124.7299 82.4974
124.7314 82.5866
124.7317 82.4892
124.7323 82.5193
124.7323 82.5780
124.7329 82.4637
124.7330 82.6138
124.7338 82.8275
124.7339 82.5035
124.7342 82.5454
124.7345 82.5655
124.7352 82.4929
124.7356 82.6157
124.7357 82.5715
124.7359 82.5611
124.7363 82.5744
124.7363 82.6174
124.7372 82.4948
124.7376 82.5768
124.7376 82.5779
124.7380 82.5552
124.7386 82.5789
124.7390 82.5143
124.7391 82.5527
124.7394 82.5665
124.7395 82.6261
124.7399 82.5086
124.7401 82.5836
124.7406 82.6106
124.7407 82.5860
124.7420 82.8118
124.7440 82.4941
124.7447 82.6017
124.7449 82.6574
124.7452 82.5530
124.7457 82.6153
124.7457 82.6171
124.7465 82.5734
124.7468 82.5808
124.7470 82.5296
124.7478 82.5630
124.7480 82.4830
124.7484 82.4877
124.7484 82.6030
124.7490 82.6520
124.7491 82.5467
124.7492 82.6203
124.7494 82.6024
124.7505 82.8211
124.7512 82.6372
124.7513 82.5477
124.7514 82.4585
124.7515 82.6232
124.7516 82.6211
124.7524 82.5695
124.7524 82.6103
124.7529 82.6319
124.7535 82.5897
124.7542 82.5345
124.7545 82.5445
124.7554 82.5952
124.7559 82.4112
124.7563 82.4757
124.7572 82.5555
124.7575 82.5839
124.7581 82.5300
124.7583 82.5780
124.7593 82.5421
124.7596 82.5346
124.7600 82.5505
124.7601 82.5827
124.7604 82.5188
124.7615 82.4906
124.7616 82.4852
124.7618 82.6431
124.7629 82.5301
124.7630 82.6194
124.7632 82.6598
124.7637 82.5359
124.7640 82.7891
124.7650 82.5767
124.7651 82.5592
124.7662 82.5916
124.7666 82.5971
124.7669 82.5142
124.7669 82.5983
124.7670 82.4977
124.7676 82.5430
124.7679 82.5793
124.7679 82.6082
124.7682 82.4984
124.7687 82.5165
124.7689 82.5555
124.7697 82.5654
124.7701 82.5560
124.7701 82.5871
124.7703 82.5701
124.7704 82.5060
124.7704 82.5478
124.7705 82.5428
124.7712 82.6340
124.7714 82.6168
124.7717 82.5879
124.7722 82.6192
124.7729 82.6398
124.7730 82.5620
124.7731 82.5403
124.7735 82.5918
124.7736 82.5927
124.7738 82.4315
124.7740 82.5360
124.7746 82.5444
124.7750 82.5876
124.7761 82.5305
124.7764 82.5038
124.7768 82.5571
124.7771 82.4920
124.7776 82.3816
124.7776 82.5957
124.7780 82.5560
124.7788 82.5607
124.7789 82.5374
124.7791 82.6136
124.7797 82.5507
124.7813 82.6466
124.7828 82.6060
124.7836 82.4724
124.7837 82.5951
124.7840 82.5360
124.7844 82.5516
124.7853 82.5844
124.7854 82.6296
124.7859 82.5032
124.7860 82.6039
124.7864 82.5082
124.7881 82.5877
124.7882 82.5812
124.7885 82.5811
124.7898 82.6141
124.7917 82.3246
124.7917 82.5746
124.7917 82.5987
124.7919 82.5339
124.7920 82.6003
124.7924 82.6124
124.7934 82.6068
124.7946 82.5429
124.7948 82.5817
124.7955 82.5844
124.7965 82.5755
124.7976 82.8558
124.7977 82.5511
124.7993 82.6463
124.7998 82.5213
124.8003 82.6590
124.8006 82.5579
124.8007 82.5468
124.8033 82.4965
124.8034 82.6028
124.8036 82.5058
124.8047 82.5336
124.8048 82.5934
124.8051 82.5153
124.8059 82.4850
124.8067 82.5228
124.8069 82.5690
124.8073 82.5805
124.8076 82.5582
124.8077 82.5689
124.8077 82.5918
124.8087 82.4832
124.8088 82.6139
124.8096 82.5587
124.8100 82.5087
124.8100 82.5939
124.8102 82.6055
124.8108 82.5774
124.8112 82.4923
124.8166 82.5022
124.8167 82.5446
124.8168 82.6032
124.8173 82.5499
124.8198 82.5726
124.8219 82.5921
124.8234 82.5066
124.8248 82.5977
124.8251 82.6876
124.8272 82.5529
124.8343 82.4579
124.8346 82.5591
124.8377 82.4781
124.8427 82.5969
124.8435 82.5574
124.8447 82.4856
124.8453 82.5958
124.8538 82.5810
124.8563 82.4871
124.8581 82.5849
124.8602 82.6238
124.8654 82.5540
124.8835 82.6531
124.8900 82.5154
124.8940 82.5107
124.8963 82.5372
124.8963 82.5762
124.9088 82.5865
124.9223 82.5679
124.9493 82.5349
