42.6435 68.7543
42.6561 68.8385
42.6930 68.8735
42.7013 68.8067
42.7070 68.8665
42.7089 68.8125
42.7137 68.7475
42.7170 68.6351
42.7205 68.5994
42.7276 68.6184
42.7341 68.7252
42.7384 68.5775
42.7488 68.8165
42.7495 68.9211
42.7498 68.7372
42.7521 68.7585
42.7552 68.7618
42.7602 68.7572
42.7611 68.8337
42.7621 68.7150
42.7641 68.6051
42.7653 68.8160
42.7655 68.6973
42.7671 68.5908
42.7707 68.5927
42.7710 68.8639
42.7752 68.9001
42.7775 68.8041
42.7779 68.6512
42.7779 68.7682
42.7788 68.9552
42.7812 69.0343
42.7816 68.6914
42.7819 68.6630
42.7827 68.5504
42.7833 68.7635
42.7836 68.7234
42.7852 69.0393
42.7869 68.6984
42.7907 68.8604
42.7908 68.9085
42.7910 68.6814
42.7923 68.7785
42.7930 68.7728
42.7937 68.6788
42.7972 68.7757
42.7974 68.9554
42.7978 68.6561
42.7980 68.7271
42.7999 68.7557
42.8019 68.7557
42.8022 68.7084
42.8034 69.0108
42.8053 68.9315
42.8064 68.8208
42.8092 68.9426
42.8107 69.0990
42.8121 68.7858
42.8126 68.7622
42.8130 69.0210
42.8149 68.7194
42.8162 68.7659
42.8177 69.0127
42.8178 68.9509
42.8178 68.9688
42.8180 68.8203
42.8184 68.6885
42.8188 68.9924
42.8190 68.7344
42.8193 68.5797
42.8197 68.8147
42.8199 68.6227
42.8210 68.9765
42.8212 68.9451
42.8223 68.7234
42.8231 68.7622
42.8237 68.7947
42.8238 68.9345
42.8238 68.9512
42.8275 68.8294
42.8283 68.7804
42.8308 68.6036
42.8308 69.0277
42.8324 68.9570
42.8335 68.8564
42.8345 68.9389
42.8357 68.9267
42.8365 68.7617
42.8365 68.9957
42.8369 68.9579
42.8371 68.9643
42.8374 68.7677
42.8377 68.7709
42.8382 68.9453
42.8390 68.6116
42.8393 68.7417
42.8402 69.0010
42.8411 68.8089
42.8419 68.7203
42.8419 68.9476
42.8420 68.7218
42.8422 68.8300
42.8422 68.9858
42.8427 68.9700
42.8438 68.9334
42.8441 68.9326
42.8451 68.8031
42.8455 68.9063
42.8459 68.9301
42.8465 68.8876
42.8476 68.9760
42.8478 68.9354
42.8479 68.7603
42.8483 68.8295
42.8484 68.8042
42.8484 68.9261
42.8485 68.9096
42.8486 68.9988
42.8487 68.9216
42.8496 68.7653
42.8504 68.8494
42.8506 68.9072
42.8509 68.7624
42.8510 68.9367
42.8516 68.7952
42.8517 68.7451
42.8523 68.6787
42.8526 68.6984
42.8531 68.9472
42.8535 68.6615
42.8535 68.8046
42.8535 68.9372
42.8536 68.7366
42.8545 68.7303
42.8556 68.8042
42.8557 68.7999
42.8558 68.6826
42.8559 68.6718
42.8571 68.9491
42.8574 68.6612
42.8578 68.7478
42.8578 68.8731
42.8580 68.9374
42.8581 68.6928
42.8591 68.7195
42.8594 68.7929
42.8594 68.9547
42.8596 68.7134
42.8598 68.9537
42.8606 68.5677
42.8609 68.6375
42.8609 68.9212
42.8610 68.7970
42.8611 68.9710
42.8616 68.9008
42.8618 68.7815
42.8618 68.9356
42.8618 68.9465
42.8623 68.9485
42.8625 68.7228
42.8627 68.8955
42.8629 68.9488
42.8633 68.7740
42.8643 68.9724
42.8644 69.0159
42.8646 68.9012
42.8649 68.6458
42.8649 68.7034
42.8649 68.7882
42.8658 68.7831
42.8663 68.9055
42.8666 68.9618
42.8668 68.7973
42.8669 68.6964
42.8670 68.7645
42.8672 68.8363
42.8675 68.7611
42.8675 68.9551
42.8676 68.8987
42.8679 68.7963
42.8687 69.0015
42.8688 68.8070
42.8690 68.7234
42.8693 68.7487
42.8693 68.9844
42.8695 68.7020
42.8697 68.9324
42.8705 68.7459
42.8712 68.8117
42.8724 68.7224
42.8725 68.7393
42.8727 68.7963
42.8727 68.8789
42.8727 68.9166
42.8730 68.9008
42.8732 68.9930
42.8734 68.8177
42.8738 68.7213
42.8742 68.8004
42.8749 68.7590
42.8749 68.9684
42.8750 68.6595
42.8750 68.8031
42.8757 69.0016
42.8758 68.6871
42.8758 68.6986
42.8759 68.8767
42.8760 68.7657
42.8765 68.9665
42.8766 68.7702
42.8779 68.7430
42.8780 68.9037
42.8782 68.6906
42.8788 68.9565
42.8799 68.9381
42.8804 68.6366
42.8808 68.7412
42.8808 68.9001
42.8812 68.7050
42.8814 68.7918
42.8817 68.7494
42.8818 69.0033
42.8819 68.9329
42.8820 68.6782
42.8823 68.7861
42.8827 68.7010
42.8828 68.7261
42.8828 68.9624
42.8830 68.6807
42.8831 68.9309
42.8832 68.9131
42.8836 68.9242
42.8838 68.7355
42.8839 68.6196
42.8848 68.7284
42.8849 68.8816
42.8849 68.9488
42.8851 68.9318
42.8852 68.8076
42.8855 68.7386
42.8856 68.6546
42.8856 68.9653
42.8859 68.7038
42.8859 68.7651
42.8859 68.8552
42.8865 68.7630
42.8866 68.7899
42.8867 68.9256
42.8870 68.8831
42.8874 68.9446
42.8875 68.7765
42.8877 68.6801
42.8877 68.7744
42.8882 68.5965
42.8889 68.7667
42.8898 68.8754
42.8899 68.7740
42.8900 68.6783
42.8903 69.0065
42.8904 68.6845
42.8906 68.8110
42.8908 68.9692
42.8912 68.7797
42.8912 68.8243
42.8913 68.7924
42.8917 68.9612
42.8926 68.6670
42.8927 68.9133
42.8929 68.7585
42.8929 68.9325
42.8932 69.0105
42.8933 68.9478
42.8933 68.9554
42.8936 68.6688
42.8939 68.7530
42.8940 68.6554
42.8943 68.7572
42.8949 68.7091
42.8949 68.8360
42.8951 69.0487
42.8959 68.6346
42.8961 68.9285
42.8964 68.7139
42.8965 68.9725
42.8967 68.9057
42.8968 68.7200
42.8973 68.6694
42.8976 68.9258
42.8980 68.6825
42.8980 68.9532
42.8981 68.9202
42.8984 68.6753
42.8985 68.8215
42.8989 68.9061
42.8991 68.6915
42.8992 68.6841
42.8992 68.9536
42.8993 68.8642
42.8994 68.7580
42.8996 68.8309
42.8996 68.9432
42.8998 68.9454
42.8999 68.7212
42.9000 68.8149
42.9007 68.8923
42.9008 68.8080
42.9009 68.9491
42.9011 68.7837
42.9014 68.7985
42.9016 68.7001
42.9016 68.7780
42.9017 68.6941
42.9019 68.9147
42.9019 68.9994
42.9021 68.8507
42.9024 68.8243
42.9031 68.9246
42.9040 68.7658
42.9044 68.6536
42.9045 68.8944
42.9046 68.7973
42.9046 68.8264
42.9051 68.7900
42.9054 68.6658
42.9058 68.7371
42.9059 68.7648
42.9060 68.7018
42.9060 68.7748
42.9060 68.9703
42.9061 68.9495
42.9061 68.9605
42.9066 68.9649
42.9067 68.6592
42.9067 68.7372
42.9075 68.7306
42.9083 68.7123
42.9087 68.9999
42.9088 68.8784
42.9088 68.9500
42.9089 68.6836
42.9091 68.9561
42.9093 68.9610
42.9094 68.7425
42.9096 68.9332
42.9097 68.6981
42.9099 68.7149
42.9100 68.9375
42.9101 68.8463
42.9102 68.7005
42.9105 68.6440
42.9107 68.9861
42.9108 68.7043
42.9109 68.8328
42.9114 68.8309
42.9114 68.9419
42.9115 68.9104
42.9117 68.9801
42.9119 68.9011
42.9119 68.9709
42.9119 69.0397
42.9123 68.7211
42.9124 68.6646
42.9124 68.9228
42.9130 68.9910
42.9131 68.6467
42.9132 68.7501
42.9135 68.7166
42.9136 68.9171
42.9139 68.6555
42.9139 68.6749
42.9143 68.9480
42.9147 68.5547
42.9147 68.7994
42.9152 68.7965
42.9152 68.9542
42.9153 68.9157
42.9156 68.9069
42.9174 68.7620
42.9176 68.9444
42.9179 68.9422
42.9181 68.9380
42.9182 68.9930
42.9186 68.7174
42.9187 68.9573
42.9190 68.7674
42.9193 68.7264
42.9193 68.9353
42.9193 68.9547
42.9196 68.9303
42.9197 68.6947
42.9198 68.6729
42.9200 68.9647
42.9203 68.8583
42.9215 68.7304
42.9221 68.6930
42.9221 68.7712
42.9222 68.9317
42.9223 68.9570
42.9225 68.7410
42.9227 68.9725
42.9229 68.7848
42.9231 68.7267
42.9231 68.8533
42.9235 68.6654
42.9235 68.9829
42.9239 68.9150
42.9239 68.9592
42.9240 68.8430
42.9240 69.0062
42.9241 69.0110
42.9242 68.9635
42.9243 68.8853
42.9243 68.9605
42.9251 68.7904
42.9252 68.6984
42.9252 68.9024
42.9252 68.9167
42.9252 68.9622
42.9259 68.9788
42.9266 69.0369
42.9268 68.9235
42.9277 68.6974
42.9277 68.8988
42.9277 68.9960
42.9279 68.7056
42.9279 68.9410
42.9280 68.9283
42.9283 68.9436
42.9286 68.7712
42.9289 68.8603
42.9291 68.8606
42.9295 68.8175
42.9297 68.5897
42.9299 68.9497
42.9301 68.6978
42.9310 68.7951
42.9312 68.7231
42.9317 68.9952
42.9319 68.8711
42.9319 69.0447
42.9323 68.6810
42.9324 68.7382
42.9324 68.9626
42.9327 68.9904
42.9328 68.6708
42.9328 68.7009
42.9328 68.9280
42.9329 68.6901
42.9330 68.8427
42.9330 68.9312
42.9335 68.6249
42.9338 68.9935
42.9340 68.9586
42.9340 68.9617
42.9343 68.8854
42.9349 68.7438
42.9351 68.9651
42.9356 68.9036
42.9357 68.8243
42.9358 68.8832
42.9358 68.9164
42.9358 68.9447
42.9359 68.8953
42.9360 68.7249
42.9362 68.8809
42.9367 68.7604
42.9369 68.8408
42.9369 68.9396
42.9371 68.7529
42.9373 68.7041
42.9373 68.9394
42.9379 68.9940
42.9384 68.7311
42.9386 68.8670
42.9388 68.9754
42.9389 68.8734
42.9390 68.8328
42.9391 68.7456
42.9391 68.9162
42.9392 68.9046
42.9395 68.7846
42.9395 68.9798
42.9397 68.8474
42.9397 68.9187
42.9397 68.9552
42.9400 68.9275
42.9403 68.7074
42.9404 68.7481
42.9406 68.6780
42.9409 69.0127
42.9412 68.9549
42.9417 68.9812
42.9419 68.7119
42.9422 68.7183
42.9424 68.8273
42.9427 68.7863
42.9427 68.9042
42.9427 69.0119
42.9428 68.9089
42.9430 68.7388
42.9431 68.7146
42.9431 68.8557
42.9436 68.7310
42.9445 68.7823
42.9445 68.9556
42.9446 68.5487
42.9447 68.5797
42.9454 68.7335
42.9457 68.9996
42.9460 68.6998
42.9475 68.6737
42.9475 68.9943
42.9479 69.0046
42.9481 68.6676
42.9481 68.7179
42.9483 68.9307
42.9485 68.6977
42.9485 68.7460
42.9490 68.8496
42.9492 68.7072
42.9494 68.6458
42.9495 68.8026
42.9496 68.9550
42.9497 68.8712
42.9499 68.7515
42.9499 68.9771
42.9500 68.9636
42.9503 68.8780
42.9506 68.9261
42.9507 68.9711
42.9507 69.0131
42.9508 68.8481
42.9518 68.7387
42.9519 68.8905
42.9520 68.6700
42.9520 68.9528
42.9524 68.6848
42.9525 68.9029
42.9525 68.9818
42.9527 68.6392
42.9529 68.7091
42.9530 68.9555
42.9533 68.8515
42.9544 68.8910
42.9548 68.9765
42.9554 68.6597
42.9557 68.9004
42.9558 68.9887
42.9566 68.9921
42.9569 68.7085
42.9569 68.9447
42.9570 68.7592
42.9572 68.8826
42.9572 68.9410
42.9573 68.8038
42.9580 68.7478
42.9583 68.9750
42.9584 68.6946
42.9589 68.7236
42.9590 68.6609
42.9594 68.9603
42.9595 68.7520
42.9596 68.9179
42.9597 68.9374
42.9602 68.8111
42.9606 68.6633
42.9607 68.9174
42.9609 68.9629
42.9622 68.7529
42.9629 68.9662
42.9632 68.9622
42.9634 68.9215
42.9634 68.9552
42.9639 68.6642
42.9641 68.8950
42.9642 68.9135
42.9643 68.7732
42.9645 68.8396
42.9653 68.9363
42.9659 68.7310
42.9664 68.7283
42.9665 68.6206
42.9668 68.9216
42.9671 68.9512
42.9672 68.9963
42.9676 68.6917
42.9680 68.8646
42.9683 68.7042
42.9689 68.7354
42.9695 68.7115
42.9702 68.9576
42.9703 68.6378
42.9704 68.7156
42.9714 68.6144
42.9717 68.9541
42.9723 68.9064
42.9729 68.9425
42.9733 68.8659
42.9742 68.9278
42.9743 68.8384
42.9745 68.9577
42.9759 68.7305
42.9763 68.7222
42.9780 68.7185
42.9782 68.7597
42.9784 68.8777
42.9789 68.8810
42.9804 68.9261
42.9808 68.7258
42.9816 68.7090
42.9826 68.8611
42.9827 69.0304
42.9829 68.6602
42.9831 68.8877
42.9834 68.7425
42.9835 68.7101
42.9837 68.6165
42.9837 68.9222
42.9837 68.9391
42.9856 68.7523
42.9866 68.7690
42.9866 68.9837
42.9879 68.7416
42.9880 68.9142
42.9886 68.9392
42.9893 68.9472
42.9909 68.9330
42.9916 68.8417
42.9923 68.6808
42.9930 68.7512
42.9933 68.7645
42.9940 68.7867
42.9955 68.6553
42.9959 68.9618
42.9971 68.6392
42.9972 68.8028
42.9977 68.6757
42.9996 68.5829
42.9999 68.6976
43.0001 68.4585
43.0002 68.6564
43.0009 68.6153
43.0023 68.7131
43.0023 68.8091
43.0028 68.7700
43.0031 68.9827
43.0034 68.7783
43.0035 68.9171
43.0053 68.9712
43.0076 68.7720
43.0078 68.9145
43.0100 68.6788
43.0113 68.9512
43.0117 68.9457
43.0121 68.5766
43.0122 68.8658
43.0129 68.9353
43.0131 68.6978
43.0156 68.9920
43.0157 68.8277
43.0170 68.9810
43.0180 68.8469
43.0189 68.6472
43.0241 68.8471
43.0245 68.8295
43.0258 68.8633
43.0294 68.6904
43.0314 68.8703
43.0318 69.0046
43.0333 68.6088
43.0357 68.6900
43.0376 68.8089
43.0385 68.9148
43.0391 68.7981
43.0412 68.7712
43.0424 69.0115
43.0449 68.9262
43.0468 68.9259
43.0471 68.9880
43.0490 68.7740
43.0496 69.0358
43.0497 68.9083
43.0503 68.9928
43.0515 68.7256
43.0547 68.8393
43.0580 69.0093
43.0590 68.6919
43.0631 68.7581
43.0637 68.9296
43.0647 68.9693
43.0655 68.8757
43.0665 68.7001
43.0680 68.7532
43.0699 68.9573
43.0718 68.7363
43.0727 68.6990
43.0741 68.6691
43.0780 69.0137
43.0788 69.0111
43.0805 68.8679
43.0812 69.0338
43.0813 68.6853
43.0822 68.9039
43.0888 68.9091
43.0896 68.9255
43.0898 68.5595
43.0903 68.9468
43.0906 68.6844
43.0917 68.6322
43.0920 69.0788
43.0921 68.6595
43.0923 68.9739
43.0939 68.9164
43.0946 68.9554
43.0979 68.9576
43.0989 68.7458
43.0993 69.0912
43.0994 68.9276
43.1026 68.7603
43.1030 68.9098
43.1032 68.7315
43.1035 69.0247
43.1042 68.9675
43.1042 69.0641
43.1045 68.9993
43.1054 68.9686
43.1071 69.0879
43.1073 68.9257
43.1096 68.7049
43.1100 68.7692
43.1101 69.0188
43.1112 68.6923
43.1114 68.6919
43.1114 68.9702
43.1116 68.9154
43.1124 68.9433
43.1136 68.5847
43.1146 68.9692
43.1163 68.6561
43.1170 68.9686
43.1177 69.0154
43.1193 68.9782
43.1197 68.9661
43.1214 68.7762
43.1216 69.0182
43.1223 68.9581
43.1232 68.7382
43.1233 68.9464
43.1233 68.9977
43.1234 69.0001
43.1240 68.9848
43.1242 68.9872
43.1248 68.6274
43.1254 68.9520
43.1258 68.7440
43.1266 68.9516
43.1269 68.9923
43.1280 68.9620
43.1280 68.9935
43.1286 68.9699
43.1299 68.9488
43.1300 68.9923
43.1302 68.9535
43.1303 68.9908
43.1315 68.9620
43.1315 69.0247
43.1319 68.9753
43.1321 68.7290
43.1326 69.0403
43.1332 68.9042
43.1334 69.0247
43.1335 68.9578
43.1339 68.9724
43.1343 68.7414
43.1345 68.9975
43.1348 68.9667
43.1356 68.6614
43.1359 69.0028
43.1360 68.9434
43.1366 68.9913
43.1368 68.9893
43.1369 68.8660
43.1371 68.7116
43.1373 69.0258
43.1380 68.9613
43.1382 68.9898
43.1385 68.6152
43.1385 68.7331
43.1387 68.9361
43.1390 68.7073
43.1395 69.0029
43.1397 68.9516
43.1398 68.9132
43.1401 69.0043
43.1402 69.0230
43.1403 68.9384
43.1403 69.0092
43.1414 68.9388
43.1415 68.9492
43.1415 68.9764
43.1417 68.7282
43.1418 68.7111
43.1435 68.9975
43.1439 68.9370
43.1443 68.7815
43.1446 68.7150
43.1456 68.9234
43.1467 68.9976
43.1468 68.7196
43.1469 68.7215
43.1473 68.6806
43.1475 68.7007
43.1480 68.9255
43.1480 69.0284
43.1485 68.9649
43.1495 68.7591
43.1497 69.0136
43.1499 68.9777
43.1502 68.7529
43.1507 68.9792
43.1508 68.7847
43.1512 69.0162
43.1520 68.6244
43.1524 68.8706
43.1526 69.0203
43.1532 68.9761
43.1532 69.0289
43.1534 68.9236
43.1537 68.7099
43.1537 68.9277
43.1538 68.6122
43.1539 68.7559
43.1541 69.0024
43.1544 69.0110
43.1545 68.6366
43.1547 69.0323
43.1548 68.9902
43.1554 68.9625
43.1558 68.7451
43.1558 68.9743
43.1558 68.9939
43.1565 68.9372
43.1567 68.6803
43.1567 68.7320
43.1567 68.8772
43.1571 68.9807
43.1572 68.9416
43.1573 68.9500
43.1575 68.6736
43.1577 68.7025
43.1577 69.0313
43.1581 69.0236
43.1584 68.6236
43.1584 68.9713
43.1592 68.9685
43.1594 69.0255
43.1596 68.9484
43.1599 68.8953
43.1604 68.6829
43.1604 68.6928
43.1608 69.0274
43.1611 68.6654
43.1611 69.0531
43.1613 68.6527
43.1615 68.9887
43.1622 69.0059
43.1626 68.9833
43.1628 68.6735
43.1628 68.9860
43.1629 68.9892
43.1630 68.9645
43.1636 68.9860
43.1637 68.6462
43.1649 68.6583
43.1653 69.0158
43.1654 69.0167
43.1657 69.0228
43.1661 68.9748
43.1663 68.9652
43.1665 69.0238
43.1665 69.0262
43.1666 68.9347
43.1667 68.6626
43.1667 69.0330
43.1699 68.9615
43.1704 68.9675
43.1704 68.9891
43.1705 69.0047
43.1707 68.9843
43.1716 68.9192
43.1719 68.9192
43.1729 68.6619
43.1736 68.6338
43.1736 68.7504
43.1738 68.9018
43.1738 69.0308
43.1745 68.7297
43.1745 68.9851
43.1749 68.7209
43.1749 68.7375
43.1751 69.0894
43.1757 68.6738
43.1758 69.0052
43.1767 68.6700
43.1767 68.7188
43.1768 69.0035
43.1773 68.7088
43.1776 69.0356
43.1778 68.9270
43.1778 69.0428
43.1791 68.7320
43.1796 68.7116
43.1798 68.9916
43.1802 68.9696
43.1805 68.6888
43.1809 68.7868
43.1811 68.9552
43.1813 68.7451
43.1818 68.9381
43.1821 68.6770
43.1824 68.7105
43.1824 69.0153
43.1826 68.9618
43.1830 68.6781
43.1831 68.9680
43.1833 68.7369
43.1833 68.9810
43.1835 68.9402
43.1839 68.9945
43.1853 68.9228
43.1854 68.7343
43.1861 69.0064
43.1865 68.9552
43.1868 68.9399
43.1874 69.0460
43.1878 68.9011
43.1882 68.9509
43.1886 68.9817
43.1890 68.9679
43.1891 68.6703
43.1891 69.0182
43.1894 68.9765
43.1899 69.0415
43.1914 69.0063
43.1915 69.0051
43.1920 68.6925
43.1924 68.6813
43.1931 68.9832
43.1934 68.9866
43.1936 68.9977
43.1939 68.9487
43.1940 68.9686
43.1941 68.9820
43.1944 68.9468
43.1944 69.0082
43.1945 68.9995
43.1949 69.0257
43.1959 68.9386
43.1967 68.9882
43.1975 68.9058
43.1980 68.6968
43.1982 68.9319
43.1982 68.9841
43.1982 69.0089
43.1987 68.9861
43.2004 68.8679
43.2010 68.9064
43.2013 68.7300
43.2015 68.9534
43.2016 68.9213
43.2020 68.7101
43.2021 68.9870
43.2022 68.7407
43.2023 69.0024
43.2029 68.9245
43.2040 68.9224
43.2045 68.9790
43.2047 68.6432
43.2049 68.9566
43.2051 68.9871
43.2051 68.9931
43.2057 68.9049
43.2066 68.6808
43.2066 69.0108
43.2076 68.9199
43.2077 68.9301
43.2079 68.7126
43.2085 68.9285
43.2088 68.9373
43.2099 68.7515
43.2107 68.9953
43.2108 68.9502
43.2109 68.6801
43.2110 69.0436
43.2113 68.6604
43.2124 69.0022
43.2126 68.7041
43.2133 68.9679
43.2136 69.0105
43.2142 68.7066
43.2142 68.9806
43.2143 69.0634
43.2164 69.0147
43.2168 68.9821
43.2170 68.7141
43.2175 68.9162
43.2179 68.7630
43.2183 68.8043
43.2184 69.0166
43.2187 68.6275
43.2188 69.0111
43.2191 69.0536
43.2194 68.6798
43.2198 69.0350
43.2201 69.0047
43.2204 69.1182
43.2210 68.6891
43.2216 68.5401
43.2220 68.9127
43.2226 68.7796
43.2226 68.9752
43.2230 69.0281
43.2233 68.7662
43.2240 68.8250
43.2243 68.9744
43.2249 69.0423
43.2259 68.9778
43.2264 68.9987
43.2269 68.9353
43.2270 68.9823
43.2281 68.6480
43.2282 69.0442
43.2283 68.6547
43.2289 68.6507
43.2306 68.7396
43.2307 68.7205
43.2329 69.0503
43.2358 68.9172
43.2368 69.0071
43.2369 69.0459
43.2389 68.9384
43.2417 68.9306
43.2420 68.8754
43.2422 68.9748
43.2423 69.0362
43.2424 68.9357
43.2436 68.9113
43.2436 68.9543
43.2437 68.7141
43.2442 68.9337
43.2449 68.7934
43.2450 69.0516
43.2455 69.0013
43.2457 68.9283
43.2509 69.0320
43.2533 68.7214
43.2619 68.8578
43.2628 68.8582
43.2630 69.0355
43.2639 68.8910
43.2677 68.4476
43.2695 69.0434
43.2702 68.7409
43.2708 68.9074
43.2715 68.7177
43.2738 68.8048
43.2742 68.7600
43.2762 68.8802
43.2788 68.9053
43.2820 68.8143
43.2903 68.8390
43.2916 68.6377
43.2931 68.6205
43.2997 68.9674
43.3029 69.0191
43.3030 68.6124
43.3048 68.9830
43.3077 69.0169
43.3085 68.9291
43.3506 68.5228
43.3527 68.7609
43.3780 68.8686
43.3805 68.6225
