79.2739 200.8580
79.2763 200.8555
79.3051 200.8545
79.3058 200.6652
79.3172 200.8825
79.3498 200.8581
79.3631 200.8101
79.3643 200.8023
79.3728 200.7929
79.3744 200.8562
79.3751 200.8770
79.3755 200.7953
79.3818 200.8447
79.3842 200.8252
79.3882 200.8037
79.3950 200.8794
79.3955 200.5565
79.4026 200.8322
79.4042 200.7953
79.4063 200.7564
79.4063 200.8641
79.4077 200.7965
79.4084 200.8233
79.4088 200.6053
79.4163 200.9016
79.4179 200.6237
79.4183 200.9113
79.4220 200.7711
79.4242 200.8979
79.4252 200.9109
79.4266 200.8632
79.4270 200.9273
79.4279 200.8726
79.4284 200.8783
79.4287 200.8820
79.4302 200.7718
79.4306 200.8042
79.4316 200.8347
79.4379 200.8281
79.4381 200.8691
79.4400 200.8576
79.4410 200.8326
79.4433 200.8573
79.4438 200.8084
79.4441 200.7572
79.4465 200.7967
79.4478 200.8484
79.4481 200.8286
79.4498 200.8464
79.4500 200.7785
79.4501 200.8409
79.4505 200.7121
79.4517 200.9563
79.4526 200.9006
79.4540 200.9151
79.4541 200.7232
79.4545 200.9459
79.4560 200.5721
79.4572 200.8159
79.4579 200.7997
79.4585 200.7701
79.4586 200.8150
79.4590 200.8784
79.4591 200.7662
79.4612 200.8131
79.4643 200.6499
79.4660 200.7695
79.4668 200.8282
79.4669 200.9924
79.4680 200.7547
79.4686 200.8290
79.4699 200.8728
79.4711 200.7938
79.4714 200.8555
79.4723 200.9135
79.4734 200.7976
79.4736 200.7969
79.4747 200.7533
79.4773 200.8001
79.4777 200.6153
79.4792 200.8853
79.4794 200.9993
79.4796 200.8706
79.4799 200.7829
79.4800 200.8064
79.4809 200.8541
79.4810 200.8227
79.4818 200.8068
79.4819 200.8541
79.4826 200.8479
79.4826 200.8514
79.4845 200.8972
79.4850 200.7608
79.4860 200.7194
79.4867 200.7796
79.4885 200.8097
79.4899 200.7930
79.4902 200.7599
79.4902 200.8313
79.4910 200.7884
79.4916 200.8513
79.4921 200.8144
79.4926 200.6904
79.4935 200.9096
79.4945 200.7960
79.4947 201.0296
79.4950 200.8102
79.4968 200.8212
79.4974 200.8008
79.4986 200.8042
79.4987 200.8243
79.4995 200.7032
79.5002 200.7630
79.5002 200.7849
79.5029 200.7920
79.5037 200.6954
79.5046 200.4849
79.5053 201.0426
79.5054 200.8108
79.5059 200.7952
79.5059 200.8094
79.5060 200.7342
79.5060 200.8151
79.5067 200.7958
79.5068 200.7196
79.5071 200.8230
79.5072 200.7567
79.5075 200.7152
79.5075 200.7503
79.5086 200.8026
79.5089 200.8358
79.5099 200.7660
79.5099 201.0390
79.5120 200.7319
79.5122 200.7612
79.5125 200.7413
79.5128 200.8158
79.5131 200.7956
79.5135 200.8353
79.5139 200.7763
79.5140 200.8102
79.5142 200.8325
79.5143 200.8513
79.5146 200.7460
79.5147 200.8356
79.5153 200.8279
79.5154 200.7962
79.5155 200.5233
79.5164 200.7527
79.5169 200.7900
79.5173 200.7994
79.5175 200.7855
79.5175 200.8342
79.5177 201.0552
79.5178 200.8173
79.5179 200.8086
79.5181 200.8630
79.5186 200.8887
79.5187 200.7806
79.5187 200.8372
79.5188 200.7629
79.5189 200.7846
79.5189 200.9056
79.5191 200.8146
79.5196 200.7392
79.5203 200.9998
79.5204 200.8056
79.5206 200.8475
79.5217 200.8449
79.5218 200.8714
79.5220 200.7148
79.5225 200.8033
79.5226 200.6427
79.5227 200.7513
79.5228 200.7853
79.5229 200.7707
79.5230 200.7455
79.5231 200.8293
79.5231 201.0004
79.5238 200.7867
79.5239 200.8058
79.5251 200.7705
79.5253 200.8043
79.5269 200.8092
79.5277 200.8022
79.5284 200.7980
79.5293 200.8266
79.5296 200.8190
79.5296 200.8225
79.5303 200.7746
79.5304 200.7887
79.5304 200.8181
79.5310 200.6377
79.5310 200.8453
79.5316 200.8289
79.5319 200.8402
79.5321 200.8243
79.5327 200.7950
79.5333 200.7718
79.5335 200.8478
79.5340 200.6925
79.5341 200.8323
79.5343 200.8217
79.5345 200.8091
79.5348 200.8153
79.5353 200.7901
79.5370 200.8115
79.5371 200.8579
79.5373 200.8102
79.5373 200.8608
79.5375 200.7812
79.5377 200.7795
79.5378 200.6534
79.5380 201.0154
79.5383 200.7704
79.5387 200.6959
79.5390 200.7641
79.5396 200.8128
79.5400 200.8319
79.5404 200.8177
79.5409 200.9155
79.5414 200.9140
79.5418 200.7751
79.5420 200.7514
79.5425 200.7721
79.5426 200.8370
79.5427 200.7853
79.5428 200.7870
79.5431 200.7980
79.5432 200.7840
79.5437 200.7655
79.5438 200.7950
79.5440 200.9092
79.5445 200.7565
79.5449 200.6914
79.5450 200.7694
79.5454 200.4906
79.5457 200.6807
79.5458 200.7022
79.5466 200.7095
79.5471 200.7375
79.5472 200.8323
79.5474 200.8135
79.5486 200.8544
79.5491 200.7708
79.5501 200.7335
79.5507 200.7269
79.5507 200.7904
79.5507 200.7990
79.5509 200.7805
79.5514 200.7531
79.5515 200.7253
79.5518 200.8506
79.5519 200.8230
79.5521 200.8246
79.5529 200.6778
79.5529 200.7297
79.5533 200.7986
79.5536 200.8185
79.5544 200.8156
79.5547 200.7347
79.5551 200.7181
79.5556 200.7527
79.5565 200.7836
79.5568 200.8880
79.5570 200.7456
79.5571 200.8236
79.5588 200.5469
79.5590 200.7533
79.5598 200.9078
79.5600 200.7743
79.5615 200.6384
79.5627 200.7116
79.5633 200.7666
79.5633 200.7831
79.5650 200.7117
79.5654 200.5768
79.5654 200.7831
79.5657 200.5174
79.5659 200.8108
79.5672 200.7479
79.5673 200.8586
79.5682 200.7787
79.5682 200.8318
79.5689 200.7681
79.5698 200.7934
79.5698 200.9816
79.5701 200.6851
79.5703 200.7881
79.5707 200.9796
79.5710 200.7735
79.5715 200.7174
79.5726 200.7641
79.5733 200.7387
79.5737 200.7284
79.5758 200.7878
79.5765 200.9308
79.5770 200.3870
79.5770 200.8488
79.5775 200.8762
79.5776 200.7265
79.5777 200.8915
79.5780 200.8009
79.5780 200.8382
79.5792 200.7725
79.5804 200.8214
79.5809 200.6221
79.5816 200.7047
79.5824 200.7988
79.5826 200.9911
79.5838 200.7895
79.5838 200.8373
79.5845 200.8763
79.5854 200.7676
79.5865 200.7035
79.5865 200.7557
79.5868 200.9341
79.5873 200.7216
79.5878 200.8530
79.5882 200.6083
79.5891 200.7927
79.5893 200.6106
79.5905 200.8761
79.5911 200.7283
79.5913 200.8300
79.5918 200.7918
79.5918 200.8372
79.5924 200.8915
79.5929 201.0072
79.5934 200.6002
79.5936 200.5126
79.5936 200.7172
79.5947 200.5825
79.5955 200.6415
79.5965 200.8679
79.5972 200.9228
79.5975 201.0131
79.5980 200.8222
79.5996 200.8169
79.6004 200.7273
79.6010 200.7794
79.6017 200.6595
79.6036 200.6202
79.6047 200.8669
79.6054 200.7143
79.6055 200.6628
79.6074 200.8336
79.6077 200.5643
79.6079 200.7991
79.6080 200.7576
79.6085 200.5883
79.6097 200.6779
79.6099 200.5387
79.6099 200.8022
79.6110 200.5210
79.6110 200.6843
79.6114 200.7983
79.6123 200.5035
79.6134 200.7587
79.6140 200.8371
79.6141 200.6335
79.6149 200.6065
79.6163 200.5601
79.6165 200.5478
79.6171 200.7169
79.6179 200.5335
79.6188 200.8409
79.6202 200.7426
79.6203 200.6073
79.6211 200.7117
79.6214 200.6011
79.6216 200.9896
79.6219 200.7718
79.6230 200.5205
79.6230 200.5949
79.6234 200.5906
79.6238 200.6951
79.6245 200.5323
79.6258 200.5206
79.6272 200.8268
79.6290 200.9233
79.6295 200.5915
79.6299 200.6801
79.6300 200.5647
79.6300 200.5871
79.6304 200.5810
79.6305 200.8030
79.6306 200.5240
79.6308 200.6880
79.6314 200.7603
79.6321 200.8767
79.6332 200.5832
79.6348 200.5804
79.6348 200.6919
79.6354 200.6487
79.6354 200.9000
79.6359 200.7346
79.6360 200.6616
79.6363 200.8751
79.6372 200.5745
79.6372 200.6698
79.6373 200.5114
79.6377 200.5892
79.6377 200.7936
79.6381 200.6406
79.6382 200.5331
79.6409 200.9245
79.6416 200.5581
79.6421 200.7776
79.6422 200.5563
79.6426 200.5051
79.6429 200.6301
79.6439 200.8889
79.6446 200.6403
79.6448 200.9128
79.6453 200.5709
79.6456 200.5729
79.6460 200.4440
79.6470 200.6780
79.6471 200.8987
79.6474 200.6240
79.6477 200.6794
79.6479 200.5552
79.6480 200.5038
79.6481 200.5449
79.6490 200.5869
79.6494 200.6405
79.6498 200.5815
79.6513 200.4512
79.6518 200.6564
79.6530 200.7446
79.6535 200.7200
79.6537 200.6259
79.6546 200.5798
79.6547 200.4850
79.6551 200.4455
79.6558 200.5332
79.6559 200.5758
79.6562 200.6600
79.6564 200.6696
79.6571 200.5383
79.6571 200.5691
79.6572 200.4642
79.6572 200.9581
79.6576 200.5745
79.6576 200.6729
79.6579 200.6154
79.6581 200.8141
79.6583 200.5307
79.6584 200.5099
79.6590 200.5140
79.6594 200.6581
79.6595 200.6302
79.6595 200.6621
79.6596 200.5769
79.6596 200.6278
79.6602 200.5527
79.6604 200.8513
79.6604 201.0230
79.6607 200.7314
79.6608 200.5824
79.6612 200.6506
79.6613 200.5416
79.6614 200.6279
79.6615 200.5340
79.6617 200.5405
79.6617 200.7046
79.6618 200.5246
79.6619 200.6215
79.6619 200.7322
79.6621 200.6541
79.6623 200.5924
79.6627 200.5286
79.6630 200.4472
79.6631 200.9256
79.6633 200.6389
79.6634 200.6278
79.6635 200.6051
79.6636 200.5601
79.6636 200.6130
79.6645 200.5730
79.6654 200.6689
79.6655 200.9455
79.6656 200.6317
79.6659 200.6530
79.6663 200.6096
79.6664 200.5673
79.6666 200.8690
79.6672 200.9106
79.6674 200.5409
79.6675 200.9253
79.6683 200.8650
79.6684 200.9002
79.6686 200.5928
79.6690 200.6469
79.6690 200.7181
79.6694 200.8597
79.6695 200.9404
79.6696 200.9348
79.6699 200.4956
79.6700 200.5831
79.6700 200.6466
79.6710 200.5831
79.6710 200.6350
79.6714 200.8434
79.6717 200.7488
79.6729 200.8323
79.6731 200.6904
79.6732 200.9468
79.6736 200.9011
79.6737 200.4499
79.6747 200.7492
79.6753 200.5638
79.6755 200.9868
79.6762 200.5753
79.6764 200.5855
79.6764 200.7610
79.6770 200.6041
79.6771 200.5125
79.6777 201.0051
79.6788 200.8918
79.6792 200.4598
79.6798 200.5482
79.6805 200.5040
79.6811 200.9854
79.6816 200.9954
79.6817 200.5101
79.6817 200.9389
79.6820 200.9700
79.6823 200.9326
79.6824 200.5520
79.6825 200.5030
79.6830 200.5243
79.6830 200.6437
79.6831 200.5668
79.6832 200.8059
79.6834 200.5247
79.6835 200.4856
79.6836 200.6192
79.6837 200.9335
79.6845 200.5291
79.6845 200.5882
79.6846 200.9528
79.6848 200.5474
79.6849 200.6158
79.6852 200.4870
79.6852 200.5684
79.6853 200.8596
79.6856 200.5299
79.6859 200.7586
79.6864 200.6389
79.6865 200.5651
79.6868 200.5891
79.6869 200.9130
79.6871 200.9955
79.6875 200.5600
79.6880 200.5186
79.6880 200.6065
79.6881 200.7234
79.6883 200.5589
79.6883 200.6341
79.6886 200.9871
79.6887 200.8099
79.6888 200.6554
79.6891 200.5092
79.6892 200.6330
79.6893 200.5036
79.6894 200.8745
79.6898 200.4869
79.6898 200.5037
79.6899 200.5660
79.6899 200.6241
79.6903 200.7595
79.6904 200.5495
79.6904 200.8697
79.6905 200.6433
79.6907 200.4998
79.6907 200.5237
79.6908 200.6434
79.6913 200.7780
79.6914 200.7695
79.6918 200.5163
79.6921 200.5827
79.6924 200.7367
79.6925 200.5647
79.6926 200.7495
79.6928 200.6124
79.6935 200.5933
79.6936 200.5558
79.6936 200.8432
79.6939 200.6472
79.6941 200.9861
79.6942 200.5289
79.6948 200.6067
79.6949 200.5338
79.6949 200.6515
79.6951 200.5174
79.6953 200.9395
79.6954 200.6440
79.6954 201.0281
79.6959 200.7220
79.6963 200.5878
79.6965 200.5526
79.6965 200.9760
79.6967 200.6967
79.6969 200.5849
79.6969 200.7602
79.6971 200.4928
79.6972 200.9355
79.6972 200.9651
79.6982 200.8902
79.6982 200.9470
79.6983 200.5334
79.6984 200.5357
79.6984 200.9859
79.6987 200.5692
79.6990 200.9165
79.6992 200.7356
79.6997 200.9904
79.6998 200.7292
79.6999 200.5806
79.7002 200.9676
79.7005 200.5433
79.7009 200.5515
79.7012 200.4954
79.7012 200.6167
79.7014 200.5654
79.7014 200.8762
79.7018 200.6260
79.7020 200.4799
79.7022 200.7500
79.7026 200.4597
79.7029 200.5235
79.7035 200.5816
79.7036 200.5574
79.7038 200.5281
79.7039 200.6665
79.7048 200.6937
79.7050 200.5113
79.7055 200.9378
79.7056 201.0002
79.7062 200.7819
79.7064 201.0116
79.7065 200.5882
79.7066 200.5556
79.7069 200.6385
79.7071 200.9202
79.7075 200.5476
79.7076 200.9309
79.7079 201.0401
79.7080 200.9074
79.7085 200.4860
79.7089 200.8604
79.7098 200.9212
79.7098 200.9303
79.7100 200.5475
79.7102 200.9921
79.7106 200.4883
79.7106 200.5653
79.7106 200.6074
79.7118 200.5762
79.7119 200.4527
79.7119 200.5350
79.7120 200.6328
79.7123 200.9335
79.7125 200.5893
79.7125 200.5902
79.7128 200.7265
79.7129 200.9532
79.7133 200.4737
79.7135 200.5114
79.7136 200.9424
79.7141 200.5688
79.7141 200.6286
79.7141 200.9059
79.7143 200.5661
79.7143 200.5764
79.7143 200.6747
79.7144 201.0063
79.7146 200.5108
79.7146 200.9760
79.7148 200.4947
79.7148 200.5063
79.7148 200.5589
79.7150 200.5241
79.7150 200.9416
79.7151 200.7218
79.7151 200.7733
79.7156 200.5195
79.7159 200.6231
79.7162 200.5524
79.7162 200.9342
79.7168 200.5026
79.7172 200.9025
79.7173 200.8711
79.7179 200.9369
79.7180 200.7048
79.7180 200.9763
79.7187 200.4545
79.7187 200.5450
79.7189 200.9859
79.7192 200.5330
79.7194 200.8359
79.7195 200.9269
79.7196 200.5171
79.7196 200.7701
79.7200 200.5776
79.7200 200.8296
79.7204 200.5657
79.7207 200.9281
79.7209 200.5805
79.7209 201.0755
79.7213 200.5433
79.7214 200.4908
79.7215 200.8094
79.7217 200.9717
79.7219 200.5761
79.7223 200.8388
79.7224 200.5990
79.7225 200.5723
79.7225 200.9402
79.7226 200.7459
79.7228 200.5881
79.7228 200.9035
79.7231 200.4910
79.7231 200.8750
79.7233 200.9196
79.7236 200.5385
79.7238 200.9002
79.7240 200.5576
79.7241 200.6135
79.7243 200.9380
79.7244 200.5797
79.7252 200.5108
79.7253 200.6463
79.7254 200.8169
79.7254 200.8364
79.7254 200.9153
79.7259 200.9218
79.7260 200.5839
79.7261 200.9700
79.7261 201.0112
79.7262 200.9299
79.7263 200.8635
79.7269 200.5714
79.7273 200.9428
79.7275 200.8620
79.7276 201.0538
79.7279 201.0208
79.7281 200.8079
79.7281 200.9212
79.7283 200.5927
79.7285 200.8764
79.7286 200.4875
79.7287 200.5178
79.7287 200.9846
79.7288 200.5402
79.7288 200.7330
79.7290 200.6836
79.7292 200.5809
79.7293 200.5050
79.7296 200.9337
79.7301 200.6457
79.7303 200.7343
79.7304 200.6229
79.7304 201.0029
79.7305 200.9744
79.7311 200.5334
79.7313 200.9577
79.7314 200.6375
79.7314 200.8989
79.7315 200.5999
79.7322 200.8821
79.7323 200.5655
79.7325 200.6476
79.7329 200.9501
79.7332 200.9156
79.7334 200.5880
79.7334 200.7402
79.7335 200.9732
79.7336 200.6237
79.7338 200.9622
79.7339 201.0128
79.7340 200.4659
79.7340 200.9303
79.7341 200.7287
79.7351 200.5096
79.7351 200.5792
79.7353 200.6229
79.7357 200.9731
79.7360 200.9992
79.7366 200.5028
79.7367 200.9246
79.7368 200.5831
79.7369 200.9809
79.7371 200.9630
79.7373 200.9198
79.7377 200.4222
79.7379 200.8819
79.7380 200.9802
79.7381 200.4484
79.7382 200.7190
79.7384 200.9059
79.7387 200.7590
79.7388 200.5633
79.7391 200.8728
79.7394 200.8797
79.7395 200.8633
79.7400 200.5255
79.7401 200.9291
79.7402 200.5098
79.7402 200.5319
79.7403 200.5801
79.7405 200.8604
79.7418 200.5176
79.7419 200.8536
79.7420 200.5635
79.7421 200.8836
79.7422 201.0135
79.7430 200.5194
79.7430 200.5955
79.7432 200.8662
79.7434 200.9533
79.7439 200.9790
79.7442 200.5692
79.7445 200.9493
79.7448 200.4949
79.7449 200.9732
79.7452 200.6447
79.7453 200.4323
79.7459 200.9261
79.7460 200.9528
79.7460 200.9655
79.7461 201.0028
79.7462 200.5934
79.7470 200.9200
79.7471 200.5483
79.7476 200.8912
79.7480 200.6647
79.7483 200.4247
79.7487 200.9581
79.7489 200.5706
79.7489 200.5928
79.7491 200.5774
79.7492 200.5796
79.7492 200.8312
79.7492 201.0079
79.7493 200.4705
79.7493 200.8878
79.7494 200.9822
79.7495 200.5390
79.7502 200.5169
79.7507 200.4880
79.7507 200.8351
79.7507 200.8822
79.7511 200.9348
79.7514 200.5455
79.7516 200.6865
79.7516 200.9484
79.7524 200.5360
79.7530 200.5521
79.7530 200.7905
79.7530 200.8907
79.7530 200.9094
79.7530 201.0164
79.7531 200.9983
79.7533 200.6183
79.7534 200.9265
79.7537 200.6521
79.7541 200.7847
79.7546 200.5238
79.7547 200.9904
79.7548 200.7817
79.7555 200.4587
79.7557 200.9758
79.7560 200.5980
79.7560 200.8348
79.7564 200.9052
79.7580 200.8909
79.7581 200.8866
79.7583 200.9805
79.7584 200.9521
79.7585 200.5787
79.7588 200.6460
79.7588 200.8265
79.7588 200.8535
79.7594 200.9040
79.7598 200.6502
79.7600 200.5444
79.7604 200.9556
79.7606 200.8717
79.7612 200.8321
79.7614 200.5391
79.7615 200.9434
79.7616 200.7682
79.7622 200.8896
79.7623 201.0020
79.7625 200.4694
79.7625 200.8609
79.7625 200.9108
79.7641 200.8922
79.7644 200.8696
79.7645 200.5188
79.7651 200.9210
79.7662 200.9507
79.7667 200.6333
79.7667 200.9622
79.7674 200.5142
79.7675 200.8554
79.7675 200.8800
79.7678 200.9064
79.7682 200.8990
79.7687 200.8143
79.7695 200.5897
79.7697 200.9604
79.7698 200.8821
79.7706 200.5660
79.7706 200.9110
79.7711 200.8963
79.7712 200.4738
79.7716 200.9747
79.7719 201.0190
79.7722 200.8895
79.7722 200.9161
79.7729 200.9318
79.7732 200.6277
79.7743 200.6515
79.7744 200.6752
79.7744 200.7927
79.7747 200.7385
79.7747 200.9016
79.7765 200.9581
79.7773 200.9391
79.7773 201.0223
79.7775 200.6337
79.7776 200.6216
79.7781 200.7097
79.7787 200.5829
79.7787 200.8696
79.7790 200.9426
79.7802 200.9534
79.7804 200.9220
79.7805 200.5083
79.7813 200.6341
79.7813 200.6590
79.7813 200.9657
79.7821 200.5647
79.7824 200.9462
79.7831 200.7905
79.7851 200.6720
79.7851 200.9612
79.7855 200.9823
79.7857 200.9218
79.7860 200.6124
79.7862 200.9674
79.7871 200.7447
79.7874 200.8976
79.7878 200.8214
79.7879 200.7024
79.7879 200.8569
79.7883 200.5025
79.7885 200.6297
79.7885 200.7012
79.7891 200.9383
79.7893 200.7809
79.7898 200.7229
79.7898 200.9691
79.7903 200.6702
79.7911 200.8901
79.7913 200.5381
79.7918 200.8144
79.7922 200.6564
79.7924 200.4768
79.7925 200.7920
79.7929 200.8442
79.7934 200.7888
79.7935 200.7462
79.7936 200.6564
79.7941 200.3641
79.7944 200.8624
79.7945 200.8941
79.7946 200.5485
79.7946 200.6055
79.7947 200.9918
79.7953 200.5284
79.7964 200.5504
79.7972 200.8974
79.7981 200.9857
79.7982 200.9749
79.7983 200.5110
79.7983 200.8226
79.7994 200.9070
79.7994 200.9592
79.7996 200.6438
79.8000 200.9280
79.8006 200.8462
79.8008 200.8328
79.8019 200.7357
79.8021 200.7453
79.8030 200.6969
79.8034 200.5926
79.8034 200.8974
79.8035 201.0347
79.8045 200.8326
79.8049 201.0375
79.8052 200.4223
79.8052 200.5308
79.8062 200.7464
79.8070 200.8595
79.8076 200.7266
79.8083 200.6002
79.8092 200.8731
79.8098 200.9102
79.8101 200.8050
79.8101 200.8067
79.8113 200.6089
79.8118 200.4752
79.8127 200.8102
79.8132 200.9705
79.8135 200.5897
79.8137 200.8596
79.8140 200.8372
79.8143 200.6676
79.8147 200.7719
79.8150 200.9272
79.8164 200.9211
79.8165 200.6895
79.8176 200.6398
79.8190 200.7201
79.8226 200.8135
79.8236 200.9878
79.8248 200.6780
79.8250 200.7065
79.8255 200.5774
79.8256 200.6291
79.8266 200.6632
79.8266 200.6716
79.8283 200.8369
79.8292 200.7209
79.8300 200.7244
79.8301 200.7080
79.8301 200.9839
79.8304 200.6550
79.8312 200.7060
79.8315 200.6467
79.8317 200.6437
79.8321 200.6325
79.8322 200.6280
79.8334 200.5651
79.8340 200.8106
79.8353 200.6883
79.8363 200.8221
79.8365 200.6895
79.8368 200.7466
79.8370 200.7679
79.8374 200.5833
79.8382 201.0406
79.8386 200.5020
79.8391 200.6730
79.8405 200.7862
79.8406 200.7053
79.8411 200.6773
79.8412 200.8296
79.8417 200.6565
79.8428 200.6467
79.8430 200.7668
79.8441 200.6064
79.8443 200.6508
79.8451 200.8603
79.8461 200.9725
79.8472 200.7388
79.8476 200.8247
79.8477 200.6082
79.8482 200.8313
79.8487 200.6145
79.8492 200.4922
79.8497 200.6194
79.8499 200.7117
79.8500 200.6293
79.8500 200.6381
79.8501 200.6882
79.8510 200.6832
79.8513 200.6128
79.8520 200.8472
79.8532 200.7425
79.8532 201.0167
79.8536 200.7113
79.8546 200.8738
79.8553 200.7272
79.8557 201.0176
79.8561 200.7853
79.8562 200.7543
79.8562 200.7681
79.8569 200.7940
79.8582 200.6534
79.8583 200.7428
79.8589 200.7285
79.8590 200.6571
79.8595 200.6726
79.8603 200.6629
79.8605 200.6301
79.8617 200.6742
79.8630 200.6374
79.8630 200.7472
79.8646 200.6995
79.8649 200.6373
79.8650 200.5351
79.8670 200.5924
79.8671 200.6505
79.8672 200.5738
79.8673 200.6982
79.8685 200.6025
79.8691 200.7321
79.8697 200.6699
79.8699 200.7006
79.8702 200.5930
79.8705 200.6615
79.8711 200.6485
79.8713 200.6422
79.8713 200.6609
79.8718 200.6071
79.8720 200.6147
79.8725 200.5794
79.8725 200.9748
79.8727 200.6409
79.8738 200.7217
79.8752 200.7809
79.8759 200.6841
79.8761 200.7095
79.8762 200.5577
79.8770 200.4860
79.8774 200.5938
79.8797 200.6351
79.8801 200.8013
79.8814 200.6639
79.8820 200.6218
79.8822 200.6767
79.8822 200.6772
79.8834 200.7407
79.8837 200.8292
79.8838 200.6133
79.8840 200.6296
79.8842 200.7249
79.8845 200.5947
79.8850 200.6210
79.8861 200.5618
79.8862 200.6480
79.8868 200.5592
79.8871 200.6409
79.8871 200.7207
79.8886 200.6304
79.8887 200.6577
79.8889 200.5331
79.8895 200.7118
79.8905 200.6939
79.8912 200.7093
79.8913 200.6630
79.8915 200.6871
79.8920 200.7504
79.8921 200.6359
79.8922 200.7305
79.8923 200.6632
79.8930 200.6009
79.8933 200.6753
79.8939 200.6241
79.8939 200.7557
79.8940 200.7349
79.8947 200.5977
79.8952 200.6850
79.8958 200.6879
79.8964 200.6459
79.8966 200.6052
79.8971 200.6938
79.8979 200.6248
79.8984 200.6324
79.8988 200.6978
79.8988 200.7187
79.8990 200.7149
79.8997 200.7436
79.9001 200.6653
79.9023 200.6980
79.9027 200.6388
79.9027 200.9947
79.9031 200.6681
79.9034 200.6457
79.9042 200.6241
79.9048 200.6743
79.9050 200.5325
79.9050 200.5922
79.9053 200.6517
79.9058 200.6593
79.9065 200.7238
79.9073 200.5905
79.9082 200.7015
79.9086 200.7381
79.9087 200.6978
79.9088 200.7425
79.9089 200.7192
79.9091 200.6788
79.9108 200.6750
79.9112 200.6448
79.9118 200.6677
79.9119 200.5976
79.9124 200.6617
79.9127 200.6233
79.9129 200.7080
79.9140 200.6679
79.9140 200.6715
79.9140 200.7144
79.9140 200.7351
79.9142 200.4967
79.9147 200.6475
79.9150 200.5014
79.9150 200.6459
79.9156 200.6125
79.9161 200.7218
79.9163 200.6543
79.9164 200.5656
79.9166 200.6252
79.9169 200.6424
79.9171 200.6992
79.9174 200.5754
79.9196 200.6424
79.9198 200.6382
79.9198 200.6476
79.9198 200.7193
79.9200 200.6324
79.9200 200.6545
79.9202 200.6901
79.9218 200.6274
79.9220 200.8941
79.9227 200.7638
79.9229 200.5842
79.9232 200.6090
79.9232 200.6201
79.9233 200.6424
79.9234 200.6866
79.9239 200.5965
79.9244 200.6846
79.9246 200.7269
79.9248 200.6480
79.9251 200.7511
79.9260 200.6452
79.9260 200.6936
79.9268 200.6118
79.9270 200.6853
79.9270 200.6919
79.9275 200.6813
79.9277 200.6402
79.9289 200.7865
79.9293 200.7637
79.9296 200.7300
79.9303 200.6774
79.9307 200.6391
79.9322 200.5852
79.9328 200.6185
79.9329 200.5610
79.9334 200.6741
79.9346 200.7344
79.9350 200.7184
79.9356 200.7130
79.9357 200.7344
79.9365 200.6636
79.9371 200.6434
79.9378 200.6777
79.9380 200.6064
79.9404 200.6728
79.9405 200.6035
79.9405 200.6669
79.9414 200.6857
79.9426 200.7357
79.9427 200.5915
79.9428 200.5955
79.9443 200.6143
79.9449 200.7190
79.9450 200.6425
79.9456 200.6826
79.9457 200.5524
79.9461 200.7345
79.9467 200.5820
79.9467 200.5958
79.9470 200.6785
79.9473 200.7012
79.9480 200.5408
79.9490 200.5832
79.9504 200.8413
79.9507 200.6814
79.9511 200.6487
79.9519 200.6472
79.9528 200.6634
79.9529 200.6562
79.9535 200.6523
79.9545 200.5715
79.9552 200.7852
79.9559 200.6532
79.9562 200.5662
79.9570 200.6954
79.9575 200.6868
79.9590 200.6761
79.9591 200.5334
79.9596 200.5909
79.9603 200.6960
79.9607 200.6451
79.9607 200.6821
79.9610 200.4849
79.9610 200.8485
79.9618 200.6689
79.9619 200.6154
79.9633 200.6025
79.9635 200.6050
79.9651 200.6378
79.9656 200.7206
79.9660 200.7322
79.9672 200.7699
79.9675 200.7344
79.9677 200.5818
79.9686 200.6120
79.9687 200.7431
79.9701 200.5820
79.9709 200.6573
79.9710 200.6393
79.9725 200.6832
79.9745 200.6859
79.9761 200.5871
79.9766 200.6414
79.9774 200.5481
79.9802 200.6135
79.9818 200.6480
79.9828 200.6134
79.9841 200.6396
79.9843 200.6137
79.9849 200.7271
79.9866 200.6605
79.9894 200.6334
79.9895 200.7258
79.9895 200.7585
79.9930 200.5903
79.9969 200.6702
79.9982 200.6010
79.9987 200.7060
79.9991 200.6851
79.9996 200.6312
79.9996 200.7198
80.0011 200.5862
80.0035 200.6686
80.0039 200.6468
80.0042 200.7079
80.0070 200.6970
80.0085 200.7104
80.0089 200.6344
80.0094 200.6792
80.0137 200.5650
80.0150 200.5860
80.0166 200.6304
80.0183 200.5959
80.0185 200.6730
80.0197 200.5947
80.0208 200.5759
80.0221 200.6190
80.0229 200.6008
80.0229 200.6677
80.0243 200.6432
80.0355 200.7350
