48.5004 137.5861
48.5191 137.6815
48.5271 137.6333
48.5302 137.4452
48.5443 137.6222
48.5487 137.7276
48.5518 137.5015
48.5573 137.7407
48.5618 137.4910
48.5661 137.6416
48.5685 137.6561
48.5687 137.7200
48.5722 137.7093
48.5723 137.4524
48.5742 137.6338
48.5769 137.7222
48.5816 137.7256
48.5822 137.7177
48.5859 137.6950
48.5859 137.7318
48.5874 137.4377
48.5889 137.6502
48.5923 137.8285
48.5949 137.4069
48.5950 137.3715
48.5951 137.6805
48.5951 137.7461
48.5954 137.6294
48.5970 137.8198
48.5980 137.4008
48.5988 137.6956
48.5991 137.6877
48.6010 137.6883
48.6041 137.7226
48.6103 137.3828
48.6120 137.6911
48.6128 137.4022
48.6151 137.7365
48.6169 137.6849
48.6181 137.7039
48.6200 137.6523
48.6212 137.6531
48.6214 137.5951
48.6214 137.6938
48.6234 137.6626
48.6240 137.7441
48.6247 137.6985
48.6247 137.7014
48.6251 137.7192
48.6255 137.4563
48.6255 137.6714
48.6281 137.7226
48.6284 137.6555
48.6284 137.7195
48.6285 137.7007
48.6286 137.4063
48.6297 137.6708
48.6312 137.6274
48.6335 137.6418
48.6335 137.6944
48.6336 137.7850
48.6340 137.6855
48.6344 137.6891
48.6345 137.6835
48.6347 137.6237
48.6348 137.6441
48.6358 137.7311
48.6361 137.7372
48.6367 137.6945
48.6368 137.7062
48.6372 137.6878
48.6374 137.7177
48.6379 137.6564
48.6379 137.7176
48.6381 137.6986
48.6387 137.7068
48.6395 137.6468
48.6412 137.7577
48.6419 137.6861
48.6419 137.7590
48.6422 137.5269
48.6431 137.7454
48.6443 137.7082
48.6460 137.6466
48.6460 137.6708
48.6464 137.8218
48.6465 137.6514
48.6467 137.3245
48.6474 137.6064
48.6483 137.6256
48.6488 137.6684
48.6491 137.6865
48.6491 137.8605
48.6492 137.6004
48.6500 137.6446
48.6502 137.6527
48.6505 137.6627
48.6506 137.4223
48.6519 137.7121
48.6522 137.6318
48.6532 137.6742
48.6532 137.6933
48.6542 137.6831
48.6543 137.6310
48.6543 137.6852
48.6545 137.6919
48.6546 137.7693
48.6553 137.4847
48.6554 137.6602
48.6557 137.6713
48.6560 137.6566
48.6564 137.6698
48.6570 137.7363
48.6575 137.6553
48.6575 137.6684
48.6583 137.5774
48.6593 137.7373
48.6594 137.7416
48.6600 137.6528
48.6612 137.6454
48.6621 137.6900
48.6625 137.6829
48.6625 137.7384
48.6635 137.6904
48.6637 137.3631
48.6644 137.6469
48.6644 137.6741
48.6645 137.6938
48.6649 137.6886
48.6650 137.6670
48.6651 137.5960
48.6654 137.6921
48.6655 137.7429
48.6658 137.7688
48.6662 137.6465
48.6662 137.6812
48.6667 137.4444
48.6668 137.4212
48.6673 137.6812
48.6676 137.6195
48.6676 137.6506
48.6676 137.7042
48.6677 137.7233
48.6681 137.6541
48.6685 137.6874
48.6686 137.6528
48.6687 137.5822
48.6690 137.6438
48.6706 137.6948
48.6708 137.6459
48.6712 137.6605
48.6712 137.6860
48.6714 137.6283
48.6716 137.6312
48.6718 137.6565
48.6723 137.6416
48.6724 137.6195
48.6727 137.7158
48.6736 137.6674
48.6737 137.8328
48.6747 137.6444
48.6748 137.6974
48.6754 137.4135
48.6754 137.6744
48.6755 137.6513
48.6759 137.5126
48.6764 137.6956
48.6776 137.6296
48.6779 137.4526
48.6783 137.6598
48.6786 137.6121
48.6790 137.6610
48.6791 137.6566
48.6802 137.6409
48.6809 137.6667
48.6810 137.6112
48.6813 137.6447
48.6813 137.6721
48.6817 137.7446
48.6823 137.5201
48.6827 137.6510
48.6838 137.7417
48.6843 137.4073
48.6843 137.6816
48.6849 137.6198
48.6850 137.6927
48.6852 137.3330
48.6854 137.6494
48.6855 137.4944
48.6855 137.6721
48.6860 137.3746
48.6863 137.6103
48.6863 137.6628
48.6866 137.6059
48.6870 137.6392
48.6878 137.7381
48.6878 137.8240
48.6882 137.3586
48.6886 137.6071
48.6887 137.6723
48.6890 137.6835
48.6891 137.6322
48.6894 137.6773
48.6902 137.7083
48.6903 137.6503
48.6912 137.6517
48.6912 137.6661
48.6914 137.6396
48.6916 137.6600
48.6919 137.6635
48.6920 137.7231
48.6921 137.6641
48.6924 137.3611
48.6927 137.6546
48.6928 137.6691
48.6931 137.6208
48.6935 137.6270
48.6935 137.7001
48.6937 137.6710
48.6938 137.6794
48.6947 137.7391
48.6948 137.6217
48.6958 137.7201
48.6969 137.6116
48.6973 137.6369
48.6973 137.6645
48.6976 137.6262
48.6978 137.6828
48.6979 137.6350
48.6984 137.7323
48.6988 137.6539
48.6990 137.4202
48.6991 137.6615
48.6996 137.5301
48.7002 137.7120
48.7006 137.6235
48.7008 137.6215
48.7011 137.4748
48.7012 137.7272
48.7026 137.6546
48.7026 137.6560
48.7035 137.6472
48.7052 137.4613
48.7054 137.6220
48.7056 137.6616
48.7056 137.7052
48.7059 137.6829
48.7064 137.6376
48.7068 137.7032
48.7077 137.6100
48.7080 137.6568
48.7080 137.7250
48.7081 137.6416
48.7085 137.6679
48.7085 137.7237
48.7088 137.6471
48.7089 137.6362
48.7090 137.6517
48.7093 137.7047
48.7096 137.6432
48.7097 137.6608
48.7105 137.5912
48.7107 137.6098
48.7115 137.6674
48.7118 137.3529
48.7128 137.6826
48.7131 137.6929
48.7133 137.7950
48.7135 137.6463
48.7138 137.3848
48.7138 137.7142
48.7149 137.6324
48.7153 137.6898
48.7155 137.7170
48.7159 137.3945
48.7161 137.6653
48.7162 137.6270
48.7165 137.6750
48.7166 137.6519
48.7171 137.6225
48.7172 137.5042
48.7173 137.6939
48.7174 137.6495
48.7175 137.3895
48.7180 137.7451
48.7185 137.6274
48.7186 137.6817
48.7189 137.5884
48.7194 137.6851
48.7194 137.7294
48.7194 137.7309
48.7196 137.6338
48.7196 137.6991
48.7208 137.6199
48.7217 137.7297
48.7220 137.6596
48.7227 137.4355
48.7232 137.6451
48.7233 137.6373
48.7236 137.6842
48.7246 137.6846
48.7248 137.6249
48.7249 137.6340
48.7250 137.6591
48.7253 137.8115
48.7254 137.6824
48.7255 137.7697
48.7256 137.7293
48.7259 137.9067
48.7261 137.5985
48.7261 137.8841
48.7263 137.6580
48.7265 137.6235
48.7265 137.7211
48.7274 137.6071
48.7275 137.3617
48.7278 137.5346
48.7287 137.5267
48.7287 137.5794
48.7300 137.5911
48.7306 137.4025
48.7308 137.6936
48.7309 137.6949
48.7319 137.3508
48.7323 137.7186
48.7328 137.4553
48.7331 137.6369
48.7337 137.6849
48.7339 137.6588
48.7341 137.6913
48.7347 137.4003
48.7347 137.6732
48.7347 137.8231
48.7349 137.6428
48.7359 137.6304
48.7360 137.7390
48.7364 137.4348
48.7364 137.6553
48.7377 137.4492
48.7378 137.7561
48.7379 137.6109
48.7382 137.6684
48.7390 137.6580
48.7397 137.7136
48.7406 137.7146
48.7411 137.6951
48.7413 137.5435
48.7417 137.6910
48.7418 137.6620
48.7419 137.4600
48.7420 137.3863
48.7421 137.6421
48.7422 137.6406
48.7431 137.4826
48.7435 137.7496
48.7437 137.6941
48.7441 137.5557
48.7449 137.4380
48.7451 137.6347
48.7455 137.4061
48.7456 137.6337
48.7456 137.7854
48.7461 137.4507
48.7465 137.5488
48.7469 137.3837
48.7471 137.4279
48.7472 137.4079
48.7476 137.3051
48.7481 137.6056
48.7484 137.6627
48.7485 137.3932
48.7487 137.4403
48.7489 137.4677
48.7490 137.6014
48.7490 137.8260
48.7491 137.6451
48.7496 137.6736
48.7496 137.7514
48.7504 137.6772
48.7510 137.3832
48.7511 137.5194
48.7523 137.5869
48.7528 137.6809
48.7533 137.3996
48.7534 137.4326
48.7538 137.5929
48.7538 137.7025
48.7540 137.3452
48.7540 137.6373
48.7541 137.7745
48.7548 137.6829
48.7549 137.4277
48.7552 137.5589
48.7552 137.9381
48.7565 137.7407
48.7567 137.7028
48.7568 137.3862
48.7574 137.6631
48.7577 137.6654
48.7578 137.3790
48.7578 137.4634
48.7585 137.4222
48.7586 137.3992
48.7586 137.4226
48.7591 137.6951
48.7599 137.4294
48.7599 137.6164
48.7611 137.5076
48.7613 137.4260
48.7613 137.6233
48.7616 137.6702
48.7617 137.5742
48.7618 137.8925
48.7620 137.6799
48.7622 137.7767
48.7625 137.4007
48.7627 137.3478
48.7629 137.3439
48.7631 137.3607
48.7637 137.5405
48.7637 137.6722
48.7641 137.6013
48.7643 137.4594
48.7643 137.7364
48.7646 137.3781
48.7653 137.5356
48.7659 137.4090
48.7663 137.3973
48.7664 137.4507
48.7664 137.4511
48.7667 137.6747
48.7671 137.3470
48.7674 137.4376
48.7684 137.6037
48.7684 137.6438
48.7686 137.6699
48.7688 137.4266
48.7691 137.7410
48.7691 137.7640
48.7694 137.4080
48.7696 137.3770
48.7697 137.4185
48.7697 137.7339
48.7702 137.7143
48.7703 137.7323
48.7704 137.4260
48.7704 137.4330
48.7705 137.3969
48.7705 137.4056
48.7705 137.6214
48.7712 137.6491
48.7713 137.4153
48.7725 137.3685
48.7725 137.5594
48.7727 137.4122
48.7727 137.4802
48.7727 137.8334
48.7729 137.3745
48.7729 137.6808
48.7737 137.4007
48.7737 137.4190
48.7738 137.5081
48.7738 137.5979
48.7742 137.4456
48.7747 137.4584
48.7749 137.3787
48.7752 137.4397
48.7757 137.4510
48.7758 137.3922
48.7759 137.4438
48.7760 137.4347
48.7760 137.6385
48.7761 137.3762
48.7764 137.4437
48.7767 137.3826
48.7769 137.3963
48.7773 137.5396
48.7777 137.5445
48.7778 137.4179
48.7780 137.3853
48.7781 137.3888
48.7782 137.6787
48.7785 137.4287
48.7787 137.3887
48.7789 137.4170
48.7793 137.4857
48.7795 137.6924
48.7796 137.5882
48.7799 137.4028
48.7800 137.4218
48.7805 137.3515
48.7807 137.3812
48.7809 137.3970
48.7814 137.3885
48.7816 137.4325
48.7819 137.4479
48.7820 137.6950
48.7821 137.4107
48.7822 137.5911
48.7827 137.4566
48.7829 137.4214
48.7831 137.5374
48.7832 137.3220
48.7833 137.7358
48.7838 137.3773
48.7839 137.6241
48.7845 137.3914
48.7846 137.4114
48.7847 137.4628
48.7851 137.4495
48.7851 137.5299
48.7851 137.6945
48.7852 137.6542
48.7852 137.9052
48.7853 137.4297
48.7854 137.4131
48.7855 137.3517
48.7858 137.4308
48.7859 137.4887
48.7860 137.4023
48.7860 137.5251
48.7860 137.6028
48.7862 137.6346
48.7864 137.4490
48.7865 137.4012
48.7865 137.5096
48.7865 137.6403
48.7866 137.3035
48.7869 137.3674
48.7869 137.5079
48.7874 137.4181
48.7876 137.3595
48.7878 137.3785
48.7879 137.3824
48.7881 137.4031
48.7882 137.6139
48.7883 137.3632
48.7885 137.6669
48.7889 137.3724
48.7893 137.3771
48.7902 137.7043
48.7904 137.7030
48.7905 137.3887
48.7907 137.4852
48.7909 137.4147
48.7912 137.6375
48.7916 137.3873
48.7916 137.4842
48.7917 137.3998
48.7927 137.3856
48.7928 137.7306
48.7929 137.7439
48.7931 137.3604
48.7931 137.6282
48.7937 137.5836
48.7939 137.5434
48.7942 137.3305
48.7945 137.4588
48.7945 137.5311
48.7946 137.3782
48.7949 137.4323
48.7951 137.3443
48.7953 137.4393
48.7953 137.5170
48.7954 137.5954
48.7957 137.6037
48.7958 137.6927
48.7962 137.4800
48.7963 137.4211
48.7964 137.4674
48.7964 137.6559
48.7970 137.3887
48.7970 137.4111
48.7971 137.6339
48.7975 137.6718
48.7979 137.5575
48.7983 137.4272
48.7984 137.4041
48.7985 137.3980
48.7988 137.4300
48.7988 137.7152
48.7995 137.4188
48.7995 137.6452
48.7996 137.4733
48.7997 137.3214
48.8000 137.5728
48.8002 137.2992
48.8004 137.3936
48.8010 137.4677
48.8012 137.6676
48.8018 137.6812
48.8020 137.4391
48.8024 137.6909
48.8026 137.5494
48.8030 137.3925
48.8030 137.4036
48.8033 137.3395
48.8039 137.6397
48.8042 137.6236
48.8043 137.8885
48.8053 137.4610
48.8056 137.3934
48.8056 137.5146
48.8059 137.4278
48.8061 137.5143
48.8064 137.6887
48.8065 137.4277
48.8066 137.3789
48.8067 137.5037
48.8075 137.7091
48.8083 137.4118
48.8086 137.4621
48.8089 137.3927
48.8090 137.7217
48.8091 137.4547
48.8099 137.3617
48.8104 137.7961
48.8109 137.4034
48.8114 137.4375
48.8116 137.3738
48.8118 137.4311
48.8118 137.5644
48.8120 137.4653
48.8120 137.6631
48.8124 137.6641
48.8131 137.3713
48.8138 137.4150
48.8147 137.3612
48.8148 137.1878
48.8148 137.4373
48.8150 137.4230
48.8154 137.4078
48.8157 137.6079
48.8160 137.5541
48.8162 137.3613
48.8163 137.6196
48.8163 137.6504
48.8168 137.4713
48.8171 137.3942
48.8174 137.6141
48.8175 137.5621
48.8176 137.4147
48.8176 137.8419
48.8178 137.3671
48.8179 137.4826
48.8186 137.4207
48.8189 137.7400
48.8190 137.5863
48.8191 137.3824
48.8195 137.5696
48.8197 137.4229
48.8198 137.4051
48.8198 137.6387
48.8199 137.4170
48.8199 137.4325
48.8204 137.4063
48.8207 137.7654
48.8214 137.6790
48.8221 137.3836
48.8221 137.4181
48.8224 137.6207
48.8225 137.4962
48.8229 137.6191
48.8231 137.7179
48.8245 137.6161
48.8247 137.4694
48.8259 137.3820
48.8259 137.7119
48.8262 137.4825
48.8269 137.4131
48.8269 137.4617
48.8271 137.4371
48.8271 137.5926
48.8271 137.6115
48.8272 137.8707
48.8273 137.5854
48.8277 137.9115
48.8280 137.3944
48.8283 137.4094
48.8294 137.3524
48.8298 137.5832
48.8302 137.4022
48.8305 137.7431
48.8310 137.6195
48.8312 137.6487
48.8313 137.5461
48.8316 137.4053
48.8320 137.3888
48.8326 137.4636
48.8328 137.8040
48.8336 137.4579
48.8336 137.4631
48.8338 137.7290
48.8339 137.5869
48.8340 137.7032
48.8348 137.4414
48.8350 137.6469
48.8357 137.4337
48.8360 137.4280
48.8360 137.8442
48.8362 137.8244
48.8364 137.5412
48.8365 137.4711
48.8367 137.7398
48.8370 137.3785
48.8372 137.6409
48.8372 137.7207
48.8376 137.3958
48.8377 137.5694
48.8392 137.4482
48.8392 137.5767
48.8395 137.7794
48.8398 137.7222
48.8400 137.4326
48.8406 137.3969
48.8413 137.3706
48.8415 137.4487
48.8424 137.3765
48.8434 137.6540
48.8435 137.4582
48.8438 137.4342
48.8438 137.8051
48.8442 137.7260
48.8442 137.7764
48.8453 137.8354
48.8456 137.3370
48.8465 137.4510
48.8466 137.4331
48.8468 137.4487
48.8474 137.3528
48.8474 137.8568
48.8480 137.4267
48.8490 137.6673
48.8502 137.5791
48.8503 137.4389
48.8505 137.4004
48.8510 137.3804
48.8512 137.3878
48.8515 137.7975
48.8523 137.5787
48.8523 137.8729
48.8527 137.4236
48.8530 137.5392
48.8531 137.7402
48.8535 137.5930
48.8540 137.6370
48.8571 137.4900
48.8575 137.8422
48.8576 137.4754
48.8578 137.3764
48.8591 137.4530
48.8607 137.6221
48.8611 137.3972
48.8616 137.4525
48.8617 137.7399
48.8621 137.3955
48.8627 137.7011
48.8632 137.8181
48.8642 137.4663
48.8644 137.6176
48.8661 137.3821
48.8678 137.3992
48.8680 137.6939
48.8691 137.6102
48.8694 137.7410
48.8698 137.7805
48.8708 137.4561
48.8715 137.8145
48.8717 137.8159
48.8720 137.4530
48.8722 137.6083
48.8725 137.5078
48.8727 137.4599
48.8728 137.4247
48.8735 137.3871
48.8739 137.7431
48.8740 137.5923
48.8749 137.5105
48.8752 137.4270
48.8756 137.7083
48.8766 137.7364
48.8792 137.4650
48.8810 137.3930
48.8819 137.4859
48.8835 137.8412
48.8836 137.5701
48.8847 137.6308
48.8863 137.5504
48.8867 137.7623
48.8876 137.3138
48.8876 137.7765
48.8893 137.8355
48.8902 137.8427
48.8915 137.5294
48.8917 137.6852
48.8920 137.8089
48.8926 137.6658
48.8935 137.4711
48.8941 137.5900
48.8998 137.7598
48.9024 137.7057
48.9039 137.3771
48.9040 137.6993
48.9046 137.5853
48.9073 137.7876
48.9080 137.7753
48.9082 137.6587
48.9085 137.4519
48.9086 137.8123
48.9087 137.7588
48.9110 137.7931
48.9141 137.3932
48.9142 137.7975
48.9147 137.8006
48.9152 137.4441
48.9159 137.7030
48.9166 137.3198
48.9191 137.5712
48.9192 137.6072
48.9192 137.7765
48.9206 137.3517
48.9212 137.3726
48.9214 137.7423
48.9216 137.8139
48.9221 137.6780
48.9224 137.7761
48.9225 137.7966
48.9227 137.7257
48.9230 137.6101
48.9230 137.7927
48.9235 137.8525
48.9236 137.7639
48.9245 137.7441
48.9258 137.7781
48.9263 137.7726
48.9266 137.8763
48.9267 137.9198
48.9271 137.8119
48.9278 137.4238
48.9279 137.7823
48.9279 137.8140
48.9311 137.7269
48.9315 137.5236
48.9316 137.5817
48.9324 137.7581
48.9330 137.8007
48.9344 137.5595
48.9351 137.7466
48.9351 137.8009
48.9354 137.7463
48.9363 137.8138
48.9364 137.8091
48.9366 137.7390
48.9368 137.4293
48.9374 137.7862
48.9386 137.4912
48.9392 137.8195
48.9399 137.4646
48.9407 137.6819
48.9407 137.7337
48.9409 137.7937
48.9426 137.8033
48.9437 137.8122
48.9442 137.7974
48.9455 137.8059
48.9460 137.8177
48.9465 137.7572
48.9471 137.8740
48.9474 137.7392
48.9482 137.8195
48.9484 137.7979
48.9486 137.7606
48.9492 137.5381
48.9502 137.7767
48.9508 137.6617
48.9512 137.7006
48.9515 137.7528
48.9516 137.6185
48.9522 137.5742
48.9523 137.7438
48.9525 137.8006
48.9529 137.4655
48.9530 137.5917
48.9534 137.3898
48.9539 137.7498
48.9545 137.6997
48.9563 137.7127
48.9565 137.8428
48.9568 137.8026
48.9572 137.8282
48.9575 137.4577
48.9575 137.8146
48.9575 137.8512
48.9590 137.5820
48.9595 137.4800
48.9595 137.8300
48.9598 137.5041
48.9614 137.8848
48.9620 137.8012
48.9625 137.7361
48.9626 137.8406
48.9637 137.6303
48.9637 137.7806
48.9640 137.7096
48.9643 137.8656
48.9645 137.7953
48.9692 137.7954
48.9704 137.7362
48.9709 137.7509
48.9709 137.7777
48.9710 137.7960
48.9712 137.8004
48.9725 137.6979
48.9725 137.7647
48.9740 137.5659
48.9744 137.5806
48.9744 137.8644
48.9751 137.5396
48.9762 137.8015
48.9763 137.6075
48.9775 137.7271
48.9780 137.7612
48.9784 137.8340
48.9785 137.7768
48.9792 137.6104
48.9837 137.7422
48.9840 137.4563
48.9841 137.5237
48.9843 137.4888
48.9847 137.5516
48.9848 137.7158
48.9856 137.7575
48.9871 137.5136
48.9883 137.5288
48.9886 137.5681
48.9886 137.8052
48.9889 137.8692
48.9890 137.6184
48.9891 137.8163
48.9900 137.7862
48.9911 137.5337
48.9916 137.5864
48.9922 137.5805
48.9925 137.5082
48.9925 137.7561
48.9925 137.7718
48.9927 137.4968
48.9941 137.8056
48.9944 137.7985
48.9951 137.7298
48.9953 137.5408
48.9957 137.5196
48.9957 137.5807
48.9962 137.5353
48.9971 137.4907
48.9972 137.4905
48.9973 137.8325
48.9985 137.7117
48.9988 137.4393
49.0012 137.5879
49.0019 137.6391
49.0020 137.5876
49.0026 137.7997
49.0027 137.5657
49.0042 137.4682
49.0047 137.5299
49.0047 137.5734
49.0048 137.5827
49.0050 137.6048
49.0065 137.5191
49.0068 137.6784
49.0071 137.5569
49.0072 137.7694
49.0074 137.5203
49.0084 137.5799
49.0085 137.6638
49.0086 137.5233
49.0087 137.7907
49.0089 137.6096
49.0090 137.6648
49.0093 137.5408
49.0112 137.5215
49.0122 137.5714
49.0134 137.5468
49.0134 137.6955
49.0136 137.6231
49.0141 137.5203
49.0164 137.8381
49.0165 137.5735
49.0165 137.5961
49.0172 137.7956
49.0176 137.5846
49.0176 137.7207
49.0181 137.5641
49.0182 137.5464
49.0182 137.5632
49.0187 137.4666
49.0187 137.6405
49.0191 137.7621
49.0224 137.6160
49.0225 137.8102
49.0226 137.5117
49.0229 137.5215
49.0232 137.5102
49.0232 137.5792
49.0232 137.5810
49.0241 137.5374
49.0242 137.4998
49.0243 137.5840
49.0244 137.7493
49.0245 137.5295
49.0250 137.5472
49.0250 137.5473
49.0255 137.5128
49.0255 137.7690
49.0271 137.5303
49.0278 137.5480
49.0289 137.5075
49.0292 137.5136
49.0312 137.5727
49.0340 137.5449
49.0341 137.6226
49.0348 137.5900
49.0354 137.5099
49.0356 137.5790
49.0357 137.4221
49.0358 137.5191
49.0361 137.3703
49.0375 137.5745
49.0387 137.5703
49.0392 137.6622
49.0397 137.5975
49.0397 137.8147
49.0402 137.5415
49.0412 137.4949
49.0415 137.6148
49.0422 137.6301
49.0422 137.6771
49.0443 137.5467
49.0450 137.4768
49.0451 137.5770
49.0458 137.6451
49.0461 137.5402
49.0467 137.5860
49.0469 137.5498
49.0470 137.5329
49.0476 137.6130
49.0483 137.5432
49.0487 137.5288
49.0507 137.7639
49.0526 137.5759
49.0535 137.5506
49.0547 137.5746
49.0547 137.6646
49.0560 137.5407
49.0563 137.4479
49.0564 137.8557
49.0585 137.5551
49.0601 137.5018
49.0602 137.5652
49.0609 137.5215
49.0614 137.5709
49.0620 137.6149
49.0659 137.6465
49.0674 137.5111
49.0682 137.5845
49.0698 137.4989
49.0703 137.5733
49.0741 137.4946
49.0741 137.5806
49.0744 137.5215
49.0764 137.8008
49.0768 137.5438
49.0770 137.5664
49.0773 137.5989
49.0777 137.5305
49.0790 137.5684
49.0791 137.4944
49.0807 137.4984
49.0821 137.5309
49.0839 137.5552
49.0841 137.4512
49.0854 137.5303
49.0864 137.5708
49.0868 137.5658
49.0869 137.6154
49.0894 137.5368
49.0895 137.5140
49.0928 137.7231
49.0958 137.6006
49.0964 137.5566
49.0969 137.4970
49.0978 137.5812
49.1002 137.5429
49.1007 137.4320
49.1015 137.5952
49.1035 137.5813
49.1062 137.5200
49.1068 137.7692
49.1106 137.5279
49.1114 137.5368
49.1143 137.5916
49.1184 137.5041
49.1189 137.5593
49.1191 137.5716
49.1223 137.4920
49.1271 137.3116
49.1298 137.5593
49.1381 137.5721
49.1395 137.5845
49.1534 137.5065
49.1558 137.5591
49.1609 137.4525
