126.6535 70.1244
126.6809 70.0636
126.7124 69.9447
126.7183 70.1956
126.7212 70.1092
126.7290 70.1410
126.7327 70.0756
126.7455 69.9429
126.7465 69.8364
126.7505 70.1558
126.7568 70.1988
126.7622 70.1944
126.7628 70.0698
126.7630 69.9595
126.7632 69.9018
126.7663 69.8831
126.7664 70.3297
126.7694 70.0994
126.7754 70.1124
126.7764 70.1229
126.7835 70.0897
126.7838 70.0809
126.7850 70.0343
126.7868 69.8378
126.7883 70.1031
126.7891 70.0430
126.7903 69.8466
126.7917 69.7964
126.7936 69.9632
126.7945 70.0774
126.7955 70.0705
126.7984 70.0862
126.8000 70.0536
126.8020 70.2022
126.8022 70.1290
126.8027 70.2223
126.8036 70.3657
126.8038 70.0083
126.8048 69.8573
126.8053 70.1624
126.8066 70.1665
126.8075 70.2564
126.8080 70.1626
126.8102 69.8594
126.8107 70.0900
126.8109 70.0582
126.8117 70.1341
126.8121 70.1224
126.8136 70.0566
126.8136 70.1008
126.8139 70.0906
126.8145 70.0859
126.8145 70.0863
126.8154 70.0052
126.8154 70.1624
126.8160 70.0651
126.8175 69.8516
126.8178 69.8675
126.8186 70.0895
126.8190 70.0143
126.8203 70.1372
126.8217 70.1410
126.8219 70.3753
126.8228 70.0059
126.8242 70.0862
126.8251 70.1574
126.8255 70.0399
126.8255 70.1322
126.8257 70.1114
126.8257 70.2645
126.8262 70.0876
126.8270 70.1598
126.8273 70.1614
126.8279 69.9024
126.8290 70.1139
126.8293 70.1404
126.8299 70.0943
126.8300 70.0967
126.8310 70.0510
126.8311 70.1021
126.8315 69.9300
126.8322 70.0857
126.8323 70.1309
126.8329 70.0577
126.8337 69.9785
126.8348 70.0232
126.8352 70.1183
126.8354 70.1113
126.8357 70.1801
126.8358 70.1640
126.8363 70.1697
126.8365 70.1810
126.8370 70.4143
126.8375 69.7872
126.8380 70.1239
126.8382 70.1263
126.8383 70.1216
126.8388 70.0427
126.8396 70.0363
126.8397 70.0977
126.8401 70.0951
126.8402 70.0654
126.8414 70.0970
126.8415 70.1276
126.8417 70.0819
126.8421 70.0795
126.8429 70.1172
126.8436 70.0821
126.8436 70.0886
126.8439 69.8742
126.8440 70.2762
126.8441 70.0822
126.8450 70.0845
126.8463 70.0819
126.8467 70.2057
126.8468 70.1734
126.8469 70.1777
126.8470 70.0794
126.8472 70.2165
126.8473 70.0933
126.8477 70.1218
126.8480 70.0908
126.8497 70.1486
126.8498 70.0380
126.8499 70.0631
126.8501 70.0273
126.8502 70.1674
126.8506 70.1031
126.8513 70.0307
126.8515 70.0505
126.8515 70.1165
126.8521 70.1295
126.8524 70.0348
126.8535 70.1482
126.8539 70.0692
126.8540 70.0527
126.8541 70.1244
126.8541 70.1733
126.8545 70.1895
126.8547 70.1011
126.8553 70.1257
126.8574 70.1206
126.8575 70.1953
126.8589 69.8814
126.8589 70.1371
126.8594 70.0648
126.8596 70.1179
126.8597 70.1140
126.8597 70.1662
126.8600 69.9969
126.8603 70.0820
126.8606 70.1199
126.8616 70.1257
126.8616 70.1498
126.8620 70.0356
126.8624 70.3985
126.8626 70.1258
126.8626 70.1340
126.8632 70.0402
126.8639 70.0981
126.8640 70.1991
126.8646 70.1251
126.8646 70.1408
126.8647 70.1318
126.8651 70.0312
126.8651 70.0744
126.8654 70.0158
126.8656 70.1410
126.8657 70.0942
126.8657 70.0972
126.8664 70.1539
126.8676 70.0957
126.8682 70.0594
126.8684 70.0837
126.8685 70.0935
126.8686 70.0805
126.8690 69.9858
126.8692 69.8184
126.8692 70.1116
126.8693 69.9665
126.8696 70.0882
126.8705 70.1255
126.8706 69.8504
126.8711 70.1375
126.8712 69.9938
126.8712 70.0006
126.8718 70.0549
126.8721 70.1662
126.8723 70.0998
126.8724 70.0064
126.8724 70.1416
126.8736 70.0954
126.8738 70.0724
126.8741 70.0609
126.8763 70.1015
126.8772 70.0975
126.8776 70.0524
126.8785 70.1423
126.8790 70.0228
126.8794 70.1114
126.8797 70.0756
126.8799 70.0977
126.8807 70.1772
126.8808 70.1632
126.8809 69.8956
126.8812 70.0317
126.8812 70.1350
126.8823 70.0501
126.8836 70.0683
126.8841 70.0474
126.8842 70.1620
126.8842 70.1866
126.8849 70.0759
126.8859 70.0458
126.8862 70.0871
126.8868 70.1168
126.8868 70.2188
126.8869 70.1028
126.8876 70.0315
126.8878 70.1381
126.8881 69.8283
126.8891 70.2028
126.8896 69.8213
126.8898 70.1553
126.8902 69.8529
126.8903 70.1126
126.8905 70.1107
126.8917 70.0542
126.8917 70.1228
126.8917 70.1290
126.8918 70.1843
126.8919 70.0708
126.8928 70.1182
126.8934 69.9451
126.8942 69.8828
126.8945 70.1242
126.8951 70.2259
126.8953 70.0358
126.8956 70.0852
126.8959 70.1016
126.8960 70.1114
126.8964 70.0879
126.8970 70.0922
126.8979 70.0985
126.8980 70.0657
126.8981 70.0830
126.8981 70.1013
126.8984 69.9612
126.8991 70.0631
126.8992 70.0118
126.8993 70.1124
126.8994 70.1194
126.8996 70.0294
126.9005 69.9037
126.9007 70.0670
126.9011 70.1405
126.9013 70.0905
126.9018 69.9513
126.9023 69.8079
126.9024 70.0609
126.9025 70.1437
126.9036 70.1028
126.9039 70.1757
126.9044 70.0096
126.9046 70.0474
126.9047 69.9153
126.9050 70.1378
126.9051 70.0391
126.9053 70.1859
126.9058 69.9073
126.9059 69.9536
126.9060 69.9474
126.9072 70.1617
126.9075 70.0433
126.9078 70.0248
126.9078 70.1498
126.9085 70.1287
126.9087 69.7883
126.9094 69.7529
126.9094 69.8821
126.9097 69.9389
126.9100 70.1093
126.9101 70.0698
126.9106 69.8515
126.9108 70.1405
126.9112 70.0128
126.9117 69.8592
126.9123 69.8484
126.9124 70.1144
126.9129 69.8541
126.9129 70.0516
126.9138 69.9721
126.9145 70.0431
126.9150 69.9131
126.9152 70.1336
126.9155 69.7728
126.9161 69.9434
126.9166 70.0559
126.9167 69.9520
126.9169 69.8726
126.9173 70.0428
126.9180 70.0963
126.9188 69.8501
126.9196 70.2121
126.9197 69.8798
126.9200 70.1698
126.9203 70.3798
126.9205 69.9755
126.9206 69.8314
126.9211 69.9297
126.9227 69.7780
126.9230 70.0483
126.9231 69.9240
126.9233 70.0502
126.9244 69.8925
126.9247 69.8989
126.9248 69.9759
126.9249 70.0020
126.9268 69.8479
126.9274 69.9026
126.9275 70.0611
126.9278 70.1886
126.9280 69.9132
126.9288 69.9590
126.9288 70.0317
126.9289 70.1487
126.9303 69.8550
126.9309 69.7526
126.9327 70.0982
126.9332 70.0988
126.9334 69.8977
126.9347 70.0947
126.9357 69.9094
126.9361 69.8899
126.9368 69.8728
126.9370 70.1145
126.9372 70.2131
126.9381 70.1158
126.9383 69.9166
126.9384 69.9457
126.9398 70.0975
126.9418 69.9289
126.9421 69.8540
126.9445 70.0699
126.9452 70.0034
126.9458 69.9189
126.9464 69.8539
126.9465 69.9192
126.9466 70.1421
126.9480 70.3054
126.9490 69.9445
126.9504 69.9066
126.9504 69.9932
126.9520 70.2106
126.9529 70.1406
126.9532 69.7740
126.9540 69.8769
126.9551 69.8399
126.9558 69.7312
126.9565 69.9249
126.9566 69.9394
126.9572 69.8919
126.9582 69.8749
126.9589 70.1766
126.9590 69.7525
126.9592 70.2442
126.9593 69.9118
126.9593 69.9463
126.9596 69.9014
126.9597 69.8137
126.9601 70.1103
126.9606 69.8338
126.9607 69.9425
126.9609 69.8781
126.9610 70.1230
126.9617 69.8253
126.9617 70.0809
126.9618 70.1006
126.9619 69.8870
126.9622 69.8303
126.9622 70.1377
126.9626 70.0626
126.9627 69.8005
126.9634 69.7730
126.9636 69.8890
126.9648 69.8699
126.9654 69.9567
126.9673 69.9370
126.9673 70.1872
126.9678 70.2330
126.9684 69.8469
126.9684 69.9442
126.9689 69.7240
126.9690 69.9558
126.9705 69.9948
126.9716 69.8685
126.9719 69.8563
126.9721 69.8642
126.9722 69.7013
126.9722 69.9412
126.9725 69.8598
126.9727 69.8786
126.9728 69.9135
126.9739 69.9190
126.9742 69.9126
126.9743 69.8535
126.9743 69.9253
126.9750 69.9209
126.9757 69.9223
126.9759 70.0620
126.9761 69.8794
126.9773 69.8914
126.9781 70.0308
126.9789 69.8658
126.9796 69.9118
126.9796 70.0138
126.9798 69.9195
126.9799 69.9094
126.9800 69.8047
126.9810 69.9612
126.9811 69.9557
126.9812 69.9803
126.9816 70.0495
126.9820 69.9377
126.9822 69.9335
126.9823 69.9902
126.9824 69.8661
126.9826 69.7908
126.9827 69.8722
126.9829 69.9614
126.9833 69.9995
126.9838 70.2705
126.9840 69.8751
126.9841 69.9096
126.9846 70.0204
126.9857 69.9538
126.9860 69.8922
126.9862 69.8521
126.9865 69.8712
126.9865 70.0973
126.9866 69.8749
126.9871 69.7204
126.9872 69.9026
126.9876 70.0232
126.9880 69.9897
126.9883 70.1044
126.9889 69.8489
126.9894 69.9128
126.9896 70.0107
126.9899 69.9148
126.9902 69.9774
126.9904 69.9261
126.9904 69.9520
126.9905 70.0392
126.9906 69.9404
126.9908 69.9561
126.9911 70.0101
126.9915 70.0105
126.9918 69.8811
126.9926 69.9455
126.9927 70.2299
126.9932 69.9500
126.9939 69.8945
126.9941 69.9386
126.9942 70.0219
126.9951 69.8968
126.9962 69.8183
126.9966 69.9478
126.9967 69.9764
126.9979 69.9176
126.9980 70.0434
126.9981 69.9250
126.9990 69.9038
126.9991 69.8370
126.9995 69.8363
127.0004 69.8444
127.0004 69.8560
127.0004 69.8633
127.0008 69.9870
127.0021 70.0732
127.0025 69.8171
127.0031 69.9090
127.0032 70.2804
127.0034 70.0026
127.0038 69.8792
127.0043 69.9106
127.0065 70.0540
127.0068 70.0046
127.0072 69.8693
127.0075 70.0116
127.0080 70.0263
127.0083 70.0307
127.0085 70.0200
127.0086 70.2322
127.0089 69.9167
127.0090 69.8116
127.0100 70.0351
127.0104 69.8984
127.0105 69.8812
127.0107 69.8787
127.0113 69.8964
127.0119 69.9495
127.0120 69.8766
127.0124 69.9076
127.0125 69.8852
127.0128 69.9944
127.0129 69.8661
127.0130 69.9505
127.0141 70.0095
127.0144 69.8363
127.0146 69.9655
127.0146 69.9734
127.0149 69.9086
127.0151 70.0476
127.0152 70.0085
127.0154 69.8906
127.0154 70.0439
127.0155 69.8716
127.0160 69.9555
127.0168 69.9208
127.0169 70.2643
127.0170 69.8256
127.0178 69.8493
127.0179 69.8438
127.0179 70.0163
127.0180 69.9543
127.0180 70.3138
127.0186 69.9382
127.0188 69.8453
127.0194 69.8777
127.0201 69.9319
127.0202 70.2637
127.0203 69.9081
127.0205 69.9412
127.0205 69.9977
127.0205 70.3395
127.0208 69.9069
127.0208 70.0300
127.0212 69.8287
127.0214 69.7743
127.0215 70.0217
127.0217 69.8522
127.0223 70.1862
127.0235 69.9593
127.0254 69.7427
127.0255 69.9553
127.0255 69.9981
127.0255 70.1863
127.0261 69.8873
127.0265 69.8820
127.0267 69.9090
127.0268 69.8423
127.0268 70.0331
127.0271 70.2032
127.0274 70.0675
127.0279 69.9020
127.0279 70.2450
127.0281 69.8717
127.0287 70.0550
127.0288 69.9336
127.0290 69.8776
127.0290 69.8876
127.0292 69.8368
127.0297 69.9371
127.0309 69.9168
127.0311 69.8801
127.0312 70.0334
127.0314 70.2720
127.0321 69.8613
127.0321 69.8851
127.0331 70.1739
127.0331 70.2015
127.0336 69.9251
127.0342 69.9420
127.0342 70.3128
127.0343 70.1535
127.0347 70.0714
127.0347 70.2417
127.0350 69.9872
127.0359 69.9703
127.0364 69.8701
127.0364 69.9711
127.0367 70.2369
127.0368 70.2639
127.0372 70.2989
127.0373 69.9198
127.0390 69.8524
127.0393 69.9208
127.0396 70.2216
127.0398 70.1351
127.0404 69.9274
127.0410 69.8351
127.0411 70.0718
127.0412 69.9848
127.0424 70.2841
127.0430 69.8582
127.0431 70.2389
127.0434 69.8630
127.0435 69.9905
127.0436 69.8970
127.0438 69.9154
127.0452 70.2255
127.0464 69.8589
127.0464 69.9300
127.0466 69.9776
127.0469 70.2247
127.0475 69.7688
127.0477 69.9960
127.0479 70.1567
127.0481 69.9420
127.0483 69.9124
127.0485 69.8703
127.0492 69.9410
127.0499 70.1563
127.0507 69.8652
127.0511 69.8848
127.0511 70.3306
127.0515 69.8718
127.0515 70.3257
127.0516 70.2636
127.0518 70.3067
127.0519 70.2325
127.0522 70.2510
127.0523 69.9609
127.0530 70.0430
127.0534 70.3524
127.0537 70.1124
127.0543 70.1958
127.0546 70.1503
127.0552 69.9326
127.0552 70.0423
127.0556 70.1530
127.0559 69.9577
127.0577 69.8598
127.0586 69.8447
127.0591 69.9423
127.0596 69.9424
127.0598 70.3393
127.0600 69.9473
127.0604 70.1827
127.0613 70.0997
127.0622 70.1140
127.0622 70.2478
127.0623 69.7368
127.0623 69.9423
127.0624 69.8564
127.0629 70.2353
127.0632 70.2316
127.0634 70.3681
127.0637 70.2526
127.0642 70.2235
127.0642 70.3042
127.0643 70.2643
127.0645 69.7381
127.0645 70.2053
127.0648 70.2170
127.0651 70.2138
127.0654 70.2347
127.0665 70.2522
127.0668 70.2437
127.0668 70.2738
127.0671 69.9509
127.0673 69.9529
127.0682 70.2968
127.0683 70.0367
127.0691 70.1338
127.0695 70.1962
127.0699 70.3034
127.0704 69.9435
127.0712 69.9520
127.0716 70.2006
127.0722 69.8647
127.0725 70.2879
127.0736 69.9316
127.0741 70.2671
127.0743 69.8771
127.0744 69.9200
127.0757 70.2510
127.0758 69.9335
127.0760 70.2422
127.0762 69.9041
127.0763 69.9156
127.0771 70.1944
127.0773 70.0953
127.0776 69.9931
127.0776 70.0600
127.0786 70.2282
127.0786 70.3098
127.0788 70.1989
127.0790 70.1313
127.0807 69.9061
127.0809 69.9151
127.0809 70.2343
127.0816 70.2485
127.0818 69.7340
127.0820 69.8247
127.0821 70.2227
127.0823 69.9583
127.0828 69.9800
127.0839 69.9595
127.0842 70.1260
127.0852 70.3024
127.0857 69.9577
127.0858 70.2097
127.0859 69.9154
127.0860 70.2177
127.0862 70.3917
127.0864 69.9186
127.0865 70.2186
127.0866 69.8990
127.0869 69.9541
127.0874 70.2570
127.0895 70.1740
127.0899 70.2636
127.0901 69.9128
127.0907 69.9326
127.0912 70.1927
127.0913 70.3296
127.0918 70.1640
127.0923 70.1528
127.0923 70.3374
127.0925 70.2013
127.0926 69.9337
127.0928 70.1997
127.0929 70.2909
127.0933 70.1345
127.0936 70.2193
127.0940 70.2404
127.0942 70.2888
127.0943 69.9133
127.0946 70.3077
127.0947 70.2930
127.0948 70.0991
127.0948 70.2629
127.0949 70.2872
127.0950 69.8928
127.0952 70.1828
127.0952 70.2054
127.0955 69.7081
127.0956 70.2037
127.0960 70.0095
127.0966 70.2520
127.0970 70.0730
127.0972 70.2496
127.0973 69.9132
127.0976 70.2613
127.0979 70.2031
127.0987 69.7259
127.0987 70.0289
127.0990 70.1519
127.0992 69.9202
127.0992 70.2446
127.0995 70.2949
127.0997 70.0089
127.0999 70.0456
127.1001 70.2544
127.1003 70.0055
127.1004 69.9317
127.1004 70.3013
127.1006 70.2729
127.1015 70.0003
127.1023 70.2224
127.1024 70.0538
127.1032 70.2017
127.1052 69.8569
127.1056 70.3065
127.1070 69.8324
127.1075 70.3064
127.1076 70.1812
127.1078 69.7189
127.1080 69.9837
127.1083 70.3796
127.1085 70.2317
127.1096 70.0842
127.1096 70.2129
127.1097 70.0136
127.1099 70.3114
127.1100 69.9394
127.1101 69.9672
127.1105 69.8342
127.1107 70.2722
127.1109 70.3138
127.1111 69.9741
127.1111 70.2887
127.1117 69.9441
127.1118 70.2230
127.1118 70.2603
127.1121 70.2742
127.1130 69.8720
127.1134 70.2178
127.1140 70.1558
127.1144 70.1538
127.1145 70.1560
127.1146 69.9293
127.1147 70.2137
127.1150 70.2350
127.1150 70.3576
127.1151 70.2262
127.1155 69.9036
127.1157 69.9787
127.1158 69.8582
127.1158 69.8685
127.1162 69.9172
127.1164 69.8929
127.1165 70.1652
127.1173 70.1749
127.1174 69.9309
127.1174 69.9810
127.1174 70.1270
127.1175 70.2564
127.1178 69.8873
127.1178 70.2394
127.1181 70.3446
127.1192 69.9762
127.1193 70.3258
127.1197 69.7736
127.1200 69.9885
127.1203 70.2387
127.1205 70.3034
127.1211 70.2369
127.1217 70.2366
127.1226 70.3221
127.1228 70.2827
127.1229 70.2229
127.1231 70.2803
127.1232 70.1896
127.1235 70.3254
127.1236 70.2173
127.1244 70.2667
127.1250 69.9660
127.1256 69.9342
127.1258 69.9902
127.1262 70.3257
127.1265 70.1848
127.1272 70.2773
127.1273 69.8971
127.1280 70.0210
127.1287 70.2556
127.1288 69.9732
127.1293 69.9015
127.1297 70.1730
127.1298 70.0184
127.1298 70.2254
127.1301 69.8999
127.1303 69.8844
127.1306 70.2595
127.1309 70.2806
127.1318 70.4611
127.1322 69.9881
127.1322 70.1605
127.1326 69.8251
127.1331 69.9709
127.1349 70.2217
127.1349 70.2791
127.1352 70.2592
127.1355 69.8331
127.1356 69.9000
127.1358 69.9949
127.1359 70.1577
127.1360 70.3114
127.1364 69.7544
127.1371 70.2060
127.1377 70.2348
127.1380 69.8437
127.1383 69.8037
127.1388 70.0829
127.1394 70.1615
127.1398 70.2691
127.1403 69.8334
127.1410 70.2631
127.1413 70.0061
127.1423 70.0659
127.1425 69.9748
127.1438 70.1986
127.1441 69.8488
127.1442 69.8996
127.1447 69.9518
127.1448 70.0842
127.1449 69.9889
127.1451 70.0471
127.1452 70.2983
127.1473 70.0213
127.1474 70.2525
127.1475 70.2889
127.1478 70.0251
127.1485 70.2488
127.1489 69.8933
127.1491 69.9754
127.1494 69.8153
127.1497 70.2365
127.1498 69.9938
127.1523 69.9748
127.1526 70.1687
127.1531 69.9292
127.1531 70.1467
127.1539 70.0097
127.1540 70.3318
127.1541 69.9792
127.1544 70.0286
127.1545 69.9299
127.1547 69.9791
127.1553 70.1821
127.1555 69.9007
127.1555 69.9911
127.1558 69.9323
127.1558 69.9727
127.1568 69.9492
127.1574 69.9927
127.1577 69.7536
127.1586 70.1756
127.1600 70.1419
127.1602 70.1622
127.1603 69.9231
127.1605 69.8880
127.1608 69.9659
127.1610 69.9366
127.1613 70.1086
127.1614 69.9961
127.1616 69.9900
127.1616 70.2893
127.1620 69.9164
127.1638 70.0932
127.1642 69.9715
127.1653 69.9872
127.1653 70.0068
127.1657 69.9778
127.1658 69.9440
127.1661 69.9564
127.1664 69.9090
127.1679 69.9725
127.1688 69.9720
127.1691 70.2628
127.1692 69.9996
127.1699 69.9916
127.1702 69.9688
127.1705 69.9725
127.1709 70.3280
127.1713 70.0278
127.1717 69.9827
127.1718 69.9417
127.1720 69.9704
127.1731 70.0165
127.1739 69.9961
127.1742 70.1224
127.1744 70.0223
127.1758 69.9498
127.1763 69.9759
127.1766 70.0005
127.1768 69.9317
127.1778 69.7611
127.1778 70.2092
127.1781 70.2146
127.1790 70.0228
127.1791 70.1141
127.1796 70.1387
127.1797 69.9418
127.1804 69.9833
127.1809 69.9705
127.1813 70.0310
127.1823 69.8879
127.1832 70.2636
127.1839 69.9361
127.1843 70.0228
127.1858 69.9277
127.1859 69.9357
127.1861 69.9904
127.1862 69.8925
127.1871 70.0093
127.1876 69.9894
127.1876 70.0162
127.1877 69.9601
127.1879 70.0232
127.1880 69.8597
127.1884 69.9813
127.1885 70.0401
127.1898 69.9398
127.1899 69.7522
127.1899 70.1028
127.1908 69.9000
127.1909 70.0208
127.1914 69.8770
127.1920 70.0538
127.1921 70.0259
127.1927 69.9334
127.1931 70.0694
127.1931 70.0704
127.1934 70.0900
127.1937 69.9077
127.1948 69.9146
127.1962 69.8238
127.1963 70.0133
127.1964 69.9404
127.1976 69.9348
127.1976 69.9500
127.1982 70.3048
127.1993 69.9575
127.1999 70.3232
127.2016 69.9567
127.2021 70.0167
127.2023 69.9680
127.2029 69.9021
127.2032 69.9891
127.2042 69.7792
127.2043 69.9722
127.2045 70.1613
127.2046 69.8789
127.2048 70.3204
127.2054 69.9598
127.2076 69.9615
127.2083 70.0073
127.2084 70.0447
127.2089 69.9868
127.2103 70.0325
127.2107 70.1027
127.2109 69.9034
127.2128 69.9691
127.2129 69.9460
127.2137 70.0283
127.2138 69.8971
127.2144 69.9724
127.2145 69.9432
127.2146 70.0126
127.2165 70.0561
127.2166 69.8909
127.2166 69.9558
127.2177 70.0073
127.2193 69.9789
127.2207 70.0086
127.2214 70.0137
127.2219 70.0567
127.2225 70.0208
127.2226 69.9313
127.2231 69.8901
127.2231 69.9937
127.2240 69.8999
127.2241 70.3904
127.2243 69.9971
127.2245 69.9854
127.2246 69.8775
127.2246 70.0859
127.2254 69.9732
127.2255 69.9253
127.2275 70.0544
127.2278 70.0003
127.2294 69.9747
127.2295 69.9895
127.2320 70.0060
127.2332 70.0035
127.2341 70.1984
127.2348 70.2682
127.2354 70.2623
127.2357 69.9950
127.2387 69.8964
127.2391 69.9919
127.2400 69.9389
127.2402 69.9624
127.2430 69.9782
127.2438 69.9640
127.2452 69.9470
127.2458 69.9827
127.2489 69.9823
127.2500 69.9960
127.2547 69.9322
127.2558 69.9012
127.2565 69.9802
127.2605 70.0403
127.2633 69.9454
127.2658 70.0781
127.2708 69.9405
127.2728 70.0112
127.2754 69.9491
127.2791 69.9993
127.2811 69.9238
127.2815 69.9802
127.2854 69.9564
127.2897 69.9684
127.2904 69.9655
127.2946 69.8595
127.2980 70.0074
127.3036 69.9793
127.3066 69.9803
127.3108 69.9497
127.3223 69.9724
127.3533 69.9890
127.3740 69.9747
127.3746 70.0206
127.3931 70.0731
