74.9163 80.7455
74.9391 80.7551
74.9497 80.8206
74.9572 80.8165
74.9813 80.4496
74.9851 80.5053
74.9886 80.7501
74.9952 80.4764
75.0013 80.4292
75.0126 80.7580
75.0183 80.8821
75.0271 80.7737
75.0295 80.4983
75.0358 80.8706
75.0407 80.8025
75.0411 80.8465
75.0419 80.9007
75.0443 80.8061
75.0507 80.7941
75.0509 80.8578
75.0611 80.8347
75.0616 80.8857
75.0654 80.8605
75.0656 80.7756
75.0660 80.9114
75.0663 80.8404
75.0670 80.8234
75.0676 80.8020
75.0713 80.3720
75.0717 80.7946
75.0722 80.8461
75.0730 80.8827
75.0742 80.6260
75.0771 80.8421
75.0791 80.8464
75.0821 80.8175
75.0836 80.8491
75.0838 80.8580
75.0841 80.6106
75.0873 80.6308
75.0876 80.9100
75.0887 80.6689
75.0931 80.6347
75.0935 80.7869
75.0960 80.6416
75.0986 80.6207
75.1005 80.8563
75.1008 80.8529
75.1028 80.8129
75.1040 80.5955
75.1045 80.6982
75.1048 80.5854
75.1064 80.6611
75.1077 80.8928
75.1093 80.5990
75.1094 80.7797
75.1099 80.5840
75.1107 80.9483
75.1113 80.6416
75.1125 80.6984
75.1140 80.7841
75.1141 80.6221
75.1171 80.7777
75.1172 80.8273
75.1173 80.6140
75.1190 80.8395
75.1190 80.9120
75.1193 80.8956
75.1197 80.7369
75.1202 80.8545
75.1226 80.6106
75.1233 80.8371
75.1239 80.8607
75.1242 80.5970
75.1247 80.6429
75.1253 80.8900
75.1258 80.8058
75.1261 80.8437
75.1276 80.8363
75.1276 80.8413
75.1277 80.7960
75.1278 80.9289
75.1280 80.6210
75.1282 80.9790
75.1289 80.6140
75.1290 80.6357
75.1295 80.8979
75.1305 80.7651
75.1308 80.8627
75.1311 80.6177
75.1314 80.6359
75.1324 80.6360
75.1329 80.7739
75.1340 80.6164
75.1341 80.6999
75.1348 80.6500
75.1348 80.7749
75.1350 80.5976
75.1351 80.5328
75.1352 80.6449
75.1357 80.8896
75.1364 80.9247
75.1374 80.6264
75.1376 80.7353
75.1388 80.8567
75.1396 80.5856
75.1402 80.5559
75.1403 80.9624
75.1404 80.8889
75.1408 80.6182
75.1410 80.6084
75.1415 80.8915
75.1424 80.6287
75.1427 80.7395
75.1434 80.8036
75.1436 80.7853
75.1437 80.6302
75.1438 80.6495
75.1442 80.8112
75.1445 80.7740
75.1453 80.9065
75.1454 80.5436
75.1458 80.5472
75.1465 80.7925
75.1470 80.8170
75.1471 80.6559
75.1473 80.8766
75.1479 80.7654
75.1483 80.8216
75.1486 80.6600
75.1486 80.6873
75.1494 80.6273
75.1508 80.6427
75.1510 80.8233
75.1510 80.8996
75.1511 80.7666
75.1514 80.6112
75.1516 80.8693
75.1522 80.6179
75.1526 80.7497
75.1530 80.7929
75.1537 80.5692
75.1537 80.6302
75.1540 80.8782
75.1543 80.8400
75.1547 80.7546
75.1550 80.6638
75.1559 80.7978
75.1560 80.8491
75.1566 80.6107
75.1569 80.5840
75.1572 80.7918
75.1573 80.9035
75.1575 80.8621
75.1576 80.8466
75.1576 80.9152
75.1579 80.7880
75.1580 80.6276
75.1588 80.8229
75.1599 80.7669
75.1606 80.9305
75.1611 80.8681
75.1612 80.9243
75.1613 80.5777
75.1619 80.8924
75.1620 80.8635
75.1621 80.8433
75.1628 80.8628
75.1630 80.8304
75.1633 80.9210
75.1638 80.5577
75.1644 80.6559
75.1649 80.9097
75.1651 80.8436
75.1685 80.7513
75.1687 80.6023
75.1693 80.5338
75.1694 80.6641
75.1715 80.6593
75.1720 80.7683
75.1723 80.8572
75.1731 80.7642
75.1732 80.6399
75.1761 80.6281
75.1767 80.8185
75.1772 80.5327
75.1781 80.6175
75.1783 80.5383
75.1786 80.5555
75.1789 80.6845
75.1792 80.9776
75.1795 80.6304
75.1801 80.9299
75.1802 80.7169
75.1805 80.8899
75.1806 80.6022
75.1806 80.8277
75.1808 80.8073
75.1810 80.9332
75.1811 80.8094
75.1813 80.6921
75.1813 80.8708
75.1816 80.6127
75.1817 80.8088
75.1824 80.6678
75.1826 80.8188
75.1827 80.6553
75.1829 80.7617
75.1829 80.8014
75.1853 80.8446
75.1853 80.9141
75.1854 80.6365
75.1855 80.8163
75.1857 80.8439
75.1858 80.5952
75.1862 80.6921
75.1862 80.9342
75.1875 80.8413
75.1889 80.7928
75.1895 80.9491
75.1896 80.8638
75.1906 80.4897
75.1913 80.5933
75.1914 80.8914
75.1917 80.6447
75.1930 80.8818
75.1934 80.7706
75.1936 80.9130
75.1941 80.5594
75.1943 80.7755
75.1943 80.8633
75.1959 80.9632
75.1973 80.9363
75.1979 80.8520
75.1996 80.6600
75.2000 80.6142
75.2012 80.7793
75.2012 80.7942
75.2015 80.6421
75.2015 80.9185
75.2017 80.6319
75.2027 80.8446
75.2034 80.9129
75.2035 80.6263
75.2044 80.6157
75.2044 80.7877
75.2046 80.6627
75.2050 80.9065
75.2052 80.9000
75.2056 80.8531
75.2059 80.7868
75.2067 80.6707
75.2067 80.9317
75.2073 80.8736
75.2080 80.9818
75.2082 80.7754
75.2095 80.8628
75.2099 80.7180
75.2104 80.6506
75.2105 80.8259
75.2108 80.7782
75.2121 80.5976
75.2125 80.5878
75.2125 80.6664
75.2133 80.6328
75.2133 80.7361
75.2135 80.7929
75.2144 80.6652
75.2160 80.6842
75.2176 80.6133
75.2177 80.5534
75.2180 80.6998
75.2182 80.7448
75.2182 80.8320
75.2183 80.8786
75.2190 80.7654
75.2194 80.8087
75.2209 80.7736
75.2224 80.6166
75.2227 80.6429
75.2231 80.7996
75.2237 80.5231
75.2241 80.6617
75.2250 80.5628
75.2255 80.9348
75.2257 80.9219
75.2270 80.7686
75.2274 80.5958
75.2275 80.6589
75.2301 80.4213
75.2308 80.9443
75.2324 80.4932
75.2329 80.7800
75.2333 80.9538
75.2334 80.7849
75.2334 80.8627
75.2346 80.5714
75.2348 80.8201
75.2349 80.8698
75.2353 80.6295
75.2353 80.8922
75.2355 80.6361
75.2365 80.9130
75.2375 80.7235
75.2395 80.8606
75.2397 80.7912
75.2400 80.6122
75.2414 80.7852
75.2420 80.8625
75.2422 80.8697
75.2425 80.5888
75.2430 80.6486
75.2431 80.8271
75.2444 80.8552
75.2451 80.8533
75.2452 80.5849
75.2473 80.6281
75.2483 80.9509
75.2501 80.6474
75.2510 80.8508
75.2510 80.8542
75.2511 80.6521
75.2514 80.5470
75.2533 80.8641
75.2538 80.8220
75.2544 80.6883
75.2555 80.6038
75.2564 80.5917
75.2570 80.9237
75.2579 80.5749
75.2584 80.6493
75.2593 80.8853
75.2597 80.7250
75.2616 80.8917
75.2620 80.8577
75.2627 80.8628
75.2639 80.6538
75.2647 80.8557
75.2673 80.6111
75.2685 80.6572
75.2689 80.6202
75.2705 80.7533
75.2725 80.3359
75.2731 80.7685
75.2736 80.6559
75.2746 80.8418
75.2748 80.3772
75.2750 80.6504
75.2755 80.8561
75.2764 80.6281
75.2776 80.6285
75.2779 80.5813
75.2786 80.5449
75.2789 80.7425
75.2794 80.7665
75.2803 80.5190
75.2813 80.7853
75.2819 80.3244
75.2825 80.8664
75.2830 80.7522
75.2834 80.8393
75.2846 80.6341
75.2848 80.8386
75.2853 80.8696
75.2861 80.7620
75.2875 80.5839
75.2877 80.8142
75.2892 80.7753
75.2895 80.9027
75.2908 80.8557
75.2918 80.7240
75.2931 80.6776
75.2953 80.5736
75.2963 80.5199
75.2971 80.4798
75.2978 80.7777
75.2979 80.7364
75.2980 80.7005
75.2983 80.3989
75.2987 80.7174
75.3008 80.5016
75.3034 80.8302
75.3044 80.7290
75.3076 80.4388
75.3076 80.5751
75.3079 80.5622
75.3081 80.6265
75.3085 80.7158
75.3088 80.7525
75.3101 80.5364
75.3112 80.6980
75.3114 80.6972
75.3119 80.4728
75.3121 80.4747
75.3132 80.7508
75.3135 80.3961
75.3141 80.7813
75.3167 80.6740
75.3178 80.5055
75.3185 80.7312
75.3206 80.8725
75.3208 80.4463
75.3220 80.7102
75.3222 80.8718
75.3226 80.5215
75.3244 80.8135
75.3250 80.6496
75.3253 80.7359
75.3259 80.6337
75.3264 80.7328
75.3265 80.7314
75.3266 80.7081
75.3271 80.7158
75.3283 80.6078
75.3286 80.4305
75.3290 80.6632
75.3294 80.5595
75.3297 80.7646
75.3299 80.5285
75.3301 80.6236
75.3302 80.5361
75.3307 80.6786
75.3317 80.5909
75.3318 80.6189
75.3320 80.7224
75.3321 80.6384
75.3322 80.5991
75.3335 80.9102
75.3341 80.5623
75.3345 80.5650
75.3346 80.5163
75.3346 80.7317
75.3355 80.7827
75.3361 80.5137
75.3362 80.5222
75.3363 80.5676
75.3367 80.8407
75.3369 80.6115
75.3369 80.7437
75.3370 80.6231
75.3380 80.4252
75.3380 80.9216
75.3392 80.5840
75.3393 80.5776
75.3396 80.5964
75.3411 80.7530
75.3413 80.6062
75.3433 80.6260
75.3444 80.5614
75.3447 80.5941
75.3455 80.5086
75.3462 80.5943
75.3466 80.5806
75.3480 80.4899
75.3480 80.5112
75.3480 80.6238
75.3480 80.6669
75.3482 80.6043
75.3483 80.6464
75.3484 80.7128
75.3496 80.4857
75.3496 80.5867
75.3502 80.6296
75.3502 80.7481
75.3503 80.6394
75.3512 80.5004
75.3515 80.5431
75.3516 80.5267
75.3516 80.5759
75.3519 80.5955
75.3524 80.4620
75.3533 80.6651
75.3533 80.6909
75.3543 80.6516
75.3564 80.6011
75.3577 80.7599
75.3582 80.5408
75.3582 80.5413
75.3591 80.8331
75.3597 80.6327
75.3607 80.5960
75.3611 80.5553
75.3612 80.5231
75.3616 80.4803
75.3631 80.8171
75.3632 80.5862
75.3635 80.5995
75.3641 80.6207
75.3642 80.5204
75.3648 80.7271
75.3651 80.4822
75.3655 80.6153
75.3661 80.6685
75.3668 80.5928
75.3669 80.6199
75.3672 80.5840
75.3685 80.5270
75.3688 80.6269
75.3697 80.5352
75.3709 80.8197
75.3712 80.7419
75.3723 80.6224
75.3728 80.5803
75.3732 80.8726
75.3733 80.6013
75.3735 80.5975
75.3744 80.5951
75.3746 80.5472
75.3751 80.6432
75.3754 80.5563
75.3757 80.5276
75.3759 80.4314
75.3760 80.5672
75.3761 80.5687
75.3769 80.5222
75.3771 80.5748
75.3772 80.5598
75.3796 80.6092
75.3805 80.5949
75.3809 80.5244
75.3813 80.6102
75.3826 80.6172
75.3828 80.5657
75.3836 80.7370
75.3842 80.7773
75.3849 80.6100
75.3851 80.7358
75.3863 80.5589
75.3867 80.7927
75.3875 80.5379
75.3875 80.5677
75.3879 80.4782
75.3882 80.5988
75.3883 80.7675
75.3889 80.8769
75.3899 80.6155
75.3901 80.6706
75.3910 80.6054
75.3910 80.7932
75.3912 80.8980
75.3916 80.6289
75.3919 80.6285
75.3923 80.5918
75.3924 80.7729
75.3924 80.8355
75.3925 80.5717
75.3926 80.7943
75.3931 80.6157
75.3932 80.5981
75.3940 80.5738
75.3941 80.5317
75.3952 80.7845
75.3954 80.5049
75.3954 80.5606
75.3957 80.6202
75.3957 80.8076
75.3960 80.5392
75.3961 80.5556
75.3969 80.7985
75.3970 80.5086
75.3971 80.5419
75.3972 80.5267
75.3972 80.6620
75.3975 80.6765
75.3984 80.4336
75.3985 80.4734
75.3987 80.7660
75.4005 80.8302
75.4006 80.7078
75.4010 80.5065
75.4013 80.6020
75.4015 80.4993
75.4017 80.4957
75.4017 80.6981
75.4038 80.7308
75.4045 80.7579
75.4051 80.5279
75.4053 80.5271
75.4054 80.6204
75.4059 80.5910
75.4059 80.8350
75.4059 80.8450
75.4063 80.5579
75.4068 80.5466
75.4068 80.6124
75.4069 80.6190
75.4078 80.7971
75.4089 80.7196
75.4090 80.7360
75.4091 80.8243
75.4094 80.4640
75.4097 80.4946
75.4097 80.7461
75.4098 80.6048
75.4104 80.7057
75.4110 80.5573
75.4118 80.8355
75.4121 80.7866
75.4123 80.5099
75.4131 80.5815
75.4132 80.5069
75.4143 80.8057
75.4163 80.7605
75.4170 80.5939
75.4170 80.7739
75.4171 80.7948
75.4181 80.7286
75.4185 80.7566
75.4187 80.5738
75.4195 80.5519
75.4197 80.6217
75.4198 80.5624
75.4203 80.5593
75.4204 80.7673
75.4208 80.5801
75.4209 80.3272
75.4209 80.6448
75.4214 80.5496
75.4214 80.7907
75.4217 80.6694
75.4220 80.4884
75.4220 80.8304
75.4223 80.5927
75.4224 80.6305
75.4225 80.4577
75.4231 80.7467
75.4233 80.6021
75.4233 80.7993
75.4234 80.5374
75.4245 80.6135
75.4249 80.7142
75.4252 80.5096
75.4259 80.8629
75.4261 80.7665
75.4262 80.9359
75.4271 80.5844
75.4273 80.8085
75.4278 80.5171
75.4279 80.7909
75.4291 80.7707
75.4303 80.3417
75.4309 80.6305
75.4316 80.5871
75.4319 80.5655
75.4328 80.6547
75.4330 80.5843
75.4348 80.8128
75.4349 80.4367
75.4350 80.8057
75.4354 80.5407
75.4357 80.8266
75.4364 80.7911
75.4366 80.6065
75.4368 80.6694
75.4373 80.8733
75.4376 80.4413
75.4382 80.5883
75.4401 80.5322
75.4407 80.7646
75.4407 80.8323
75.4408 80.5781
75.4409 80.4891
75.4410 80.5603
75.4414 80.7412
75.4417 80.7998
75.4425 80.8377
75.4434 80.8345
75.4453 80.8342
75.4456 80.6155
75.4460 80.7794
75.4466 80.4725
75.4466 80.6047
75.4469 80.4041
75.4473 80.8038
75.4474 80.5791
75.4478 80.8190
75.4479 80.7685
75.4482 80.8066
75.4483 80.5683
75.4487 80.5779
75.4490 80.8241
75.4491 80.6556
75.4497 80.6048
75.4501 80.7918
75.4502 80.8180
75.4508 80.4721
75.4513 80.6800
75.4526 80.8219
75.4531 80.6986
75.4533 80.8283
75.4545 80.5436
75.4554 80.7870
75.4569 80.8241
75.4584 80.5701
75.4586 80.5440
75.4587 80.8149
75.4589 80.7908
75.4597 80.5191
75.4601 80.8640
75.4603 80.8694
75.4605 80.5711
75.4621 80.7957
75.4647 80.9872
75.4656 80.7909
75.4661 80.6598
75.4665 80.4225
75.4669 80.5200
75.4673 80.8362
75.4680 80.7706
75.4682 80.8228
75.4684 80.8452
75.4685 80.8474
75.4698 80.8081
75.4699 80.6740
75.4699 80.8126
75.4700 80.7939
75.4704 80.8040
75.4705 80.4722
75.4709 80.4777
75.4709 80.5239
75.4710 80.4796
75.4714 80.8203
75.4716 80.7885
75.4716 80.8311
75.4717 80.7861
75.4726 80.7976
75.4729 80.5364
75.4733 80.7333
75.4739 80.6443
75.4745 80.7885
75.4748 80.8340
75.4749 80.8630
75.4756 80.5348
75.4759 80.8462
75.4760 80.7893
75.4763 80.4048
75.4799 80.8755
75.4802 80.8384
75.4805 80.8611
75.4807 80.7949
75.4808 80.8101
75.4815 80.6114
75.4816 80.8312
75.4822 80.3610
75.4827 80.7375
75.4830 80.8126
75.4837 80.4845
75.4840 80.7605
75.4843 80.4763
75.4852 80.7649
75.4852 80.8308
75.4862 80.8036
75.4864 80.7290
75.4865 80.8391
75.4869 80.4725
75.4870 80.8059
75.4875 80.8300
75.4883 80.8250
75.4883 80.8363
75.4886 80.6746
75.4887 80.8034
75.4892 80.7206
75.4892 80.7803
75.4896 80.7211
75.4913 80.7997
75.4923 80.7630
75.4928 80.8380
75.4934 80.7523
75.4938 80.3756
75.4942 80.8234
75.4956 80.6305
75.4957 80.7917
75.4958 80.8236
75.4959 80.7568
75.4968 80.6687
75.4973 80.7939
75.4973 80.8743
75.4974 80.7710
75.4975 80.8616
75.4982 80.8531
75.4995 80.8188
75.5006 80.8132
75.5013 80.4916
75.5016 80.8055
75.5022 80.8300
75.5034 80.8344
75.5037 80.7780
75.5042 80.8551
75.5056 80.7332
75.5060 80.8754
75.5086 80.7096
75.5094 80.7352
75.5108 80.7875
75.5113 80.8503
75.5130 80.6968
75.5133 80.8003
75.5155 80.8191
75.5158 80.5288
75.5174 80.6970
75.5179 80.8278
75.5185 80.7768
75.5187 80.7823
75.5197 80.8340
75.5203 80.6962
75.5223 80.8058
75.5239 80.6359
75.5240 80.7076
75.5295 80.7812
75.5310 80.8033
75.5331 80.8570
75.5336 80.6354
75.5363 80.7874
75.5373 80.7897
75.5393 80.7891
75.5395 80.6951
75.5399 80.7600
75.5415 80.8088
75.5434 80.7691
75.5580 80.6916
75.5684 80.9619
75.5708 80.7217
75.5791 80.6495
