80.9655 199.5786
81.0038 199.5520
81.0066 199.4826
81.0078 199.7318
81.0106 199.4594
81.0109 199.6810
81.0155 199.5242
81.0274 199.4460
81.0297 199.4284
81.0311 199.6936
81.0347 199.4169
81.0472 199.5694
81.0524 199.4478
81.0580 199.4752
81.0628 199.5636
81.0710 199.5053
81.0751 199.4618
81.0794 199.5049
81.0857 199.5589
81.0860 199.4588
81.0866 199.6401
81.0871 199.4348
81.0880 199.5654
81.0890 199.2952
81.0898 199.4032
81.0899 199.5102
81.0908 199.3067
81.0921 199.3948
81.0935 199.7230
81.0952 199.4348
81.0960 199.4198
81.0972 199.4522
81.0986 199.6232
81.0995 199.5073
81.1001 199.4449
81.1010 199.5451
81.1019 199.4898
81.1055 199.4460
81.1085 199.3771
81.1089 199.5076
81.1111 199.4610
81.1123 199.4543
81.1126 199.4231
81.1137 199.5436
81.1141 199.5378
81.1149 199.5106
81.1152 199.4537
81.1154 199.5343
81.1170 199.6196
81.1186 199.4419
81.1199 199.5117
81.1206 199.5781
81.1210 199.8305
81.1225 199.4706
81.1260 199.4886
81.1263 199.4670
81.1263 199.5015
81.1263 199.6661
81.1267 199.4450
81.1267 199.4633
81.1299 199.5188
81.1309 199.4523
81.1312 199.3994
81.1314 199.4299
81.1322 199.5076
81.1348 199.6319
81.1361 199.4955
81.1370 199.4391
81.1371 199.4737
81.1377 199.7051
81.1385 199.4882
81.1385 199.5273
81.1386 199.4877
81.1396 199.4326
81.1397 199.4682
81.1408 199.7165
81.1413 199.3432
81.1418 199.5957
81.1433 199.4582
81.1441 199.5134
81.1443 199.4239
81.1446 199.4174
81.1463 199.6811
81.1471 199.4313
81.1472 199.6859
81.1475 199.7010
81.1476 199.5531
81.1480 199.8127
81.1483 199.5162
81.1486 199.4767
81.1488 199.7139
81.1489 199.4970
81.1500 199.4700
81.1506 199.6730
81.1508 199.7603
81.1510 199.3673
81.1510 199.4146
81.1521 199.6286
81.1524 199.4308
81.1525 199.7776
81.1546 199.4740
81.1551 199.3481
81.1556 199.7389
81.1557 199.7448
81.1567 199.7645
81.1569 199.7134
81.1572 199.2932
81.1580 199.4129
81.1580 199.5079
81.1586 199.4023
81.1587 199.6776
81.1600 199.5651
81.1605 199.5023
81.1610 199.5068
81.1610 199.8252
81.1618 199.7449
81.1622 199.8036
81.1623 199.7045
81.1625 199.4110
81.1626 199.4505
81.1634 199.4875
81.1647 199.6226
81.1649 199.4456
81.1649 199.8237
81.1650 199.7968
81.1653 199.4256
81.1653 199.7089
81.1658 199.4904
81.1665 199.6093
81.1668 199.4849
81.1670 199.6978
81.1672 199.5855
81.1680 199.8661
81.1681 199.6811
81.1685 199.7679
81.1687 199.7344
81.1689 199.4844
81.1690 199.8163
81.1693 199.4468
81.1695 199.7450
81.1696 199.3879
81.1696 199.4279
81.1699 199.5338
81.1709 199.6976
81.1714 199.5840
81.1716 199.3869
81.1719 199.6375
81.1723 199.5150
81.1725 199.4402
81.1730 199.5321
81.1730 199.7012
81.1735 199.4300
81.1738 199.7469
81.1738 199.7470
81.1740 199.7101
81.1741 199.4969
81.1744 199.5273
81.1745 199.4756
81.1749 199.8024
81.1750 199.5046
81.1752 199.6541
81.1755 199.7131
81.1765 199.3760
81.1773 199.6796
81.1791 199.5167
81.1791 199.7478
81.1796 199.6863
81.1806 199.6698
81.1807 199.6257
81.1821 199.6658
81.1824 199.4509
81.1825 199.7912
81.1826 199.7719
81.1828 199.4405
81.1828 199.6661
81.1843 199.3861
81.1844 199.4351
81.1860 199.5963
81.1861 199.8010
81.1864 199.7047
81.1865 199.6181
81.1872 199.3121
81.1875 199.4598
81.1884 199.3929
81.1885 199.6261
81.1887 199.7972
81.1889 199.4460
81.1892 199.6733
81.1894 199.6471
81.1904 199.4592
81.1908 199.3376
81.1911 199.7354
81.1918 199.4930
81.1921 199.6765
81.1926 199.4521
81.1931 199.3723
81.1939 199.8607
81.1942 199.7495
81.1944 199.7617
81.1948 199.7463
81.1948 199.7509
81.1951 199.7175
81.1952 199.6615
81.1952 199.6827
81.1955 199.8515
81.1956 199.6228
81.1957 199.6990
81.1960 199.5411
81.1960 199.6214
81.1960 199.8385
81.1961 199.5540
81.1966 199.3985
81.1966 199.7553
81.1971 199.4785
81.1973 199.3954
81.1975 199.4765
81.1979 199.4104
81.1983 199.6156
81.1987 199.6466
81.1989 199.7388
81.1994 199.6564
81.1994 199.6957
81.1996 199.4408
81.1996 199.4570
81.1997 199.7334
81.2002 199.6110
81.2003 199.6275
81.2006 199.3769
81.2011 199.5741
81.2013 199.6069
81.2017 199.4012
81.2017 199.7845
81.2019 199.6995
81.2024 199.6351
81.2026 199.6682
81.2026 199.6960
81.2027 199.5969
81.2028 199.6860
81.2029 199.5985
81.2031 199.7801
81.2033 199.3490
81.2039 199.6846
81.2057 199.6771
81.2057 199.6886
81.2062 199.7413
81.2068 199.6930
81.2069 199.7703
81.2070 199.7384
81.2073 199.6174
81.2074 199.6743
81.2075 199.5376
81.2076 199.6930
81.2077 199.5674
81.2080 199.5889
81.2081 199.8260
81.2086 199.7271
81.2089 199.6866
81.2089 199.6933
81.2098 199.7220
81.2103 199.6540
81.2104 199.4216
81.2106 199.6489
81.2107 199.6644
81.2107 199.6907
81.2111 199.4763
81.2113 199.6609
81.2115 199.6808
81.2117 199.4706
81.2118 199.5470
81.2119 199.5042
81.2122 199.6648
81.2127 199.6434
81.2128 199.7103
81.2131 199.7094
81.2132 199.6670
81.2133 199.7110
81.2144 199.6033
81.2144 199.7620
81.2144 199.7791
81.2146 199.7550
81.2150 199.5331
81.2154 199.5816
81.2154 199.6789
81.2158 199.5326
81.2175 199.4573
81.2179 199.3789
81.2179 199.6357
81.2180 199.6862
81.2185 199.8681
81.2187 199.7278
81.2189 199.5159
81.2191 199.8263
81.2193 199.4140
81.2193 199.7055
81.2202 199.3110
81.2209 199.7442
81.2215 199.5920
81.2218 199.4582
81.2218 199.6387
81.2218 199.7359
81.2223 199.7051
81.2234 199.6961
81.2234 199.7043
81.2239 199.7332
81.2240 199.7751
81.2241 199.6712
81.2250 199.7122
81.2250 199.7945
81.2254 199.7704
81.2255 199.6246
81.2257 199.7151
81.2259 199.6384
81.2259 199.6691
81.2262 199.3805
81.2267 199.5070
81.2271 199.4206
81.2273 199.7184
81.2275 199.3737
81.2276 199.7848
81.2278 199.6299
81.2280 199.4904
81.2286 199.4653
81.2286 199.5078
81.2294 199.5888
81.2295 199.5576
81.2297 199.6798
81.2300 199.5875
81.2303 199.6574
81.2308 199.6497
81.2310 199.7011
81.2313 199.6711
81.2313 199.7474
81.2314 199.6167
81.2314 199.7511
81.2318 199.6794
81.2321 199.7778
81.2322 199.6985
81.2325 199.4868
81.2332 199.6301
81.2337 199.7422
81.2339 199.6379
81.2344 199.7265
81.2348 199.3391
81.2349 199.4977
81.2349 199.6458
81.2350 199.7153
81.2356 199.7038
81.2358 199.4968
81.2358 199.6705
81.2360 199.6350
81.2361 199.6772
81.2365 199.6685
81.2369 199.6723
81.2376 199.6478
81.2377 199.7467
81.2385 199.6488
81.2385 199.6718
81.2389 199.5169
81.2395 199.6187
81.2404 199.5920
81.2407 199.4059
81.2407 199.7211
81.2408 199.6909
81.2410 199.7931
81.2412 199.7046
81.2414 199.6145
81.2416 199.8278
81.2423 199.3321
81.2432 199.7573
81.2437 199.4429
81.2438 199.7775
81.2439 199.4518
81.2439 199.7328
81.2443 199.4490
81.2445 199.6582
81.2448 199.6556
81.2449 199.5096
81.2452 199.6565
81.2454 199.6431
81.2454 199.7474
81.2454 199.7873
81.2458 199.5341
81.2461 199.7280
81.2462 199.5764
81.2462 199.6331
81.2462 199.7492
81.2465 199.7111
81.2465 199.7311
81.2471 199.5916
81.2472 199.4318
81.2472 199.7591
81.2473 199.6679
81.2474 199.8091
81.2477 199.6190
81.2480 199.7087
81.2483 199.7086
81.2487 199.3966
81.2489 199.6932
81.2490 199.7030
81.2490 199.7300
81.2493 199.6342
81.2497 199.7453
81.2499 199.7680
81.2500 199.6539
81.2510 199.8194
81.2513 199.7631
81.2514 199.6703
81.2515 199.4407
81.2517 199.7792
81.2518 199.4502
81.2522 199.8312
81.2524 199.3978
81.2525 199.7078
81.2528 199.6733
81.2528 199.7767
81.2529 199.7131
81.2531 199.5923
81.2531 199.6295
81.2532 199.6741
81.2533 199.4161
81.2533 199.5585
81.2537 199.7040
81.2544 199.4569
81.2545 199.7480
81.2547 199.2799
81.2549 199.7996
81.2550 199.6675
81.2551 199.6797
81.2552 199.5608
81.2553 199.6836
81.2558 199.5915
81.2559 199.7814
81.2561 199.5569
81.2562 199.6649
81.2564 199.6559
81.2567 199.6896
81.2567 199.7222
81.2569 199.6660
81.2570 199.6815
81.2573 199.6716
81.2575 199.4297
81.2575 199.5708
81.2575 199.6300
81.2575 199.7322
81.2579 199.6745
81.2582 199.5533
81.2586 199.6684
81.2586 199.7295
81.2586 199.7578
81.2587 199.7642
81.2591 199.7050
81.2591 199.7344
81.2594 199.3002
81.2597 199.6858
81.2600 199.6826
81.2601 199.7379
81.2602 199.5169
81.2604 199.5286
81.2606 199.6795
81.2606 199.7202
81.2612 199.6479
81.2616 199.7085
81.2618 199.5889
81.2618 199.6638
81.2620 199.7144
81.2622 199.7642
81.2622 199.8067
81.2623 199.7247
81.2636 199.6913
81.2640 199.6067
81.2645 199.6817
81.2647 199.7648
81.2650 199.7882
81.2662 199.7210
81.2663 199.7361
81.2669 199.6576
81.2670 199.8481
81.2673 199.8140
81.2677 199.5167
81.2680 199.5317
81.2680 199.5924
81.2682 199.5635
81.2684 199.6655
81.2684 199.7494
81.2685 199.1323
81.2685 199.7466
81.2686 199.7436
81.2687 199.5623
81.2687 199.6322
81.2687 199.7086
81.2693 199.7275
81.2695 199.6517
81.2695 199.7598
81.2701 199.7610
81.2704 199.6013
81.2714 199.7401
81.2719 199.5736
81.2722 199.7149
81.2724 199.6769
81.2724 199.6960
81.2725 199.6543
81.2728 199.5973
81.2730 199.7247
81.2736 199.7341
81.2737 199.7008
81.2739 199.8624
81.2741 199.7220
81.2742 199.4379
81.2743 199.6484
81.2747 199.7585
81.2751 199.6794
81.2752 199.6110
81.2754 199.6315
81.2754 199.6895
81.2755 199.5650
81.2757 199.6769
81.2759 199.7462
81.2764 199.7110
81.2766 199.6861
81.2770 199.6223
81.2771 199.7131
81.2781 199.5552
81.2786 199.3846
81.2788 199.8840
81.2790 199.6762
81.2793 199.7404
81.2795 199.5063
81.2795 199.7044
81.2797 199.4853
81.2798 199.6143
81.2799 199.6252
81.2802 199.6856
81.2805 199.6374
81.2808 199.6805
81.2813 199.6383
81.2813 199.6537
81.2815 199.7172
81.2817 199.3979
81.2819 199.6275
81.2821 199.4942
81.2821 199.7036
81.2824 199.3915
81.2825 199.2812
81.2832 199.3673
81.2832 199.5866
81.2833 199.6309
81.2833 199.6673
81.2833 199.7064
81.2833 199.7307
81.2834 199.8142
81.2836 199.5708
81.2841 199.7397
81.2843 199.6415
81.2844 199.3741
81.2845 199.6896
81.2847 199.6316
81.2853 199.5969
81.2856 199.6381
81.2857 199.7128
81.2860 199.7070
81.2862 199.6276
81.2864 199.3843
81.2866 199.7335
81.2867 199.5226
81.2875 199.4833
81.2875 199.6342
81.2876 199.6909
81.2876 199.9019
81.2878 199.6663
81.2885 199.6849
81.2885 199.6998
81.2893 199.7129
81.2894 199.6656
81.2894 199.7124
81.2897 199.6831
81.2899 199.6893
81.2900 199.6937
81.2913 199.4822
81.2914 199.6931
81.2917 199.5431
81.2919 199.3271
81.2919 199.7120
81.2921 199.6728
81.2925 199.7383
81.2930 199.6837
81.2942 199.6771
81.2945 199.7395
81.2948 199.6530
81.2948 199.6767
81.2950 199.6894
81.2954 199.7296
81.2967 199.6774
81.2970 199.4057
81.2978 199.7452
81.2990 199.7542
81.2991 199.6697
81.2995 199.3354
81.2995 199.4148
81.2999 199.6866
81.3000 199.6572
81.3002 199.6923
81.3004 199.7929
81.3008 199.6550
81.3009 199.7123
81.3010 199.6690
81.3013 199.6628
81.3014 199.6967
81.3016 199.6873
81.3020 199.5783
81.3020 199.7592
81.3023 199.7243
81.3025 199.7076
81.3028 199.3247
81.3032 199.7056
81.3037 199.2011
81.3038 199.7088
81.3051 199.8440
81.3054 199.2223
81.3055 199.7874
81.3065 199.5812
81.3079 199.6614
81.3086 199.5179
81.3095 199.6305
81.3099 199.6252
81.3100 199.3036
81.3107 199.2909
81.3113 199.6477
81.3113 199.7242
81.3114 199.6213
81.3115 199.3587
81.3122 199.4677
81.3122 199.6299
81.3133 199.5915
81.3133 199.7208
81.3135 199.4857
81.3141 199.6993
81.3145 199.6460
81.3150 199.6768
81.3154 199.6670
81.3155 199.7509
81.3157 199.7473
81.3169 199.6787
81.3170 199.6266
81.3170 199.6558
81.3176 199.6661
81.3181 199.6548
81.3186 199.7109
81.3186 199.7708
81.3191 199.2957
81.3197 199.7328
81.3198 199.3037
81.3199 199.2406
81.3203 199.6937
81.3203 199.7418
81.3219 199.6040
81.3222 199.6585
81.3222 199.7362
81.3228 199.6128
81.3230 199.6825
81.3230 199.7613
81.3241 199.4351
81.3242 199.5338
81.3244 199.6902
81.3253 199.6845
81.3261 199.6130
81.3262 199.3350
81.3264 199.7276
81.3265 199.3707
81.3266 199.8870
81.3270 199.3472
81.3273 199.5581
81.3273 199.6840
81.3276 199.6335
81.3276 199.7308
81.3277 199.6926
81.3278 199.6193
81.3281 199.3068
81.3281 199.6883
81.3282 199.7415
81.3293 199.3582
81.3305 199.3735
81.3311 199.6912
81.3313 199.6673
81.3318 199.6146
81.3319 199.1594
81.3320 199.4843
81.3325 199.7145
81.3325 199.7664
81.3351 199.4312
81.3351 199.4718
81.3354 199.6318
81.3354 199.6974
81.3361 199.2820
81.3361 199.5986
81.3368 199.6646
81.3379 199.5608
81.3379 199.5961
81.3379 199.7266
81.3388 199.6631
81.3389 199.2811
81.3392 199.3387
81.3393 199.4588
81.3397 199.6679
81.3402 199.4080
81.3406 199.8023
81.3419 199.7345
81.3420 199.4793
81.3435 199.7230
81.3436 199.6781
81.3437 199.6238
81.3446 199.6203
81.3453 199.4296
81.3455 199.4726
81.3460 199.7254
81.3466 199.6865
81.3467 199.7140
81.3471 199.6449
81.3487 199.3082
81.3487 199.3087
81.3487 199.3263
81.3488 199.7721
81.3490 199.3004
81.3491 199.4387
81.3493 199.6372
81.3497 199.7395
81.3505 199.3160
81.3509 199.2742
81.3512 199.5597
81.3516 199.4865
81.3528 199.3302
81.3528 199.3939
81.3528 199.5326
81.3529 199.7331
81.3530 199.7948
81.3545 199.6915
81.3553 199.5644
81.3555 199.2889
81.3561 199.3558
81.3561 199.7111
81.3568 199.7472
81.3570 199.6417
81.3571 199.3474
81.3579 199.5255
81.3581 199.2714
81.3587 199.4174
81.3601 199.5322
81.3605 199.6532
81.3630 199.5670
81.3632 199.5298
81.3638 199.3232
81.3647 199.2075
81.3665 199.2742
81.3666 199.5506
81.3673 199.6126
81.3674 199.3645
81.3680 199.5162
81.3693 199.5872
81.3695 199.3355
81.3695 199.4014
81.3695 199.7170
81.3696 199.4424
81.3698 199.4483
81.3710 199.3862
81.3715 199.3305
81.3718 199.3221
81.3722 199.2361
81.3726 199.5697
81.3731 199.4258
81.3731 199.4906
81.3733 199.3501
81.3737 199.2877
81.3739 199.5997
81.3741 199.5533
81.3743 199.4953
81.3750 199.3336
81.3752 199.6354
81.3765 199.6216
81.3771 199.2763
81.3774 199.2732
81.3776 199.3668
81.3781 199.2010
81.3781 199.2707
81.3783 199.7437
81.3788 199.2714
81.3791 199.5927
81.3794 199.3019
81.3794 199.3031
81.3800 199.2908
81.3800 199.4642
81.3802 199.5315
81.3807 199.5030
81.3809 199.2754
81.3809 199.3128
81.3813 199.3334
81.3813 199.4767
81.3816 199.3667
81.3823 199.2765
81.3832 199.5236
81.3843 199.6782
81.3845 199.7281
81.3847 199.5156
81.3851 199.3489
81.3853 199.2911
81.3858 199.6777
81.3859 199.2276
81.3870 199.5527
81.3880 199.3152
81.3886 199.6586
81.3887 199.3047
81.3888 199.1905
81.3902 199.2297
81.3907 199.4548
81.3911 199.3397
81.3914 199.3042
81.3915 199.2040
81.3915 199.3787
81.3915 199.4170
81.3916 199.3299
81.3916 199.6037
81.3918 199.2870
81.3926 199.2250
81.3927 199.5496
81.3934 199.3230
81.3937 199.3649
81.3938 199.2434
81.3938 199.5960
81.3942 199.2196
81.3955 199.2305
81.3957 199.2506
81.3957 199.2794
81.3958 199.6166
81.3960 199.3607
81.3961 199.5402
81.3968 199.3905
81.3972 199.5299
81.3979 199.6754
81.3980 199.6816
81.3981 199.2997
81.3983 199.1861
81.3984 199.5251
81.3991 199.3036
81.3994 199.3158
81.3994 199.6191
81.3995 199.2328
81.3998 199.4527
81.3998 199.4803
81.4001 199.2406
81.4004 199.2569
81.4004 199.3345
81.4013 199.3678
81.4021 199.7332
81.4023 199.3773
81.4024 199.2401
81.4025 199.6579
81.4026 199.7164
81.4028 199.3613
81.4035 199.2773
81.4036 199.2756
81.4039 199.4208
81.4041 199.3783
81.4043 199.8146
81.4044 199.4563
81.4047 199.5221
81.4052 199.7088
81.4057 199.7200
81.4058 199.3474
81.4061 199.2583
81.4071 199.3778
81.4074 199.2926
81.4077 199.6414
81.4086 199.3033
81.4088 199.2921
81.4091 199.2516
81.4101 199.2266
81.4102 199.3666
81.4104 199.4931
81.4108 199.3878
81.4108 199.6106
81.4111 199.5843
81.4115 199.2977
81.4115 199.5281
81.4118 199.2391
81.4124 199.3314
81.4125 199.5365
81.4133 199.2240
81.4142 199.4385
81.4147 199.7179
81.4148 199.6609
81.4159 199.6199
81.4161 199.3435
81.4165 199.4025
81.4167 199.4928
81.4170 199.2661
81.4170 199.3931
81.4174 199.5360
81.4179 199.2681
81.4180 199.3092
81.4180 199.6416
81.4190 199.7487
81.4191 199.1783
81.4204 199.4343
81.4211 199.4726
81.4223 199.2600
81.4224 199.5985
81.4227 199.2530
81.4230 199.2804
81.4234 199.6103
81.4235 199.2138
81.4237 199.2396
81.4239 199.4647
81.4241 199.3239
81.4243 199.5791
81.4248 199.2361
81.4252 199.2486
81.4253 199.4820
81.4255 199.7378
81.4258 199.2665
81.4259 199.4341
81.4268 199.3297
81.4269 199.3054
81.4278 199.4170
81.4283 199.3370
81.4284 199.4702
81.4289 199.2131
81.4300 199.4843
81.4301 199.4659
81.4304 199.2691
81.4305 199.5964
81.4310 199.2551
81.4310 199.6346
81.4312 199.2937
81.4313 199.3462
81.4314 199.3154
81.4321 199.3060
81.4323 199.4760
81.4324 199.3090
81.4340 199.2801
81.4342 199.5494
81.4350 199.3058
81.4352 199.6239
81.4356 199.3032
81.4362 199.3175
81.4372 199.2969
81.4382 199.3501
81.4384 199.3335
81.4396 199.2770
81.4398 199.5791
81.4402 199.5158
81.4408 199.1834
81.4410 199.2607
81.4416 199.4885
81.4419 199.2165
81.4419 199.5195
81.4420 199.3274
81.4423 199.4045
81.4438 199.4593
81.4440 199.6329
81.4441 199.5016
81.4448 199.6223
81.4457 199.5774
81.4464 199.5785
81.4472 199.6230
81.4475 199.4239
81.4477 199.6534
81.4478 199.3759
81.4482 199.4647
81.4485 199.5634
81.4488 199.3515
81.4497 199.5410
81.4509 199.3384
81.4513 199.5612
81.4516 199.4562
81.4517 199.5802
81.4519 199.4004
81.4522 199.5668
81.4523 199.3651
81.4524 199.4723
81.4527 199.2828
81.4527 199.5527
81.4528 199.1624
81.4531 199.6063
81.4535 199.2524
81.4535 199.4329
81.4543 199.3078
81.4550 199.4706
81.4552 199.3132
81.4558 199.5960
81.4561 199.4982
81.4562 199.4520
81.4563 199.5492
81.4565 199.3127
81.4575 199.5347
81.4578 199.3021
81.4579 199.5502
81.4582 199.4382
81.4589 199.3309
81.4596 199.4369
81.4600 199.3362
81.4602 199.3012
81.4606 199.2806
81.4610 199.4730
81.4625 199.5836
81.4644 199.2599
81.4651 199.6031
81.4656 199.2339
81.4656 199.4955
81.4656 199.5665
81.4679 199.3013
81.4679 199.4548
81.4682 199.4540
81.4682 199.5654
81.4690 199.2845
81.4693 199.4965
81.4696 199.4581
81.4698 199.5912
81.4699 199.5559
81.4707 199.2338
81.4709 199.2641
81.4715 199.5885
81.4718 199.2335
81.4722 199.6226
81.4724 199.2717
81.4738 199.3053
81.4743 199.3565
81.4743 199.5560
81.4747 199.2907
81.4753 199.6253
81.4756 199.3799
81.4762 199.2897
81.4762 199.3895
81.4762 199.5690
81.4769 199.4829
81.4774 199.6327
81.4775 199.5767
81.4779 199.2670
81.4779 199.3079
81.4780 199.6195
81.4783 199.3262
81.4786 199.3528
81.4796 199.6225
81.4801 199.5291
81.4805 199.2318
81.4807 199.2243
81.4807 199.5590
81.4812 199.5764
81.4845 199.2819
81.4849 199.5973
81.4854 199.4735
81.4867 199.5457
81.4868 199.5909
81.4874 199.3360
81.4876 199.6249
81.4877 199.5631
81.4893 199.5524
81.4894 199.6596
81.4896 199.6155
81.4904 199.5033
81.4911 199.5266
81.4916 199.5767
81.4918 199.2759
81.4922 199.5757
81.4923 199.2671
81.4924 199.5426
81.4926 199.2542
81.4926 199.5882
81.4928 199.5861
81.4931 199.5446
81.4936 199.2338
81.4938 199.2275
81.4943 199.3914
81.4944 199.1829
81.4950 199.5328
81.4953 199.5315
81.4954 199.6156
81.4960 199.2922
81.4966 199.5897
81.4968 199.6278
81.4969 199.2737
81.4972 199.6821
81.4979 199.7555
81.4981 199.3248
81.4983 199.5905
81.4989 199.5205
81.4996 199.5180
81.4999 199.5427
81.4999 199.5952
81.5002 199.3042
81.5003 199.5783
81.5007 199.2470
81.5007 199.6972
81.5020 199.5313
81.5021 199.5394
81.5032 199.3568
81.5032 199.5731
81.5035 199.6142
81.5043 199.5365
81.5049 199.5388
81.5056 199.5285
81.5068 199.5187
81.5077 199.5275
81.5078 199.5232
81.5084 199.2644
81.5086 199.5481
81.5089 199.5508
81.5092 199.3064
81.5094 199.3840
81.5102 199.6156
81.5119 199.6107
81.5120 199.5095
81.5125 199.6127
81.5128 199.5057
81.5131 199.5965
81.5141 199.7967
81.5146 199.5247
81.5154 199.5321
81.5155 199.5731
81.5168 199.5418
81.5174 199.6543
81.5175 199.5648
81.5175 199.6216
81.5177 199.6699
81.5183 199.5601
81.5194 199.5439
81.5198 199.6360
81.5209 199.5519
81.5217 199.6081
81.5229 199.4163
81.5232 199.5321
81.5237 199.6226
81.5258 199.6037
81.5265 199.5313
81.5267 199.5852
81.5290 199.6144
81.5293 199.5304
81.5295 199.5811
81.5297 199.5509
81.5298 199.5397
81.5304 199.5416
81.5305 199.6232
81.5307 199.5363
81.5319 199.5972
81.5320 199.2402
81.5321 199.4080
81.5329 199.3192
81.5331 199.3330
81.5333 199.5016
81.5337 199.5716
81.5338 199.6006
81.5341 199.5324
81.5346 199.6292
81.5351 199.5881
81.5358 199.5141
81.5367 199.5851
81.5376 199.5744
81.5379 199.6075
81.5382 199.5004
81.5387 199.6445
81.5388 199.5315
81.5388 199.5822
81.5393 199.6124
81.5407 199.6502
81.5411 199.6082
81.5421 199.6146
81.5423 199.6263
81.5424 199.5609
81.5444 199.5386
81.5446 199.6255
81.5461 199.3788
81.5466 199.5754
81.5471 199.5655
81.5473 199.6308
81.5486 199.5308
81.5491 199.5515
81.5493 199.5502
81.5506 199.5739
81.5510 199.5465
81.5511 199.5899
81.5516 199.2222
81.5519 199.4695
81.5522 199.5521
81.5540 199.5917
81.5574 199.5782
81.5577 199.4788
81.5587 199.6047
81.5596 199.5817
81.5602 199.5651
81.5605 199.5666
81.5639 199.5230
81.5642 199.5042
81.5654 199.5859
81.5659 199.2500
81.5715 199.4825
81.5767 199.6469
81.5784 199.5689
81.5789 199.5682
81.5791 199.5661
81.5793 199.5284
81.5811 199.5490
81.5816 199.6881
81.5831 199.5524
81.5833 199.2360
81.5834 199.5553
81.5840 199.5144
81.5882 199.5508
81.5887 199.5428
81.5900 199.5000
81.5904 199.5733
81.5909 199.6018
81.5909 199.6068
81.5917 199.5042
81.5918 199.5645
81.5925 199.4227
81.5925 199.5885
81.5964 199.5397
81.5977 199.4602
81.6013 199.3639
81.6041 199.5498
81.6068 199.4921
81.6089 199.6160
81.6116 199.5134
81.6140 199.5336
81.6204 199.4069
81.6205 199.6471
81.6219 199.5446
81.6254 199.4353
81.6255 199.5306
81.6313 199.5490
81.6359 199.3089
81.6387 199.2959
81.6547 199.5553
81.6703 199.4970
81.6929 199.5716
