53.2414 194.6243
53.2478 194.6946
53.2612 194.6672
53.2735 194.6823
53.2910 194.7353
53.2948 194.7137
53.2960 194.9306
53.2993 194.7464
53.3098 194.6523
53.3151 194.5934
53.3196 194.7182
53.3207 194.8016
53.3217 194.6878
53.3238 194.6404
53.3275 194.7751
53.3277 194.7021
53.3277 194.7093
53.3287 194.7262
53.3296 194.8520
53.3307 194.7378
53.3320 194.6202
53.3327 194.8703
53.3355 194.6929
53.3374 194.6007
53.3387 194.8128
53.3459 194.6505
53.3462 194.7292
53.3465 194.7038
53.3497 194.7772
53.3507 194.6397
53.3520 194.6473
53.3532 194.6785
53.3548 194.5644
53.3565 194.6239
53.3570 194.7215
53.3573 194.7847
53.3590 194.7687
53.3636 194.8055
53.3706 194.6873
53.3715 194.6015
53.3724 194.7083
53.3729 194.7832
53.3760 194.6796
53.3766 194.6565
53.3769 194.7594
53.3774 194.6816
53.3779 194.7842
53.3795 194.7152
53.3813 194.6630
53.3813 194.6949
53.3814 194.7212
53.3818 194.6621
53.3841 194.7013
53.3849 194.6430
53.3854 194.6774
53.3862 194.8200
53.3871 194.7540
53.3881 194.7202
53.3889 194.6797
53.3901 194.7105
53.3902 194.6295
53.3912 194.7299
53.3915 194.6504
53.3931 194.6580
53.3933 194.7415
53.3937 194.5886
53.3939 194.7226
53.3944 194.7630
53.3948 194.7125
53.3962 194.8427
53.3963 194.6552
53.3967 194.7635
53.3975 194.5236
53.3975 194.7411
53.3982 194.6266
53.3982 194.6385
53.3985 194.6920
53.3994 194.7252
53.4002 194.7091
53.4006 194.6596
53.4007 194.6801
53.4008 194.7099
53.4009 194.7124
53.4014 194.5707
53.4020 194.7617
53.4029 194.7674
53.4034 194.7353
53.4039 194.6463
53.4049 194.6394
53.4056 194.6892
53.4065 194.7741
53.4083 194.7258
53.4085 194.8854
53.4087 194.6086
53.4089 194.7403
53.4090 194.6577
53.4091 194.6899
53.4110 194.6342
53.4126 194.7159
53.4130 194.7027
53.4144 194.7050
53.4149 194.6650
53.4150 194.6859
53.4159 194.5346
53.4160 194.6131
53.4169 194.7650
53.4181 194.7179
53.4198 194.7585
53.4202 194.7182
53.4203 194.6975
53.4204 194.7110
53.4206 194.7415
53.4207 194.7177
53.4214 194.6165
53.4222 194.6112
53.4227 194.5360
53.4232 194.6985
53.4240 194.6690
53.4241 194.7021
53.4248 194.6850
53.4253 194.6310
53.4256 194.7014
53.4260 194.7059
53.4271 194.6754
53.4277 194.6939
53.4294 194.7621
53.4302 194.7161
53.4307 194.5056
53.4308 194.7481
53.4331 194.7276
53.4336 194.7536
53.4347 195.0264
53.4363 194.6414
53.4365 194.6629
53.4368 194.6315
53.4373 194.5766
53.4392 194.6513
53.4402 194.6218
53.4403 194.6462
53.4413 194.7209
53.4423 194.6620
53.4423 194.7550
53.4457 194.7718
53.4458 194.6482
53.4482 194.7274
53.4491 194.6628
53.4515 194.5064
53.4525 194.7057
53.4547 194.6504
53.4553 194.8063
53.4578 194.7106
53.4580 194.4682
53.4590 194.6043
53.4598 194.7364
53.4601 194.6264
53.4601 194.6663
53.4606 194.7579
53.4613 194.7264
53.4615 194.5384
53.4618 194.8237
53.4619 194.3910
53.4622 194.8997
53.4623 194.7344
53.4634 194.6552
53.4638 194.7119
53.4653 194.7512
53.4664 194.6017
53.4670 194.6586
53.4672 194.6887
53.4693 194.6300
53.4693 194.8402
53.4697 194.6961
53.4711 194.7274
53.4722 194.7212
53.4739 194.6413
53.4769 194.6242
53.4780 194.6102
53.4781 194.6845
53.4781 194.9436
53.4795 194.5006
53.4795 194.5451
53.4805 194.6055
53.4805 194.8387
53.4810 194.3826
53.4813 194.7909
53.4822 194.7057
53.4826 194.6578
53.4832 194.7685
53.4838 194.9205
53.4838 194.9447
53.4844 194.6959
53.4850 194.6687
53.4856 194.7292
53.4860 194.6656
53.4880 194.9001
53.4886 194.6786
53.4892 194.7750
53.4896 194.7759
53.4903 194.8097
53.4906 194.7107
53.4907 194.7063
53.4908 194.6304
53.4928 194.4605
53.4928 194.7125
53.4930 194.8944
53.4937 194.8245
53.4941 194.8459
53.4943 194.4740
53.4944 194.6195
53.4949 194.7988
53.4963 194.4411
53.4963 194.6101
53.4967 194.7781
53.4973 194.5542
53.4976 194.6876
53.4982 194.8015
53.4987 194.4982
53.4992 194.6087
53.4999 194.4775
53.5000 194.5405
53.5008 194.4662
53.5010 194.5779
53.5019 194.8735
53.5020 194.7858
53.5021 194.4368
53.5021 194.8481
53.5031 194.9183
53.5037 194.4830
53.5039 194.5047
53.5042 194.4594
53.5042 194.6522
53.5048 194.4835
53.5055 194.6788
53.5055 194.7778
53.5060 194.7399
53.5068 194.6754
53.5084 194.9133
53.5086 194.6338
53.5096 194.5783
53.5096 194.7902
53.5100 194.8273
53.5102 194.8173
53.5104 194.7946
53.5105 194.9116
53.5106 194.5287
53.5106 194.6330
53.5107 194.6455
53.5122 194.8979
53.5126 194.5986
53.5126 194.6244
53.5127 194.8586
53.5139 194.5038
53.5150 194.8135
53.5168 194.4661
53.5171 194.6817
53.5177 194.6053
53.5180 194.9173
53.5191 194.5949
53.5191 195.0217
53.5195 194.5794
53.5207 194.8923
53.5224 194.9031
53.5229 194.8013
53.5232 194.7320
53.5234 194.5877
53.5245 194.5973
53.5266 194.4682
53.5267 194.7471
53.5270 194.9169
53.5275 194.4580
53.5280 194.8864
53.5284 194.6234
53.5293 194.6783
53.5304 194.8682
53.5305 194.9283
53.5306 194.4860
53.5310 194.8708
53.5318 194.5197
53.5340 194.6839
53.5343 194.6354
53.5343 194.8823
53.5355 194.6711
53.5366 194.8669
53.5367 194.6249
53.5374 194.5509
53.5375 194.8508
53.5378 194.5214
53.5382 194.8805
53.5393 194.9190
53.5395 194.4918
53.5398 194.8647
53.5399 194.7592
53.5407 194.8590
53.5412 194.6684
53.5414 194.8828
53.5424 194.5801
53.5427 194.8307
53.5432 194.5116
53.5434 194.8205
53.5437 194.9901
53.5440 194.8556
53.5441 194.5293
53.5442 194.8138
53.5443 194.8616
53.5447 194.9058
53.5451 194.8643
53.5452 194.6340
53.5468 194.5543
53.5468 194.5970
53.5482 194.5278
53.5485 194.8401
53.5488 194.9643
53.5498 194.5046
53.5499 194.5048
53.5499 194.9206
53.5511 194.7350
53.5524 194.8685
53.5530 194.4468
53.5536 194.4880
53.5541 194.9097
53.5543 194.8559
53.5552 194.4651
53.5553 194.5243
53.5562 194.7593
53.5578 194.8496
53.5579 194.4088
53.5581 194.5042
53.5582 194.9634
53.5583 194.6478
53.5584 194.5228
53.5586 194.8470
53.5589 194.3792
53.5596 194.5095
53.5597 194.9019
53.5602 194.8124
53.5603 194.5260
53.5611 194.9758
53.5619 194.5411
53.5620 194.5329
53.5622 194.5491
53.5624 194.5174
53.5625 194.4696
53.5625 194.8788
53.5629 194.4760
53.5631 194.5547
53.5639 194.8428
53.5645 194.4586
53.5645 194.7619
53.5649 194.4930
53.5650 194.8907
53.5651 194.5083
53.5652 195.0155
53.5657 194.4534
53.5661 194.5950
53.5671 194.7967
53.5672 194.8609
53.5674 194.9084
53.5675 194.5739
53.5678 194.5065
53.5678 194.8668
53.5682 194.7528
53.5687 194.5035
53.5689 194.4586
53.5689 194.9241
53.5694 194.4324
53.5694 194.4959
53.5694 194.9294
53.5699 194.3771
53.5699 194.5171
53.5708 194.8415
53.5713 194.9023
53.5716 194.5125
53.5717 194.9271
53.5719 194.9051
53.5728 194.7458
53.5738 194.9021
53.5739 194.7151
53.5741 194.5397
53.5744 194.5114
53.5746 194.7195
53.5748 194.8882
53.5751 194.9554
53.5753 195.0060
53.5757 194.9103
53.5758 194.9106
53.5759 194.3639
53.5759 194.7085
53.5761 194.7655
53.5764 194.8798
53.5765 194.4876
53.5765 194.8589
53.5768 194.4457
53.5770 194.4606
53.5770 194.6713
53.5770 194.7103
53.5783 194.8833
53.5783 194.9299
53.5786 194.8249
53.5790 194.8206
53.5797 194.7196
53.5799 194.9801
53.5810 194.7164
53.5815 194.8710
53.5816 194.5829
53.5817 194.9604
53.5826 194.8858
53.5829 194.4827
53.5836 194.9459
53.5855 194.4866
53.5859 194.7647
53.5861 194.7874
53.5867 194.4603
53.5868 194.4639
53.5872 194.9308
53.5875 194.7199
53.5876 194.8358
53.5876 194.9346
53.5880 194.8514
53.5886 194.4329
53.5886 194.5314
53.5889 194.4032
53.5891 194.9639
53.5892 194.7135
53.5896 194.5289
53.5896 194.7178
53.5898 194.9540
53.5905 194.4510
53.5905 194.5760
53.5906 194.4734
53.5908 194.7884
53.5916 194.7735
53.5920 194.4704
53.5925 194.4997
53.5930 194.5536
53.5933 194.9016
53.5936 194.9047
53.5937 194.5463
53.5938 194.3968
53.5939 194.5294
53.5940 194.7428
53.5942 194.8108
53.5945 194.6224
53.5945 194.7793
53.5946 194.5131
53.5946 194.8959
53.5955 194.7750
53.5956 194.4515
53.5961 194.5591
53.5963 194.5219
53.5966 194.7226
53.5978 194.5457
53.5979 194.8396
53.5979 194.8876
53.5981 194.5703
53.5981 194.9502
53.5987 194.9450
53.5988 194.6681
53.5990 194.9610
53.5990 194.9931
53.5992 194.7861
53.5992 194.8962
53.5992 194.9073
53.5995 194.8946
53.5999 194.8731
53.6000 194.8416
53.6003 194.9023
53.6004 194.5192
53.6009 194.4422
53.6009 194.4955
53.6011 194.5249
53.6022 194.6918
53.6022 194.9568
53.6023 194.5521
53.6027 194.4746
53.6029 194.8683
53.6031 194.5041
53.6032 194.7690
53.6035 194.7872
53.6036 194.4602
53.6040 194.9077
53.6044 194.3740
53.6047 194.8454
53.6048 194.5319
53.6050 194.6630
53.6054 194.8812
53.6055 194.5236
53.6057 194.8017
53.6058 194.8576
53.6059 194.7196
53.6064 194.5132
53.6064 194.8847
53.6065 194.4112
53.6069 194.5024
53.6071 194.8493
53.6074 194.6303
53.6076 194.4856
53.6078 194.5213
53.6078 194.5827
53.6078 194.8543
53.6079 194.6107
53.6079 194.8108
53.6086 194.9000
53.6087 194.9063
53.6101 194.6948
53.6113 194.8290
53.6116 194.5748
53.6119 194.6086
53.6120 194.6539
53.6121 194.7413
53.6121 194.9263
53.6122 194.9515
53.6130 194.6223
53.6133 194.8763
53.6134 194.4860
53.6134 194.5556
53.6141 194.8091
53.6145 194.7847
53.6148 194.8748
53.6155 194.4082
53.6155 194.7671
53.6156 194.5057
53.6157 194.4899
53.6157 194.8671
53.6161 194.7797
53.6163 194.8296
53.6164 194.3920
53.6164 194.5363
53.6167 194.4179
53.6170 194.8212
53.6174 194.4489
53.6184 194.8416
53.6185 194.7253
53.6186 194.4495
53.6186 194.4870
53.6190 194.5161
53.6192 194.8002
53.6193 194.8244
53.6194 194.8578
53.6196 194.8254
53.6202 194.7880
53.6205 194.4660
53.6209 194.7379
53.6210 194.8687
53.6211 194.4587
53.6212 194.4450
53.6214 194.5394
53.6214 194.6135
53.6215 194.8459
53.6215 194.8814
53.6217 194.4209
53.6217 194.9089
53.6222 195.0229
53.6223 194.9165
53.6235 194.4811
53.6237 194.7777
53.6237 194.8636
53.6237 194.8697
53.6237 194.8870
53.6238 194.4746
53.6238 194.8528
53.6240 194.4228
53.6240 194.8143
53.6242 194.4899
53.6245 194.7207
53.6245 194.8448
53.6249 194.7324
53.6253 194.8713
53.6253 194.9156
53.6260 194.8536
53.6260 194.9143
53.6262 194.6290
53.6265 194.7523
53.6267 194.5033
53.6268 194.8410
53.6268 195.0393
53.6276 194.7039
53.6278 194.6783
53.6280 194.5212
53.6287 194.5731
53.6288 194.9089
53.6291 194.4368
53.6291 195.0146
53.6300 194.5388
53.6302 194.5579
53.6303 194.4985
53.6303 194.8556
53.6304 194.9097
53.6306 194.8982
53.6310 194.5218
53.6311 194.4607
53.6313 194.8842
53.6315 194.7871
53.6316 194.9028
53.6328 194.8914
53.6329 194.9522
53.6333 194.4802
53.6337 194.9033
53.6344 194.4573
53.6345 194.4460
53.6349 194.9013
53.6356 194.8951
53.6358 194.9246
53.6360 194.8287
53.6361 194.5813
53.6362 194.5296
53.6362 194.8912
53.6362 194.9329
53.6363 194.9185
53.6366 194.4054
53.6366 194.8075
53.6369 194.8376
53.6372 194.5118
53.6379 194.8218
53.6391 194.9038
53.6393 194.5619
53.6397 194.7187
53.6397 194.9227
53.6402 194.9364
53.6403 194.4769
53.6407 194.8494
53.6416 194.7993
53.6422 194.4912
53.6427 194.4782
53.6435 194.8682
53.6435 194.9387
53.6439 194.9008
53.6445 194.7932
53.6448 194.9314
53.6452 194.6161
53.6460 194.9826
53.6462 194.5644
53.6466 194.9502
53.6467 194.5548
53.6481 194.7174
53.6487 194.8658
53.6491 194.9653
53.6492 194.9072
53.6495 194.4534
53.6500 194.9583
53.6503 194.7754
53.6518 194.4447
53.6521 194.8756
53.6523 194.8076
53.6527 194.8169
53.6527 194.9231
53.6531 194.8964
53.6536 194.4518
53.6536 194.9107
53.6538 194.5675
53.6549 194.5604
53.6551 194.8969
53.6552 194.5037
53.6554 194.4874
53.6556 194.5045
53.6557 194.4093
53.6564 194.9234
53.6573 194.5533
53.6575 194.4604
53.6575 194.8658
53.6581 194.7628
53.6585 194.5365
53.6585 194.8064
53.6589 194.5029
53.6589 194.7257
53.6590 194.7540
53.6595 194.3253
53.6601 194.8384
53.6601 194.9279
53.6602 194.8743
53.6602 194.9394
53.6604 194.4291
53.6606 194.8714
53.6609 194.5628
53.6611 194.4332
53.6617 194.8140
53.6619 195.0360
53.6634 194.7107
53.6641 194.4192
53.6648 194.5750
53.6651 194.8714
53.6655 194.8533
53.6655 194.8817
53.6669 194.4996
53.6671 194.5321
53.6672 194.9082
53.6673 194.4802
53.6673 194.8603
53.6675 194.8898
53.6681 194.4612
53.6681 194.5504
53.6682 194.7928
53.6695 194.5583
53.6697 194.7503
53.6708 194.7567
53.6714 194.5027
53.6724 194.9367
53.6725 194.4245
53.6727 194.9393
53.6730 194.8440
53.6731 194.5457
53.6747 194.8001
53.6756 194.8121
53.6776 194.7413
53.6785 194.8662
53.6785 194.9901
53.6788 194.5548
53.6794 194.4680
53.6795 194.4610
53.6799 194.5224
53.6800 194.8363
53.6828 194.4702
53.6828 194.8683
53.6832 194.5377
53.6837 194.8724
53.6839 194.5273
53.6840 194.8649
53.6842 194.5640
53.6845 194.8648
53.6862 194.9620
53.6881 194.5071
53.6882 194.5378
53.6883 194.8681
53.6884 194.7139
53.6884 195.0143
53.6887 194.8900
53.6897 194.4625
53.6897 194.9281
53.6904 194.8588
53.6905 194.8783
53.6917 194.8783
53.6924 194.7799
53.6928 194.6143
53.6930 194.5358
53.6932 194.5862
53.6936 194.5281
53.6936 194.6816
53.6937 194.8503
53.6938 194.9252
53.6941 194.9381
53.6955 194.7780
53.6967 194.6917
53.6971 194.4778
53.6972 194.4333
53.6975 194.7545
53.6976 194.9214
53.6978 194.9543
53.6981 194.5403
53.6982 194.5069
53.7000 194.8904
53.7006 194.4834
53.7006 194.7919
53.7007 194.9014
53.7014 194.8340
53.7031 194.9344
53.7034 194.8824
53.7041 194.6332
53.7042 194.3831
53.7057 194.8275
53.7058 194.5468
53.7061 194.5663
53.7063 194.8969
53.7069 194.7386
53.7072 194.4576
53.7079 194.7815
53.7083 194.8667
53.7088 194.9226
53.7099 194.4883
53.7105 194.7719
53.7106 194.9391
53.7107 194.5586
53.7145 194.5965
53.7151 194.7606
53.7157 194.6737
53.7164 194.8074
53.7165 194.5923
53.7167 194.9114
53.7169 194.6389
53.7174 194.4915
53.7190 194.6522
53.7195 194.4913
53.7198 194.7929
53.7200 194.8607
53.7203 194.4071
53.7206 194.8988
53.7223 194.5877
53.7233 194.9213
53.7234 194.8711
53.7238 194.7135
53.7248 194.7164
53.7251 194.6790
53.7253 194.4564
53.7254 194.6385
53.7258 194.6647
53.7260 194.6549
53.7270 194.7542
53.7280 194.7565
53.7290 194.6585
53.7292 194.8775
53.7293 194.8912
53.7311 194.6255
53.7328 194.3734
53.7354 194.6744
53.7367 194.6299
53.7368 194.6902
53.7395 194.8348
53.7397 194.8393
53.7400 194.7414
53.7407 194.6426
53.7409 194.6484
53.7426 194.8659
53.7427 194.5604
53.7432 194.8267
53.7457 194.6664
53.7464 194.7439
53.7466 194.7215
53.7469 194.7629
53.7474 194.7487
53.7478 194.6092
53.7495 194.9155
53.7502 194.7850
53.7511 194.6677
53.7525 194.6908
53.7527 194.7079
53.7535 194.6211
53.7535 194.7483
53.7535 194.8614
53.7542 194.6545
53.7546 194.9108
53.7554 194.6722
53.7560 194.6044
53.7563 194.6549
53.7568 194.7228
53.7572 194.5757
53.7574 194.6511
53.7599 194.9101
53.7614 194.7380
53.7617 194.5377
53.7619 194.9515
53.7625 194.6191
53.7625 194.6985
53.7626 194.7157
53.7627 194.6964
53.7637 194.5117
53.7638 194.6559
53.7639 194.5236
53.7651 194.6847
53.7652 194.9268
53.7654 194.7284
53.7665 194.5960
53.7679 194.5624
53.7681 194.6319
53.7682 194.5813
53.7686 194.9963
53.7692 194.5945
53.7696 194.5813
53.7701 194.5809
53.7707 194.5966
53.7707 194.7448
53.7724 194.4463
53.7736 194.5432
53.7739 194.6401
53.7757 194.5945
53.7769 194.6513
53.7769 194.6713
53.7771 194.6245
53.7793 194.6503
53.7810 194.6160
53.7814 194.6757
53.7816 194.5406
53.7830 194.5917
53.7835 194.6828
53.7836 194.7293
53.7838 194.6210
53.7848 194.7837
53.7854 194.7092
53.7866 194.7456
53.7879 194.7273
53.7883 194.9294
53.7890 194.6816
53.7922 194.5632
53.7925 194.5417
53.7930 194.5914
53.7932 194.8612
53.7949 194.4966
53.7954 194.5651
53.7965 194.5715
53.7977 194.7567
53.7981 194.5969
53.7993 194.7255
53.7999 194.6205
53.8004 194.6352
53.8006 194.3921
53.8010 194.9424
53.8011 194.6111
53.8014 194.6344
53.8016 194.6618
53.8017 194.6851
53.8018 194.4534
53.8018 194.6736
53.8020 194.6186
53.8023 194.7418
53.8029 194.5983
53.8041 194.6199
53.8047 194.7305
53.8051 194.5024
53.8057 194.5583
53.8093 194.7363
53.8098 194.6075
53.8103 194.5952
53.8124 194.6836
53.8130 194.6463
53.8137 194.6271
53.8140 194.6255
53.8147 194.6456
53.8160 194.7506
53.8171 194.6443
53.8173 194.5961
53.8179 194.6572
53.8186 194.6347
53.8190 194.7555
53.8193 194.7117
53.8207 194.6468
53.8214 194.6610
53.8215 194.6690
53.8219 194.5593
53.8261 194.5327
53.8270 194.6513
53.8295 194.5455
53.8304 194.5976
53.8313 194.5454
53.8314 194.7346
53.8316 194.5106
53.8335 194.5314
53.8342 194.6939
53.8345 194.5988
53.8357 194.6377
53.8389 194.6347
53.8396 194.5286
53.8400 194.6313
53.8404 194.7396
53.8414 194.6356
53.8424 194.6301
53.8429 194.7067
53.8431 194.6178
53.8432 194.6144
53.8436 194.5812
53.8438 194.6110
53.8451 194.8279
53.8454 194.7147
53.8456 194.7463
53.8460 194.5821
53.8470 194.6693
53.8471 194.5611
53.8471 194.7207
53.8484 194.8480
53.8490 194.5076
53.8492 194.5668
53.8493 194.5782
53.8498 194.6416
53.8507 194.7310
53.8530 194.6558
53.8556 194.5816
53.8561 194.6439
53.8567 194.6373
53.8576 194.6251
53.8606 194.6912
53.8619 194.6747
53.8621 194.4359
53.8622 194.7164
53.8627 194.6275
53.8630 194.7315
53.8643 194.6266
53.8645 194.6698
53.8648 194.8025
53.8652 194.6109
53.8661 194.6719
53.8673 194.5756
53.8679 194.5955
53.8691 194.5435
53.8717 194.6670
53.8731 194.7220
53.8731 194.7358
53.8747 194.5772
53.8756 194.8344
53.8758 194.7163
53.8773 194.8497
53.8786 194.6282
53.8795 194.5831
53.8813 194.5293
53.8859 194.5720
53.8891 194.6903
53.8894 194.4734
53.8961 194.5510
53.8964 194.7108
53.8972 194.7164
53.9015 194.7389
53.9038 194.6467
53.9131 194.6074
53.9225 194.8638
53.9231 194.7182
53.9247 194.5967
53.9251 194.6524
53.9321 194.4817
53.9349 194.6652
53.9363 194.5212
53.9522 194.6237
53.9573 194.7642
