10.8566 101.9885
10.8633 101.9013
10.8641 101.9432
10.8653 101.9293
10.8664 101.9584
10.8774 101.8557
10.8785 101.8409
10.8791 101.9542
10.8820 102.1883
10.8878 102.1809
10.8895 101.9574
10.8917 101.8885
10.8921 101.9476
10.8945 102.1753
10.8967 101.9088
10.8967 101.9129
10.9033 102.0434
10.9062 101.9123
10.9063 101.8892
10.9072 101.9177
10.9079 101.9380
10.9090 102.1098
10.9109 101.9702
10.9114 102.2240
10.9143 101.8840
10.9157 101.9225
10.9159 101.8963
10.9172 102.0581
10.9193 101.9403
10.9200 101.9343
10.9234 101.9155
10.9249 101.9113
10.9251 101.8938
10.9253 101.9269
10.9258 101.9842
10.9262 101.8703
10.9270 101.7983
10.9294 101.9554
10.9305 102.1134
10.9305 102.1897
10.9319 101.8804
10.9343 102.1845
10.9343 102.1900
10.9345 101.8846
10.9349 101.9847
10.9359 101.9067
10.9364 101.9638
10.9374 101.9178
10.9384 101.8973
10.9403 101.9361
10.9434 102.1854
10.9447 101.7886
10.9456 102.1251
10.9457 101.9505
10.9471 101.9868
10.9471 102.1550
10.9487 101.9896
10.9489 101.8733
10.9490 102.1026
10.9510 101.8015
10.9527 101.9450
10.9532 102.2463
10.9537 101.9349
10.9544 101.9560
10.9547 101.9470
10.9554 102.1431
10.9561 102.1228
10.9561 102.1499
10.9593 101.8766
10.9599 101.9525
10.9622 101.9635
10.9625 101.9479
10.9630 102.0469
10.9645 102.1572
10.9653 102.0918
10.9655 102.1287
10.9657 102.2427
10.9665 102.0968
10.9672 101.9217
10.9676 101.9224
10.9677 101.8989
10.9682 102.2146
10.9683 102.1206
10.9683 102.1431
10.9687 102.1709
10.9690 102.1258
10.9699 101.9621
10.9701 101.9786
10.9701 101.9890
10.9714 101.9171
10.9721 101.9056
10.9721 102.1525
10.9722 101.9121
10.9727 102.1785
10.9728 102.1400
10.9731 101.9598
10.9737 101.9634
10.9743 102.1501
10.9745 101.8547
10.9746 101.9091
10.9753 101.9648
10.9758 101.8633
10.9763 101.8357
10.9763 101.9746
10.9765 102.2415
10.9771 101.9532
10.9779 101.8868
10.9780 101.9368
10.9783 102.2843
10.9790 101.9503
10.9790 102.1190
10.9793 102.1597
10.9795 101.7166
10.9797 102.2205
10.9798 101.9529
10.9801 101.8720
10.9806 101.9678
10.9812 102.1076
10.9821 101.9428
10.9826 102.1701
10.9827 102.1720
10.9836 102.1538
10.9849 101.9196
10.9854 102.1703
10.9855 101.9589
10.9865 102.1330
10.9877 101.9515
10.9878 102.1031
10.9878 102.1236
10.9882 101.9611
10.9903 102.1780
10.9903 102.2533
10.9906 101.7637
10.9906 102.2104
10.9909 101.8600
10.9914 102.1540
10.9920 102.1801
10.9921 102.0062
10.9928 101.8038
10.9932 102.0677
10.9935 101.8308
10.9944 102.1466
10.9945 102.2164
10.9948 102.1556
10.9949 102.1330
10.9957 101.9582
10.9958 101.9386
10.9961 101.9580
10.9966 102.2101
10.9977 101.8009
10.9977 101.9252
10.9982 102.1136
10.9989 102.1282
10.9995 101.9007
10.9995 101.9737
10.9999 101.8653
11.0000 102.0941
11.0003 101.9976
11.0006 102.1574
11.0006 102.1665
11.0007 102.1300
11.0011 102.1201
11.0013 102.1416
11.0016 101.8661
11.0019 102.1780
11.0023 102.0824
11.0025 101.9613
11.0027 102.1081
11.0028 101.9447
11.0031 102.1261
11.0036 101.9450
11.0045 102.1330
11.0047 102.0572
11.0051 102.1893
11.0052 101.9019
11.0053 102.0012
11.0054 102.0849
11.0058 101.9664
11.0061 102.1646
11.0063 102.2130
11.0065 102.0326
11.0065 102.1811
11.0069 101.9223
11.0073 101.9899
11.0077 102.1215
11.0078 102.1555
11.0082 102.1675
11.0082 102.1700
11.0083 102.1445
11.0084 102.1341
11.0086 102.0052
11.0087 102.0289
11.0092 102.2021
11.0096 101.9157
11.0098 101.9757
11.0119 102.1559
11.0123 101.9175
11.0129 101.9555
11.0135 102.0431
11.0136 102.1026
11.0136 102.1806
11.0152 101.8628
11.0153 101.9498
11.0153 102.1599
11.0153 102.3087
11.0158 102.1399
11.0161 102.1359
11.0163 102.1298
11.0164 101.9171
11.0175 102.1362
11.0192 102.2551
11.0194 102.1968
11.0195 102.1963
11.0198 101.9579
11.0198 102.1530
11.0199 102.0635
11.0200 101.9401
11.0216 102.1254
11.0219 102.0600
11.0220 102.1352
11.0224 102.1499
11.0225 102.1063
11.0227 101.9589
11.0227 102.2017
11.0228 101.9575
11.0232 102.0004
11.0236 101.9468
11.0244 102.0063
11.0246 101.9041
11.0248 102.1705
11.0252 102.2589
11.0254 101.9779
11.0254 102.1875
11.0258 102.1642
11.0260 101.9297
11.0260 102.1451
11.0263 101.9256
11.0267 101.9617
11.0282 102.0612
11.0282 102.1374
11.0284 102.1180
11.0288 101.9267
11.0300 102.2077
11.0303 102.0658
11.0308 101.9582
11.0311 102.1481
11.0317 102.1934
11.0318 102.1010
11.0319 102.1862
11.0321 102.1968
11.0324 102.1305
11.0325 101.7666
11.0325 101.9301
11.0329 101.9385
11.0332 102.2058
11.0333 102.1896
11.0335 101.9847
11.0336 102.1311
11.0339 102.1580
11.0341 102.1991
11.0342 101.9091
11.0346 102.1364
11.0347 101.9744
11.0348 102.1791
11.0349 102.0248
11.0349 102.1383
11.0350 102.1386
11.0353 101.9543
11.0356 102.1460
11.0358 102.1954
11.0362 102.1570
11.0363 102.2232
11.0364 102.1419
11.0367 102.1262
11.0369 102.2247
11.0370 102.1537
11.0376 101.9361
11.0380 101.9916
11.0381 101.9495
11.0381 102.1591
11.0382 102.1280
11.0383 101.9860
11.0384 101.9961
11.0384 102.2303
11.0386 102.2015
11.0391 101.8788
11.0393 102.1910
11.0403 102.2040
11.0404 102.0367
11.0409 101.8440
11.0409 102.1958
11.0411 102.1743
11.0413 102.1411
11.0413 102.2374
11.0416 102.1682
11.0426 102.1530
11.0430 102.1678
11.0431 102.1359
11.0433 102.2215
11.0434 101.9670
11.0440 102.2048
11.0441 102.2256
11.0442 101.9991
11.0444 102.2005
11.0448 102.1624
11.0453 101.8906
11.0454 102.1157
11.0455 102.1521
11.0455 102.1586
11.0461 102.2236
11.0462 102.2388
11.0465 101.9257
11.0465 102.2182
11.0466 102.2086
11.0473 102.0582
11.0476 101.9348
11.0476 102.1051
11.0479 101.9708
11.0479 102.2077
11.0484 101.9377
11.0486 102.1575
11.0486 102.2196
11.0488 102.2168
11.0494 102.0902
11.0494 102.2238
11.0496 102.0040
11.0496 102.1986
11.0500 101.9466
11.0500 102.1464
11.0501 102.1482
11.0502 102.0247
11.0511 102.1522
11.0513 102.1474
11.0519 102.2152
11.0525 102.1658
11.0527 102.2123
11.0530 102.2201
11.0538 101.9543
11.0538 102.1665
11.0546 102.1609
11.0548 102.1148
11.0549 102.1379
11.0550 102.2092
11.0552 102.1938
11.0555 102.0057
11.0555 102.1767
11.0556 102.1672
11.0564 102.1891
11.0564 102.1981
11.0569 102.1276
11.0575 102.1047
11.0577 102.1677
11.0582 102.1929
11.0593 102.0227
11.0601 102.1546
11.0605 101.8540
11.0608 102.1076
11.0609 102.1958
11.0610 102.1466
11.0617 102.2654
11.0618 102.0598
11.0619 102.2083
11.0621 102.2170
11.0623 101.9168
11.0625 102.1387
11.0628 102.2017
11.0635 102.0129
11.0640 102.2817
11.0658 102.1295
11.0663 102.1911
11.0664 102.1474
11.0666 101.7942
11.0666 102.0882
11.0668 102.2095
11.0669 102.1805
11.0669 102.1943
11.0672 101.9376
11.0673 102.0239
11.0676 102.1635
11.0677 101.8617
11.0679 101.9202
11.0682 101.8773
11.0684 102.0160
11.0686 102.2443
11.0687 101.9054
11.0692 101.9299
11.0696 102.2061
11.0698 101.8817
11.0698 102.0871
11.0699 102.1877
11.0700 102.1288
11.0704 102.1787
11.0706 102.1416
11.0712 102.1387
11.0712 102.1675
11.0720 102.2417
11.0724 101.8569
11.0727 101.9175
11.0728 102.0985
11.0731 102.0018
11.0732 101.9408
11.0741 101.6709
11.0742 102.1417
11.0743 102.1438
11.0743 102.1639
11.0747 101.9104
11.0755 102.1649
11.0755 102.1920
11.0756 101.9541
11.0758 101.8879
11.0761 102.1607
11.0766 101.9100
11.0774 102.1423
11.0778 102.2177
11.0786 101.9131
11.0793 101.9283
11.0794 102.1070
11.0805 102.1659
11.0807 102.1596
11.0812 102.1953
11.0812 102.2629
11.0823 102.1724
11.0824 101.9219
11.0825 102.2000
11.0829 102.2599
11.0837 102.1379
11.0840 101.9192
11.0844 101.9043
11.0845 102.0513
11.0847 102.1696
11.0848 101.8955
11.0848 101.9202
11.0848 101.9716
11.0849 102.2408
11.0857 101.9900
11.0857 102.1226
11.0861 102.1481
11.0862 102.1568
11.0869 102.1400
11.0870 102.0416
11.0870 102.2145
11.0879 102.1339
11.0884 102.0948
11.0884 102.1870
11.0887 102.0064
11.0888 102.0357
11.0888 102.2010
11.0890 102.1185
11.0892 102.2634
11.0896 102.2133
11.0898 102.1034
11.0900 102.1004
11.0903 101.8554
11.0904 102.1363
11.0908 102.0185
11.0912 102.2168
11.0913 102.1145
11.0916 102.0978
11.0918 102.1258
11.0919 102.1801
11.0925 102.0105
11.0932 102.1379
11.0935 101.8574
11.0938 102.0101
11.0941 102.1849
11.0942 101.9666
11.0944 102.1642
11.0946 102.1730
11.0951 102.1727
11.0955 102.1332
11.0955 102.1643
11.0962 101.6395
11.0966 101.9314
11.0970 102.0790
11.0971 102.1581
11.0974 102.0914
11.0979 102.1803
11.0993 102.1471
11.0996 102.1494
11.1006 102.0720
11.1008 102.0808
11.1008 102.1646
11.1012 102.0078
11.1012 102.1595
11.1012 102.1754
11.1019 102.0892
11.1028 102.2405
11.1032 101.9034
11.1037 101.7789
11.1039 101.8789
11.1041 102.0320
11.1047 102.1367
11.1048 102.1383
11.1059 102.1513
11.1059 102.2271
11.1062 102.1335
11.1063 102.0295
11.1065 101.8732
11.1066 102.1846
11.1080 102.1277
11.1086 101.8514
11.1092 101.9079
11.1097 101.8951
11.1098 102.0561
11.1101 102.1130
11.1102 102.1535
11.1112 102.0100
11.1118 101.9929
11.1122 102.1449
11.1122 102.1578
11.1122 102.1706
11.1136 102.1748
11.1149 102.0999
11.1149 102.2204
11.1150 101.8815
11.1151 101.9951
11.1154 101.8377
11.1156 101.8683
11.1163 102.0442
11.1165 102.2223
11.1173 102.0172
11.1174 102.1804
11.1182 102.0484
11.1183 102.0763
11.1187 102.2152
11.1193 102.2079
11.1194 102.1329
11.1195 102.1924
11.1197 102.1759
11.1201 101.8785
11.1202 101.8434
11.1209 102.0459
11.1210 102.0965
11.1215 101.8800
11.1215 102.0427
11.1216 102.0402
11.1216 102.0805
11.1218 102.1051
11.1220 101.8006
11.1229 101.8544
11.1230 102.0166
11.1240 102.1666
11.1241 101.9059
11.1243 102.0242
11.1259 101.8966
11.1260 101.7445
11.1263 102.1024
11.1269 102.0449
11.1280 102.1464
11.1281 102.0185
11.1289 101.9021
11.1290 101.9016
11.1295 101.8540
11.1300 101.9061
11.1310 101.7980
11.1312 101.8468
11.1318 102.0376
11.1318 102.0963
11.1320 101.8370
11.1329 101.8272
11.1337 102.1451
11.1339 102.0111
11.1344 102.0643
11.1347 101.8071
11.1347 101.8867
11.1348 101.9021
11.1350 101.8139
11.1351 101.8960
11.1353 101.8717
11.1355 102.0738
11.1359 102.0256
11.1364 101.9416
11.1367 102.0105
11.1367 102.0476
11.1370 101.8445
11.1370 101.8870
11.1372 102.1869
11.1373 102.0303
11.1378 102.0108
11.1383 102.1558
11.1385 101.9938
11.1393 101.9268
11.1396 102.1649
11.1399 101.8797
11.1400 101.9860
11.1410 102.0629
11.1415 101.9288
11.1416 102.0416
11.1425 102.1481
11.1432 101.7973
11.1441 101.8516
11.1441 101.8555
11.1445 101.9028
11.1448 101.8671
11.1448 102.1564
11.1453 101.8511
11.1457 102.1960
11.1459 101.8504
11.1463 101.8887
11.1467 102.0319
11.1468 101.8399
11.1480 102.1600
11.1481 102.2166
11.1482 101.8986
11.1496 102.2600
11.1506 101.8444
11.1506 101.9425
11.1510 101.8989
11.1512 101.8629
11.1519 102.1717
11.1524 101.7847
11.1526 102.1836
11.1537 101.8964
11.1539 101.8362
11.1540 101.8736
11.1544 102.1631
11.1545 101.8945
11.1553 102.0372
11.1554 101.8546
11.1559 101.9071
11.1562 102.1564
11.1577 101.8210
11.1579 101.8229
11.1585 102.2163
11.1587 101.8331
11.1589 102.1182
11.1590 101.8677
11.1601 102.1399
11.1606 102.0937
11.1614 101.8265
11.1614 101.8954
11.1619 101.8443
11.1627 101.9953
11.1629 102.0238
11.1637 102.1537
11.1643 102.1141
11.1648 101.8890
11.1652 102.1796
11.1660 101.7793
11.1667 101.8946
11.1670 101.9973
11.1673 101.8187
11.1674 101.7850
11.1678 102.1051
11.1684 102.0834
11.1685 101.8537
11.1688 101.8687
11.1689 102.2027
11.1697 101.8303
11.1703 101.8304
11.1706 101.8193
11.1706 101.8475
11.1713 101.9282
11.1715 101.8838
11.1717 101.9139
11.1721 102.1987
11.1728 101.7909
11.1728 101.8231
11.1728 101.8940
11.1730 102.1721
11.1732 101.8509
11.1735 101.9208
11.1737 101.8891
11.1745 101.8382
11.1749 101.8920
11.1752 101.9207
11.1756 101.9585
11.1757 101.8040
11.1766 101.8245
11.1769 101.8162
11.1773 101.8451
11.1773 101.9752
11.1774 101.8397
11.1779 101.8609
11.1790 101.9030
11.1799 101.9319
11.1805 101.8582
11.1809 101.8725
11.1812 101.8433
11.1813 101.8650
11.1821 101.8340
11.1821 102.1028
11.1822 101.8274
11.1827 101.8502
11.1828 101.8870
11.1831 101.7688
11.1832 101.7995
11.1834 101.8247
11.1835 101.9045
11.1839 101.7943
11.1846 101.8708
11.1847 101.8857
11.1852 101.9081
11.1862 102.2387
11.1863 101.8778
11.1876 101.7021
11.1878 101.7623
11.1883 101.7975
11.1896 101.8561
11.1896 101.9658
11.1898 101.8680
11.1900 101.6949
11.1900 101.9164
11.1901 101.8963
11.1903 101.9298
11.1905 101.9631
11.1907 101.7987
11.1909 101.9243
11.1911 101.8847
11.1916 102.1751
11.1918 102.0767
11.1921 101.8951
11.1927 101.9005
11.1929 101.8224
11.1932 101.8640
11.1934 101.8519
11.1938 101.9104
11.1939 101.8959
11.1940 101.8934
11.1940 101.9665
11.1943 101.8582
11.1943 101.8775
11.1943 101.9253
11.1947 101.9164
11.1948 102.0723
11.1948 102.0746
11.1952 101.8593
11.1952 101.8597
11.1953 102.1798
11.1960 101.8820
11.1965 101.8615
11.1979 101.7782
11.1983 101.7486
11.1994 101.8466
11.1996 101.8449
11.1996 101.8829
11.1997 101.8934
11.2004 101.8364
11.2004 102.1816
11.2006 101.7655
11.2006 101.8669
11.2008 101.8703
11.2009 101.8685
11.2013 102.0549
11.2015 101.9979
11.2022 101.8589
11.2023 101.8968
11.2029 101.9222
11.2036 101.7795
11.2036 101.8059
11.2039 101.8437
11.2044 101.9647
11.2044 102.1236
11.2045 101.9710
11.2046 101.6599
11.2046 101.8808
11.2047 102.1284
11.2064 101.8351
11.2064 102.0677
11.2065 101.6353
11.2072 101.7767
11.2080 102.1435
11.2081 101.8610
11.2084 101.8520
11.2088 102.2343
11.2091 101.8370
11.2092 102.0021
11.2096 101.8265
11.2113 101.9231
11.2117 101.8480
11.2117 101.8879
11.2117 101.9149
11.2118 101.8897
11.2123 101.8498
11.2134 101.9243
11.2137 101.9402
11.2138 101.7770
11.2140 102.0115
11.2141 101.9179
11.2146 101.8394
11.2154 102.2072
11.2156 101.8257
11.2157 101.8768
11.2158 101.8198
11.2158 101.8495
11.2162 101.8585
11.2166 101.8831
11.2167 101.8543
11.2169 101.7832
11.2171 102.1302
11.2182 102.1441
11.2186 102.0868
11.2187 101.8106
11.2187 101.8361
11.2187 101.8687
11.2191 101.8700
11.2197 101.7853
11.2204 101.7942
11.2207 101.8307
11.2211 101.8073
11.2211 102.0780
11.2213 101.8633
11.2217 101.7944
11.2219 101.8899
11.2226 101.7630
11.2227 101.8853
11.2227 102.0836
11.2230 101.8051
11.2234 102.1934
11.2235 102.0716
11.2236 102.0376
11.2240 101.9113
11.2253 102.1083
11.2257 101.7743
11.2265 101.8692
11.2266 101.8493
11.2266 102.0990
11.2271 101.8671
11.2277 102.1460
11.2280 101.9138
11.2285 101.8707
11.2287 101.8463
11.2292 101.9281
11.2293 101.9616
11.2299 101.9394
11.2302 102.0742
11.2303 102.1404
11.2306 101.8894
11.2307 101.7744
11.2308 102.1630
11.2309 101.8850
11.2309 102.2108
11.2310 101.8787
11.2313 101.7931
11.2316 101.6953
11.2316 102.0759
11.2317 101.8697
11.2318 101.8574
11.2320 101.8361
11.2321 101.8323
11.2321 101.9472
11.2328 101.7894
11.2330 101.9324
11.2334 101.9143
11.2339 101.8376
11.2339 101.8682
11.2339 101.8976
11.2343 101.7934
11.2343 101.8185
11.2344 102.2341
11.2349 101.8633
11.2349 101.8839
11.2350 101.8384
11.2355 101.7941
11.2356 101.8861
11.2357 101.6310
11.2360 102.0442
11.2365 102.2954
11.2367 101.9553
11.2376 101.9167
11.2378 102.1044
11.2381 101.8485
11.2381 101.9227
11.2381 102.1277
11.2386 101.8075
11.2388 102.0700
11.2396 101.9724
11.2401 101.9371
11.2404 102.1004
11.2410 101.8680
11.2411 101.8582
11.2417 101.8392
11.2422 102.0782
11.2426 102.0989
11.2431 101.7902
11.2434 101.8321
11.2446 101.8492
11.2455 102.1010
11.2459 102.0360
11.2467 101.8355
11.2469 101.8903
11.2471 101.8134
11.2475 102.1064
11.2476 102.0854
11.2477 101.7423
11.2486 101.8221
11.2503 101.9156
11.2504 101.9033
11.2505 101.7728
11.2506 101.8493
11.2507 102.1596
11.2509 101.8154
11.2511 102.1513
11.2514 102.1725
11.2515 102.1134
11.2517 101.8792
11.2517 102.0461
11.2519 101.8944
11.2519 102.1714
11.2520 101.7702
11.2525 101.8512
11.2532 101.7414
11.2535 101.8213
11.2535 101.8602
11.2538 102.0628
11.2540 101.8787
11.2542 101.9574
11.2548 101.8282
11.2548 102.1147
11.2550 102.1076
11.2552 102.1204
11.2552 102.1478
11.2555 101.8228
11.2559 102.1916
11.2566 101.8925
11.2572 102.1031
11.2573 102.1479
11.2575 102.0771
11.2584 102.0498
11.2587 101.8217
11.2590 101.8091
11.2590 102.1519
11.2591 101.8406
11.2599 101.8375
11.2613 101.9752
11.2613 102.1385
11.2621 102.1303
11.2621 102.1765
11.2624 101.8123
11.2630 101.7862
11.2636 101.9057
11.2639 101.8946
11.2643 102.0876
11.2650 102.0533
11.2653 102.1724
11.2655 101.7616
11.2659 102.1549
11.2660 101.8172
11.2663 102.0732
11.2665 102.1364
11.2666 101.8693
11.2666 102.1123
11.2667 102.0433
11.2673 102.1123
11.2679 101.8233
11.2685 102.0701
11.2686 101.9400
11.2695 102.1317
11.2697 101.9144
11.2704 101.7461
11.2711 102.0418
11.2712 101.9121
11.2716 101.7392
11.2716 102.1201
11.2719 101.8557
11.2719 102.1208
11.2720 102.1052
11.2725 102.0967
11.2735 102.0232
11.2748 102.2262
11.2749 101.8241
11.2755 102.0852
11.2757 101.7784
11.2761 102.1464
11.2767 101.9366
11.2770 101.8534
11.2771 102.1541
11.2772 101.7737
11.2777 102.1801
11.2782 102.0807
11.2783 102.0795
11.2790 101.8051
11.2799 102.0899
11.2811 102.0935
11.2815 101.8832
11.2836 101.8708
11.2837 102.1452
11.2838 102.1527
11.2843 101.9369
11.2844 102.0941
11.2845 101.8692
11.2847 102.0534
11.2856 101.9178
11.2859 101.9260
11.2867 102.1524
11.2870 102.2199
11.2871 102.1125
11.2872 101.7897
11.2872 101.7943
11.2872 101.9109
11.2879 102.1960
11.2881 101.8917
11.2886 101.8112
11.2886 102.0917
11.2891 101.9761
11.2892 102.0863
11.2897 101.6369
11.2898 102.0867
11.2905 101.9072
11.2908 102.1018
11.2911 101.9395
11.2911 102.0280
11.2918 102.0955
11.2919 102.0606
11.2923 102.0510
11.2927 102.1350
11.2931 101.9574
11.2931 102.0510
11.2940 102.0498
11.2949 102.0618
11.2952 101.6379
11.2953 101.8253
11.2956 101.7209
11.2957 101.8835
11.2971 102.1145
11.2977 102.0432
11.2982 101.8686
11.2993 101.8991
11.2999 101.9142
11.3001 102.1343
11.3010 102.0577
11.3028 102.1126
11.3031 101.6814
11.3034 102.1241
11.3038 101.9622
11.3041 102.1417
11.3047 102.0179
11.3047 102.0334
11.3053 102.1497
11.3055 101.8996
11.3059 101.8569
11.3067 101.8863
11.3067 101.9133
11.3075 101.8409
11.3076 101.9464
11.3088 101.8278
11.3095 101.9015
11.3096 102.1346
11.3104 102.0923
11.3112 101.8352
11.3114 101.8899
11.3116 101.8834
11.3119 101.6499
11.3121 101.9483
11.3124 101.8414
11.3131 101.8935
11.3142 101.8559
11.3147 102.2074
11.3152 102.0868
11.3155 101.8381
11.3158 102.0995
11.3163 102.0918
11.3178 102.1835
11.3181 101.9317
11.3187 102.0208
11.3188 102.1206
11.3190 102.0454
11.3195 102.1623
11.3203 102.0553
11.3208 102.1440
11.3237 102.1874
11.3238 102.3912
11.3262 101.8523
11.3277 102.0783
11.3279 102.1124
11.3281 102.0899
11.3302 102.1186
11.3302 102.1676
11.3303 102.1030
11.3318 102.1735
11.3333 101.8797
11.3341 102.0852
11.3342 101.9250
11.3344 102.0542
11.3347 101.8782
11.3359 101.8444
11.3375 102.0184
11.3383 102.0817
11.3394 101.8706
11.3400 102.1948
11.3404 102.1420
11.3427 102.1179
11.3453 102.1422
11.3453 102.2094
11.3481 102.1815
11.3504 102.1300
11.3505 102.0756
11.3514 102.1279
11.3522 102.1315
11.3526 102.0188
11.3526 102.1605
11.3535 102.1435
11.3559 102.1281
11.3565 101.9221
11.3591 102.0813
11.3598 102.1296
11.3616 102.1775
11.3633 102.1097
11.3639 102.0774
11.3646 102.1244
11.3669 102.1770
11.3674 102.1787
11.3681 102.1835
11.3686 102.0332
11.3689 102.0838
11.3693 101.8589
11.3701 102.1435
11.3713 101.8225
11.3747 102.0469
11.3759 102.0684
11.3761 101.6516
11.3779 101.7617
11.3785 102.0747
11.3801 102.0857
11.3806 102.1329
11.3815 102.0393
11.3819 101.7643
11.3854 102.0750
11.3857 102.0878
11.3857 102.3119
11.3860 101.9172
11.3907 102.1007
11.3920 102.0854
11.3941 102.1277
11.3953 102.1642
11.3959 102.1294
11.4049 102.1374
11.4051 102.0786
11.4089 102.1391
11.4186 102.2463
11.4202 101.9239
11.4600 101.7233
11.4628 101.7283
11.4702 102.1012
11.4953 101.7702
