76.2104 78.9951
76.2134 79.0019
76.2173 78.6944
76.2255 78.8882
76.2536 78.6524
76.2561 78.9573
76.2563 78.9845
76.2629 79.0120
76.2636 78.6559
76.2667 79.0128
76.2713 79.0568
76.2748 78.9822
76.2757 78.9091
76.2779 78.9426
76.2791 78.9727
76.2796 78.9687
76.2849 78.9491
76.2851 78.7716
76.2878 78.9030
76.2900 78.8979
76.2907 78.9445
76.2924 78.9601
76.2925 78.9199
76.2938 78.7343
76.2968 78.9553
76.3006 78.8440
76.3020 78.7765
76.3021 79.0192
76.3037 79.0335
76.3079 78.5927
76.3093 78.9843
76.3096 78.9540
76.3099 79.0349
76.3120 78.8932
76.3124 78.8385
76.3124 78.9855
76.3141 78.9930
76.3143 78.9383
76.3146 78.9419
76.3152 78.9623
76.3159 78.7735
76.3164 78.9727
76.3174 78.9282
76.3177 78.9760
76.3186 79.0568
76.3188 78.9558
76.3191 78.9866
76.3193 78.8227
76.3209 78.9736
76.3216 78.8828
76.3218 78.6666
76.3231 78.9428
76.3250 78.9202
76.3259 78.9389
76.3273 78.8940
76.3281 79.0060
76.3284 78.9142
76.3301 78.8333
76.3316 78.8315
76.3316 78.9702
76.3319 78.9247
76.3323 78.8740
76.3336 79.1311
76.3339 78.8759
76.3345 78.7738
76.3350 78.9830
76.3351 78.6040
76.3379 78.9668
76.3383 78.8744
76.3391 78.8500
76.3392 78.9489
76.3396 79.0176
76.3398 78.9222
76.3399 78.8670
76.3404 78.6538
76.3406 78.9831
76.3415 78.9396
76.3425 79.0622
76.3436 78.9499
76.3442 78.9084
76.3448 78.8833
76.3450 78.7691
76.3455 78.9222
76.3456 78.6533
76.3457 78.8502
76.3464 78.5489
76.3465 78.9259
76.3474 78.9719
76.3476 78.9206
76.3479 78.9863
76.3486 78.7177
76.3487 78.9709
76.3490 78.9634
76.3491 78.9220
76.3492 78.9114
76.3494 78.8353
76.3497 78.9298
76.3503 78.6887
76.3504 78.9358
76.3508 78.7992
76.3508 78.8530
76.3509 78.9382
76.3515 78.6163
76.3515 79.0040
76.3519 78.8615
76.3526 78.9404
76.3532 78.9120
76.3537 78.6251
76.3538 78.9347
76.3539 78.6019
76.3541 78.9900
76.3541 79.0361
76.3550 78.9005
76.3550 78.9755
76.3552 78.8877
76.3552 78.9097
76.3554 78.9039
76.3557 78.6483
76.3561 78.9126
76.3565 78.9208
76.3567 78.7392
76.3573 78.6643
76.3575 78.9865
76.3579 79.0021
76.3583 78.9129
76.3588 78.8219
76.3589 78.9593
76.3592 78.9191
76.3597 78.7421
76.3621 78.9795
76.3622 78.9222
76.3625 79.0319
76.3631 78.9072
76.3636 78.8830
76.3649 78.5538
76.3651 78.9342
76.3652 78.5751
76.3653 78.5757
76.3653 78.9246
76.3662 78.9289
76.3664 78.8999
76.3665 78.8994
76.3665 78.9748
76.3669 78.5507
76.3671 78.8823
76.3679 78.6192
76.3684 78.6494
76.3685 78.9384
76.3688 78.6055
76.3688 78.9083
76.3695 78.9649
76.3696 78.7742
76.3696 78.9178
76.3702 78.9336
76.3704 78.8787
76.3704 78.9808
76.3705 78.9373
76.3711 78.8980
76.3715 78.8090
76.3716 78.9757
76.3721 78.9370
76.3724 78.6760
76.3726 78.9118
76.3727 78.9214
76.3729 78.9378
76.3741 78.9439
76.3741 78.9663
76.3747 78.8622
76.3762 78.6916
76.3766 79.0460
76.3768 79.1109
76.3773 78.9408
76.3776 78.6566
76.3785 78.6685
76.3787 78.6320
76.3789 79.0524
76.3792 78.9096
76.3792 78.9555
76.3793 79.0065
76.3795 78.9618
76.3809 78.9681
76.3810 78.9330
76.3812 78.9383
76.3814 78.5565
76.3815 79.0151
76.3816 78.9075
76.3818 78.9220
76.3826 78.9455
76.3827 79.0049
76.3832 78.9097
76.3834 78.5971
76.3834 78.9849
76.3837 78.9743
76.3838 78.8815
76.3843 78.8560
76.3846 78.9468
76.3854 78.9333
76.3857 78.9451
76.3859 78.8732
76.3859 78.8871
76.3863 78.6845
76.3866 78.9432
76.3870 78.9384
76.3870 78.9705
76.3872 78.9624
76.3875 78.9474
76.3881 78.9409
76.3881 79.0173
76.3885 78.9627
76.3893 78.8987
76.3896 78.9873
76.3897 78.6270
76.3899 79.0198
76.3900 78.6151
76.3902 78.9855
76.3908 78.5961
76.3910 78.6061
76.3911 78.5077
76.3920 78.9420
76.3923 78.6524
76.3925 78.9013
76.3927 78.6745
76.3931 78.9549
76.3933 78.6612
76.3938 78.9430
76.3943 78.9674
76.3945 78.6335
76.3945 78.9895
76.3947 78.7107
76.3947 79.0691
76.3950 78.8284
76.3950 78.9560
76.3951 78.8762
76.3952 78.6323
76.3960 78.6615
76.3960 78.8954
76.3961 78.7552
76.3961 78.8700
76.3965 78.8907
76.3969 78.9121
76.3969 78.9399
76.3973 78.9434
76.3980 78.9012
76.3984 78.8805
76.3984 79.0745
76.3993 78.9018
76.3997 78.8585
76.3998 78.9145
76.4008 78.6500
76.4010 78.9397
76.4011 78.6098
76.4020 78.8905
76.4026 78.5293
76.4028 78.8667
76.4028 78.9158
76.4029 78.5743
76.4031 78.9220
76.4036 78.9515
76.4036 79.0086
76.4038 79.0017
76.4047 78.9744
76.4051 78.6032
76.4052 78.6218
76.4060 78.8849
76.4061 78.6757
76.4066 78.9183
76.4068 78.9898
76.4069 78.5272
76.4070 78.9465
76.4076 78.5818
76.4076 78.6701
76.4076 78.9265
76.4080 78.6306
76.4080 78.9992
76.4087 79.0259
76.4089 78.8764
76.4091 78.9105
76.4098 78.8329
76.4098 78.8580
76.4100 78.9072
76.4101 78.8759
76.4104 78.6442
76.4111 78.6150
76.4117 78.8830
76.4121 78.8594
76.4123 78.6355
76.4129 78.6057
76.4131 78.4992
76.4136 78.9586
76.4138 78.6089
76.4139 78.5834
76.4139 79.0572
76.4148 78.8858
76.4152 78.8641
76.4155 78.9142
76.4156 78.5719
76.4159 78.5668
76.4159 78.6622
76.4161 78.8739
76.4162 78.5972
76.4165 78.5696
76.4169 78.4985
76.4171 78.6893
76.4172 78.5873
76.4180 78.6129
76.4183 78.9182
76.4183 79.0343
76.4184 78.5945
76.4190 78.9330
76.4193 78.9029
76.4201 78.6939
76.4201 78.8610
76.4203 78.5905
76.4205 78.9589
76.4206 78.7750
76.4207 78.8379
76.4212 78.6310
76.4213 78.5279
76.4214 78.8853
76.4218 78.5449
76.4223 78.6425
76.4224 78.9407
76.4228 78.9155
76.4231 78.9498
76.4239 78.5149
76.4250 78.8630
76.4252 79.0087
76.4256 78.6277
76.4266 78.9619
76.4272 78.5668
76.4274 78.9199
76.4275 78.6450
76.4276 78.9095
76.4278 78.9758
76.4291 78.7184
76.4292 78.5742
76.4293 78.9797
76.4294 78.9015
76.4295 78.5726
76.4295 78.8842
76.4297 79.0190
76.4304 78.9014
76.4307 78.8947
76.4310 79.0242
76.4311 78.5163
76.4311 78.9037
76.4313 78.6639
76.4313 78.8677
76.4316 78.7188
76.4317 78.8430
76.4322 78.6676
76.4323 78.9406
76.4325 78.6493
76.4327 78.5493
76.4334 78.5599
76.4337 78.5118
76.4337 78.5469
76.4339 78.6007
76.4339 78.6293
76.4344 78.8701
76.4352 78.5738
76.4353 78.9434
76.4358 78.9209
76.4365 78.5882
76.4365 78.6321
76.4365 78.8650
76.4370 78.9273
76.4370 78.9844
76.4372 78.7186
76.4376 78.9108
76.4377 78.9141
76.4378 78.9429
76.4383 78.5824
76.4383 78.9505
76.4384 79.0168
76.4385 78.7063
76.4390 78.9334
76.4398 78.5388
76.4408 78.7659
76.4413 78.9496
76.4416 78.5992
76.4419 78.9413
76.4435 78.9209
76.4436 78.9328
76.4438 78.6831
76.4438 78.9488
76.4439 78.5935
76.4443 78.9166
76.4452 78.9500
76.4455 78.9055
76.4456 78.9795
76.4460 78.9434
76.4460 79.0124
76.4463 78.9614
76.4464 78.8535
76.4465 78.5996
76.4471 78.9705
76.4472 78.8415
76.4476 78.5390
76.4479 78.7371
76.4480 78.6407
76.4488 79.0342
76.4492 78.5593
76.4493 78.9051
76.4494 78.6044
76.4496 78.9810
76.4497 78.6299
76.4497 78.9810
76.4500 78.7568
76.4501 78.6269
76.4503 78.9810
76.4504 78.5716
76.4504 78.8835
76.4505 78.9643
76.4508 78.5722
76.4510 78.5670
76.4510 78.9925
76.4513 78.9828
76.4519 78.8811
76.4520 78.9168
76.4520 78.9733
76.4525 78.8742
76.4531 78.9329
76.4540 78.5280
76.4540 78.6031
76.4546 78.6079
76.4550 78.9068
76.4559 78.8213
76.4564 78.6475
76.4567 78.9035
76.4567 78.9377
76.4570 78.5700
76.4571 78.5579
76.4571 78.9659
76.4572 78.9498
76.4576 78.6916
76.4580 78.5854
76.4585 78.9619
76.4599 78.7569
76.4606 78.5344
76.4608 78.8540
76.4608 79.0054
76.4618 78.6208
76.4621 79.0527
76.4626 78.6807
76.4626 78.7880
76.4630 79.0199
76.4633 78.8587
76.4643 78.9062
76.4644 78.5436
76.4654 78.5956
76.4656 78.9036
76.4658 78.9468
76.4660 78.5739
76.4676 78.8669
76.4677 78.5656
76.4678 78.7938
76.4680 78.5910
76.4681 78.8701
76.4684 78.8417
76.4684 78.9187
76.4690 78.9111
76.4693 78.5200
76.4708 78.9232
76.4709 78.9732
76.4712 78.8366
76.4721 78.9445
76.4724 78.6323
76.4731 78.8030
76.4732 78.5635
76.4734 79.1492
76.4739 79.1050
76.4743 78.9271
76.4750 78.4796
76.4750 78.6893
76.4751 78.8486
76.4754 78.5610
76.4760 78.5599
76.4765 78.9309
76.4777 78.9266
76.4779 78.9194
76.4785 78.6486
76.4792 78.8459
76.4823 78.9924
76.4828 78.6414
76.4828 78.6492
76.4833 78.7305
76.4835 78.5792
76.4837 78.9264
76.4841 78.6226
76.4843 78.9218
76.4847 78.6595
76.4849 78.5845
76.4869 78.9540
76.4873 78.9916
76.4876 78.9086
76.4893 78.6424
76.4907 78.4824
76.4911 78.9170
76.4912 78.5255
76.4915 78.9441
76.4924 78.9839
76.4926 78.5555
76.4931 78.5813
76.4939 78.8166
76.4939 78.9912
76.4961 78.8399
76.4981 78.9227
76.4985 78.6589
76.4986 78.9522
76.5006 78.8674
76.5026 78.8937
76.5028 78.8904
76.5029 78.8596
76.5032 78.9095
76.5033 78.8577
76.5033 78.9195
76.5043 78.5482
76.5052 78.5329
76.5074 78.8528
76.5079 78.9726
76.5081 78.8669
76.5082 78.8504
76.5082 78.8829
76.5083 78.9144
76.5093 78.9192
76.5097 78.6181
76.5098 79.0332
76.5109 78.5864
76.5117 78.9093
76.5125 79.0009
76.5126 78.8593
76.5129 78.9409
76.5134 78.8237
76.5137 78.9354
76.5140 78.5554
76.5142 78.8262
76.5157 78.6708
76.5164 78.8081
76.5175 78.9382
76.5180 78.9483
76.5200 78.7671
76.5216 78.9038
76.5221 78.8609
76.5224 78.4711
76.5227 78.7117
76.5230 78.8755
76.5239 78.4728
76.5245 78.7230
76.5250 78.7055
76.5250 78.8656
76.5253 78.9762
76.5265 78.8822
76.5274 78.4903
76.5276 78.5419
76.5282 78.8157
76.5301 78.8311
76.5305 78.8124
76.5307 78.7034
76.5326 78.9198
76.5335 78.9241
76.5349 78.8422
76.5356 78.8881
76.5358 78.8732
76.5366 78.5433
76.5376 78.6784
76.5385 78.9284
76.5389 78.6534
76.5411 78.8091
76.5429 78.9520
76.5449 78.7693
76.5451 78.9685
76.5456 78.7635
76.5468 78.8105
76.5474 78.8049
76.5474 78.8604
76.5478 78.7722
76.5500 78.4883
76.5507 78.8320
76.5508 78.9225
76.5513 78.9156
76.5527 78.9784
76.5528 78.9939
76.5529 78.8902
76.5533 78.9666
76.5537 78.9254
76.5538 78.7993
76.5546 78.5083
76.5571 78.4669
76.5577 78.9123
76.5586 78.5164
76.5590 78.7949
76.5597 78.7582
76.5601 78.6399
76.5614 78.6087
76.5615 78.5086
76.5643 78.5077
76.5643 78.5497
76.5660 78.9504
76.5678 78.7380
76.5678 78.8272
76.5688 78.8067
76.5698 78.7934
76.5704 78.7129
76.5708 78.9168
76.5718 78.7953
76.5718 78.9240
76.5721 78.9019
76.5737 78.9384
76.5757 78.7523
76.5758 78.9235
76.5774 78.8534
76.5787 78.7985
76.5787 78.9125
76.5803 78.8606
76.5803 78.9253
76.5804 78.8248
76.5822 78.6072
76.5833 78.9152
76.5842 78.6114
76.5845 78.8451
76.5849 78.8144
76.5850 78.9243
76.5850 78.9443
76.5863 78.8897
76.5888 78.6375
76.5888 78.8917
76.5888 78.9146
76.5908 78.8162
76.5916 78.8730
76.5916 78.9641
76.5925 78.9378
76.5934 78.8754
76.5940 78.7813
76.5949 78.7686
76.5949 78.9093
76.5959 78.8606
76.5962 78.8943
76.5967 78.6017
76.5978 78.7924
76.5980 78.5814
76.5988 78.5790
76.5988 78.8359
76.5990 78.5741
76.6018 78.6914
76.6043 78.5802
76.6049 78.7441
76.6052 78.6532
76.6054 78.5824
76.6055 78.8698
76.6066 78.6157
76.6078 78.5925
76.6080 78.9333
76.6086 78.8075
76.6094 78.5936
76.6102 78.8876
76.6106 78.6359
76.6116 78.9282
76.6127 78.9431
76.6135 78.6867
76.6136 78.9326
76.6162 78.9409
76.6165 78.9186
76.6187 78.8580
76.6202 78.8677
76.6206 78.8414
76.6207 78.6074
76.6215 78.8123
76.6219 78.9498
76.6227 78.7820
76.6227 78.8318
76.6244 78.6918
76.6263 78.6155
76.6282 78.8483
76.6283 78.9973
76.6287 78.5079
76.6292 78.6426
76.6309 78.9550
76.6326 78.4937
76.6333 78.6559
76.6337 78.7740
76.6339 78.8869
76.6352 78.9624
76.6368 78.9075
76.6369 78.7618
76.6374 78.7579
76.6406 78.6472
76.6412 78.7765
76.6418 78.8948
76.6444 78.9341
76.6453 78.8608
76.6457 78.6377
76.6478 78.6666
76.6496 78.9141
76.6517 78.5347
76.6524 78.6330
76.6560 78.8250
76.6574 78.6674
76.6574 78.8935
76.6587 78.7271
76.6598 78.8857
76.6605 78.6188
76.6608 78.4881
76.6610 78.9130
76.6613 78.8127
76.6639 78.6352
76.6640 78.6804
76.6641 78.9083
76.6645 78.5754
76.6645 78.8903
76.6649 78.8542
76.6649 78.8551
76.6664 78.9914
76.6665 78.9471
76.6668 78.8846
76.6669 78.9691
76.6676 78.8084
76.6677 78.6353
76.6687 78.8944
76.6688 78.8503
76.6692 78.8964
76.6695 78.9166
76.6703 78.6150
76.6714 78.9038
76.6724 78.5809
76.6736 78.9430
76.6741 78.8611
76.6741 78.9652
76.6745 78.9258
76.6746 78.7852
76.6753 79.0386
76.6756 79.0384
76.6759 78.6159
76.6761 78.6116
76.6764 78.6264
76.6765 78.9005
76.6767 78.6647
76.6781 78.7963
76.6781 78.9190
76.6783 78.7987
76.6784 78.8384
76.6798 78.6033
76.6798 78.6792
76.6801 78.6800
76.6801 78.8208
76.6805 78.8497
76.6812 78.7873
76.6814 78.9174
76.6828 78.9410
76.6843 78.8819
76.6843 78.9066
76.6844 78.8092
76.6846 78.9434
76.6847 78.8153
76.6853 78.9009
76.6860 78.8004
76.6863 78.8884
76.6873 78.6966
76.6886 78.7832
76.6888 78.6730
76.6888 78.9728
76.6892 78.5586
76.6892 78.7734
76.6895 78.7779
76.6897 78.6226
76.6902 78.6764
76.6906 78.9346
76.6914 78.8695
76.6918 78.6917
76.6928 78.8523
76.6932 78.9634
76.6934 78.8754
76.6940 78.8709
76.6942 78.8368
76.6952 78.6916
76.6953 78.7798
76.6954 78.9464
76.6955 78.6946
76.6957 78.8999
76.6957 78.9098
76.6959 78.8852
76.6967 78.9278
76.6969 78.5254
76.6979 78.8044
76.6985 78.9708
76.6987 78.6740
76.6993 78.8894
76.6998 78.7767
76.7002 78.8154
76.7006 78.7281
76.7009 78.9428
76.7012 78.6889
76.7016 78.8478
76.7016 78.8992
76.7018 78.8686
76.7022 78.7831
76.7036 78.9507
76.7038 78.9448
76.7040 78.9026
76.7043 78.6163
76.7045 78.6920
76.7051 78.7890
76.7053 78.6765
76.7054 78.6570
76.7056 78.8529
76.7065 78.6623
76.7074 78.6116
76.7076 78.6110
76.7078 78.5537
76.7081 78.6531
76.7083 78.5857
76.7088 78.7179
76.7092 78.5990
76.7093 78.6366
76.7095 78.6293
76.7110 78.8146
76.7113 78.8536
76.7114 78.7863
76.7116 78.8197
76.7117 78.6267
76.7119 78.5908
76.7120 78.9745
76.7124 78.9597
76.7128 78.7678
76.7128 78.8138
76.7131 78.9119
76.7135 78.8829
76.7139 78.8816
76.7140 78.7589
76.7144 78.6861
76.7150 78.6926
76.7150 78.8838
76.7161 78.6804
76.7163 78.7890
76.7164 78.9428
76.7165 78.6482
76.7171 78.6344
76.7171 78.6803
76.7174 78.6651
76.7177 78.6724
76.7178 78.8836
76.7182 78.6788
76.7185 78.6392
76.7187 78.6390
76.7188 78.9052
76.7194 78.9637
76.7195 78.6518
76.7200 78.9053
76.7206 78.6008
76.7206 78.6797
76.7208 78.9000
76.7216 78.5547
76.7216 78.6500
76.7216 78.8040
76.7222 78.8618
76.7222 78.9005
76.7226 78.7673
76.7229 78.8710
76.7230 78.7036
76.7234 78.6408
76.7236 79.0151
76.7237 78.8112
76.7241 78.9555
76.7244 78.9730
76.7246 78.9412
76.7257 78.8908
76.7267 78.6826
76.7271 78.9710
76.7274 78.6864
76.7278 78.6365
76.7302 78.6573
76.7307 78.8674
76.7308 78.6960
76.7309 78.6169
76.7309 78.8736
76.7311 78.9209
76.7314 78.6557
76.7325 78.6238
76.7326 78.6379
76.7328 78.9182
76.7337 78.6961
76.7338 78.8800
76.7341 78.5818
76.7341 78.6276
76.7341 78.8711
76.7345 78.9169
76.7357 78.6361
76.7357 78.8457
76.7361 78.8575
76.7363 78.6469
76.7365 78.6391
76.7369 78.6705
76.7369 78.6769
76.7376 78.7338
76.7377 78.9330
76.7384 78.6593
76.7390 78.7101
76.7391 78.9358
76.7404 78.9723
76.7415 78.6565
76.7415 78.8930
76.7420 78.8149
76.7430 78.9655
76.7433 78.8694
76.7434 78.6848
76.7448 78.9545
76.7462 78.6194
76.7469 78.9819
76.7474 78.8888
76.7476 78.7771
76.7478 78.6646
76.7482 78.9216
76.7495 78.6169
76.7496 78.6963
76.7507 78.7397
76.7510 78.6312
76.7516 78.6388
76.7518 78.8810
76.7521 78.9246
76.7529 78.5683
76.7530 78.6238
76.7530 78.9320
76.7532 78.9959
76.7540 78.5873
76.7543 78.8509
76.7549 78.9297
76.7555 78.8561
76.7559 78.6210
76.7563 78.9667
76.7564 78.6729
76.7566 78.6419
76.7574 78.9226
76.7576 78.9252
76.7580 78.6523
76.7584 78.8904
76.7588 78.8872
76.7590 78.6461
76.7590 78.8712
76.7592 78.7900
76.7599 78.5607
76.7602 78.8548
76.7604 78.6122
76.7604 78.9211
76.7611 78.8939
76.7612 78.8768
76.7617 78.8993
76.7627 78.8829
76.7628 78.6649
76.7630 78.9410
76.7637 78.6367
76.7643 78.8549
76.7644 78.9333
76.7645 78.6620
76.7655 78.6292
76.7658 78.9114
76.7660 78.6331
76.7661 78.5964
76.7685 78.7140
76.7688 78.8965
76.7696 78.8578
76.7697 78.9045
76.7708 78.7286
76.7717 78.8654
76.7725 78.6269
76.7730 78.7393
76.7747 78.8595
76.7751 78.6585
76.7754 78.7096
76.7757 78.6916
76.7764 78.8202
76.7788 78.6592
76.7807 78.6827
76.7815 78.7236
76.7821 78.9173
76.7827 78.9252
76.7829 78.9013
76.7846 78.7005
76.7847 78.6433
76.7847 78.8895
76.7855 78.9847
76.7865 78.6039
76.7906 78.6206
76.7912 78.6074
76.7916 78.8703
76.7925 78.6323
76.7944 78.8961
76.7946 78.9554
76.7996 78.6827
76.8006 78.6745
76.8008 78.8946
76.8012 78.8736
76.8035 78.9007
76.8040 78.9091
76.8099 78.7299
76.8105 78.7056
76.8147 78.9524
76.8202 78.9230
76.8209 78.9544
76.8244 78.9227
76.8245 78.9212
76.8250 78.9209
76.8320 78.6666
76.8344 78.9364
76.8445 78.7822
76.8450 78.7503
76.8456 78.7439
76.8464 78.7108
76.8506 78.8648
76.8513 78.9096
76.8523 78.9322
76.8523 78.9405
76.8655 78.7200
76.8712 79.0627
76.8808 78.6352
76.8932 78.9044
76.8964 78.7863
