11.9567 211.9500
11.9622 211.9755
11.9636 211.9892
11.9685 211.9990
11.9845 211.8909
11.9877 211.9100
11.9879 212.1110
11.9883 211.9939
11.9887 211.8689
11.9941 211.8564
11.9949 211.8460
11.9987 212.0280
11.9990 211.8906
11.9997 212.0414
12.0036 211.8706
12.0049 211.9322
12.0076 212.0134
12.0082 211.9610
12.0113 211.9138
12.0124 211.8549
12.0129 211.7913
12.0141 212.1381
12.0143 212.0022
12.0167 212.0910
12.0216 211.8175
12.0229 211.7940
12.0263 212.1891
12.0270 211.8478
12.0273 211.8599
12.0315 211.8397
12.0356 211.8190
12.0356 211.9666
12.0360 211.9801
12.0363 211.7556
12.0367 211.8217
12.0367 211.9199
12.0374 211.7747
12.0394 211.8482
12.0400 212.1223
12.0401 211.8108
12.0415 211.8565
12.0423 211.7869
12.0428 211.7688
12.0440 211.9323
12.0474 211.8321
12.0476 211.8951
12.0483 211.8658
12.0494 211.8755
12.0495 212.0477
12.0497 212.1770
12.0501 211.8043
12.0512 211.9301
12.0515 212.1309
12.0517 212.0839
12.0531 212.0157
12.0531 212.1331
12.0541 212.1044
12.0552 212.0854
12.0558 211.8327
12.0558 211.8809
12.0558 212.0924
12.0562 211.8599
12.0577 211.9024
12.0580 211.8519
12.0583 212.1204
12.0592 211.9090
12.0594 212.1330
12.0598 211.7898
12.0601 211.8205
12.0605 211.8424
12.0615 211.8140
12.0621 211.8388
12.0625 211.9893
12.0628 211.8224
12.0638 212.0892
12.0647 211.7306
12.0650 211.8276
12.0659 211.8670
12.0671 211.8526
12.0681 211.8819
12.0681 212.1295
12.0683 211.7891
12.0683 211.8528
12.0692 212.1297
12.0707 211.8919
12.0716 211.8146
12.0718 212.1042
12.0726 211.8508
12.0733 211.8574
12.0733 212.0183
12.0740 211.8256
12.0742 211.8901
12.0745 211.8910
12.0747 211.7874
12.0747 212.1041
12.0753 212.1548
12.0754 211.7767
12.0779 211.7359
12.0786 211.8457
12.0798 211.8166
12.0814 211.8454
12.0814 211.8680
12.0822 211.8531
12.0824 211.7708
12.0824 211.8213
12.0829 212.1147
12.0837 212.0078
12.0843 212.1100
12.0859 211.8254
12.0861 212.0630
12.0866 211.8783
12.0870 212.1416
12.0881 211.7464
12.0881 211.8597
12.0891 211.8921
12.0895 211.8656
12.0897 212.0801
12.0915 211.8401
12.0921 211.8371
12.0924 211.7718
12.0926 211.8806
12.0927 212.1482
12.0929 212.2139
12.0931 211.7543
12.0932 211.8402
12.0940 211.7760
12.0943 211.8880
12.0951 211.8672
12.0952 212.0941
12.0956 211.7552
12.0970 211.7898
12.0971 211.9434
12.0975 211.7466
12.0977 211.9955
12.0983 212.1201
12.0988 212.2420
12.0991 212.2092
12.0992 212.1192
12.0994 211.8448
12.0998 211.7516
12.1002 212.0792
12.1004 211.6889
12.1004 211.8042
12.1006 211.7890
12.1007 212.1089
12.1009 212.1194
12.1010 211.8427
12.1010 212.0554
12.1018 212.0168
12.1021 212.0110
12.1028 212.1111
12.1038 211.8040
12.1041 211.9233
12.1044 212.1412
12.1047 212.1153
12.1050 212.1048
12.1052 211.8611
12.1052 212.0432
12.1053 211.7555
12.1061 212.0276
12.1063 211.8832
12.1063 212.0984
12.1069 211.8277
12.1072 212.1925
12.1077 212.0919
12.1090 211.8365
12.1090 212.1132
12.1094 211.9844
12.1108 211.8712
12.1109 211.8319
12.1112 212.1291
12.1112 212.1987
12.1117 212.1364
12.1121 211.8128
12.1123 211.7423
12.1125 211.8590
12.1128 211.8722
12.1128 211.9105
12.1138 212.0655
12.1138 212.0800
12.1145 212.0509
12.1148 212.0519
12.1149 211.7449
12.1149 212.0787
12.1150 211.9377
12.1150 212.0431
12.1159 211.7692
12.1163 212.1561
12.1165 211.8303
12.1170 212.1104
12.1171 212.1025
12.1173 211.8567
12.1175 212.0103
12.1177 211.8903
12.1178 211.8327
12.1182 212.1483
12.1183 211.8598
12.1184 212.2814
12.1190 212.0713
12.1201 211.7916
12.1208 212.1486
12.1210 212.0679
12.1213 212.1889
12.1214 212.2202
12.1225 211.8380
12.1226 211.7554
12.1227 211.8739
12.1229 211.9041
12.1229 212.1654
12.1232 212.0362
12.1233 211.8329
12.1237 211.7240
12.1238 211.7716
12.1241 212.2192
12.1245 211.8626
12.1248 212.1008
12.1250 211.8313
12.1254 212.1035
12.1255 212.0427
12.1257 211.9031
12.1257 212.1098
12.1270 211.8423
12.1272 211.8047
12.1278 211.9840
12.1279 212.0409
12.1286 211.8767
12.1287 211.7070
12.1287 212.2350
12.1296 211.8072
12.1303 212.0913
12.1312 211.8156
12.1319 211.8006
12.1321 211.9447
12.1322 212.0982
12.1325 212.0902
12.1332 212.0782
12.1333 211.8957
12.1336 212.0625
12.1353 212.0539
12.1354 212.2125
12.1356 211.8378
12.1356 212.1145
12.1357 212.1102
12.1364 211.7872
12.1364 211.8033
12.1368 212.1282
12.1369 211.8383
12.1372 212.0420
12.1378 211.8374
12.1382 211.6860
12.1384 211.8799
12.1384 212.0994
12.1391 211.9612
12.1393 211.8505
12.1395 212.0843
12.1407 212.0735
12.1408 211.9409
12.1410 212.1227
12.1413 211.7722
12.1414 212.1230
12.1420 212.1376
12.1421 212.1210
12.1424 211.7710
12.1425 212.1547
12.1426 211.8608
12.1433 211.6782
12.1434 212.1167
12.1434 212.1616
12.1437 211.8690
12.1438 212.1574
12.1444 211.9909
12.1446 211.9915
12.1449 211.8661
12.1450 211.8298
12.1452 212.1685
12.1453 212.1473
12.1466 212.0660
12.1477 212.2358
12.1479 211.9853
12.1480 212.0198
12.1480 212.0718
12.1481 211.7443
12.1488 212.1357
12.1493 212.0685
12.1494 211.7867
12.1494 211.9324
12.1494 212.0417
12.1494 212.1970
12.1496 211.8999
12.1496 212.0853
12.1502 211.8183
12.1502 211.8802
12.1507 211.8057
12.1522 212.1298
12.1522 212.1837
12.1524 211.9023
12.1526 212.1279
12.1538 212.1110
12.1540 212.1011
12.1542 212.0531
12.1547 211.7317
12.1549 211.8205
12.1561 211.8074
12.1562 212.0802
12.1572 212.0712
12.1572 212.1841
12.1574 211.8065
12.1574 212.1227
12.1575 211.7489
12.1575 211.9569
12.1577 212.1483
12.1579 211.7052
12.1579 211.8496
12.1581 212.1681
12.1584 212.1653
12.1586 212.1513
12.1589 212.1317
12.1598 211.8458
12.1605 211.8350
12.1605 212.1475
12.1614 212.0853
12.1615 212.0153
12.1616 212.0943
12.1623 211.8503
12.1627 211.7961
12.1627 212.0101
12.1634 212.0925
12.1639 211.6819
12.1648 211.7837
12.1650 212.0181
12.1651 211.7859
12.1656 212.1063
12.1658 211.8220
12.1658 212.1993
12.1663 212.1534
12.1664 212.0565
12.1666 212.1408
12.1669 212.1857
12.1683 212.0857
12.1687 212.3189
12.1698 212.0503
12.1705 211.9722
12.1707 211.8297
12.1710 212.0394
12.1711 211.8996
12.1713 211.7550
12.1723 212.1603
12.1732 212.1375
12.1737 212.0849
12.1742 212.0335
12.1747 211.6475
12.1751 211.8027
12.1751 212.0812
12.1756 212.2205
12.1758 212.1254
12.1758 212.1862
12.1759 212.0924
12.1761 212.1410
12.1763 212.0511
12.1765 211.8060
12.1768 212.0820
12.1769 212.1607
12.1778 211.7827
12.1789 211.7506
12.1790 212.1076
12.1809 212.0098
12.1810 212.1379
12.1821 212.0186
12.1824 212.2537
12.1832 212.1605
12.1832 212.1987
12.1834 212.0034
12.1847 211.8739
12.1856 212.0893
12.1858 212.1161
12.1862 212.0444
12.1866 211.8577
12.1869 212.0913
12.1875 211.9219
12.1877 211.6844
12.1886 211.8124
12.1888 212.0950
12.1888 212.1127
12.1889 211.7484
12.1893 212.1575
12.1917 212.0682
12.1919 212.0756
12.1920 212.2336
12.1925 212.1114
12.1937 212.1717
12.1938 212.1429
12.1949 212.1299
12.1951 211.9587
12.1955 211.9071
12.1961 211.7445
12.1965 212.1638
12.1967 211.7740
12.1976 211.8275
12.1977 211.8403
12.1977 212.2411
12.1979 211.9223
12.1992 211.7887
12.1999 212.0799
12.2009 211.6818
12.2010 211.7530
12.2010 212.1544
12.2012 212.1565
12.2022 212.2670
12.2026 211.8540
12.2037 211.9022
12.2040 212.2090
12.2050 211.7557
12.2053 211.9863
12.2057 211.9095
12.2067 212.1157
12.2079 211.8168
12.2087 211.8470
12.2088 211.8035
12.2120 211.7849
12.2121 211.9150
12.2126 212.0593
12.2127 211.6253
12.2147 212.0743
12.2149 212.0781
12.2149 212.2737
12.2153 211.8969
12.2159 212.1460
12.2161 211.8953
12.2162 212.1778
12.2182 211.6197
12.2189 212.0834
12.2190 212.0667
12.2211 211.9537
12.2223 211.6403
12.2232 211.9918
12.2232 212.0888
12.2241 212.0470
12.2249 212.1534
12.2254 211.6407
12.2260 211.9488
12.2265 211.9574
12.2266 212.1584
12.2272 212.1186
12.2276 211.9329
12.2277 211.8970
12.2289 212.0474
12.2294 211.9760
12.2316 212.0342
12.2317 212.3355
12.2318 211.8214
12.2333 211.8827
12.2344 211.9601
12.2357 211.9302
12.2369 212.0423
12.2371 212.1216
12.2375 212.1499
12.2384 212.0195
12.2390 211.9116
12.2426 212.2034
12.2434 211.8712
12.2455 212.1867
12.2478 212.0518
12.2489 212.0084
12.2496 212.1268
12.2501 212.1554
12.2505 212.0641
12.2505 212.2401
12.2521 211.7448
12.2525 212.1949
12.2529 211.7824
12.2534 212.0913
12.2547 211.7242
12.2548 211.9658
12.2548 212.0846
12.2554 212.0474
12.2566 212.0860
12.2569 211.8801
12.2586 211.9322
12.2614 211.7894
12.2627 212.1857
12.2640 211.9641
12.2648 211.7643
12.2654 211.7061
12.2660 212.1632
12.2673 211.7825
12.2676 211.9890
12.2679 211.7265
12.2696 211.9265
12.2711 212.0397
12.2713 211.8916
12.2713 212.0072
12.2715 211.9416
12.2718 212.0354
12.2747 211.6246
12.2753 212.0060
12.2760 211.7716
12.2762 211.9465
12.2769 211.9579
12.2779 212.3622
12.2782 211.8043
12.2785 211.9029
12.2804 212.0092
12.2812 211.9777
12.2815 211.9790
12.2820 211.8476
12.2823 212.1185
12.2824 211.8410
12.2825 211.9150
12.2826 211.9185
12.2827 211.8141
12.2837 212.0803
12.2839 211.8030
12.2841 212.2356
12.2856 211.8266
12.2859 211.8640
12.2866 211.9484
12.2867 211.6667
12.2868 212.2207
12.2873 211.7648
12.2878 211.8079
12.2880 211.6062
12.2894 211.9728
12.2902 212.0041
12.2914 211.9758
12.2915 212.0350
12.2937 211.9921
12.2969 211.6822
12.2972 211.9180
12.2977 211.7710
12.2979 211.9702
12.2999 211.8854
12.3019 211.7104
12.3020 212.0494
12.3027 211.8970
12.3030 211.7768
12.3043 211.9877
12.3050 211.9478
12.3050 212.1901
12.3056 211.8696
12.3058 211.8374
12.3059 212.1018
12.3069 211.8508
12.3080 212.1276
12.3093 212.0128
12.3093 212.1132
12.3094 212.1677
12.3095 211.8058
12.3112 211.8196
12.3116 211.8266
12.3121 211.8765
12.3125 211.9638
12.3126 211.8139
12.3134 211.8480
12.3139 211.8962
12.3141 212.1091
12.3155 211.7946
12.3155 212.0129
12.3162 211.7985
12.3168 211.8459
12.3168 211.9736
12.3172 211.7097
12.3173 211.8064
12.3181 212.0130
12.3181 212.1417
12.3187 211.7634
12.3199 211.9915
12.3206 211.9105
12.3209 211.9959
12.3210 211.8670
12.3217 211.6782
12.3217 211.9370
12.3219 211.7622
12.3219 211.7652
12.3224 212.1542
12.3225 211.9909
12.3226 211.7749
12.3227 211.8562
12.3229 211.9889
12.3229 212.0832
12.3235 212.1123
12.3241 211.8858
12.3248 211.8503
12.3250 211.8563
12.3251 211.9532
12.3261 211.9008
12.3262 211.9007
12.3264 211.8262
12.3265 211.8201
12.3267 211.9739
12.3268 212.1008
12.3269 211.7822
12.3271 211.8065
12.3271 212.0428
12.3272 211.9286
12.3272 211.9414
12.3272 212.0401
12.3277 211.8507
12.3287 211.7656
12.3288 211.7518
12.3294 212.0149
12.3316 211.9622
12.3318 212.0662
12.3322 212.0553
12.3324 212.0726
12.3336 211.7464
12.3340 211.8499
12.3342 211.7581
12.3344 211.7979
12.3344 211.8329
12.3344 211.8714
12.3345 211.8581
12.3347 211.7838
12.3354 211.7542
12.3357 211.8512
12.3363 211.8346
12.3364 211.6383
12.3367 211.8092
12.3368 211.7783
12.3369 211.7977
12.3369 212.0203
12.3370 211.8578
12.3376 212.1031
12.3383 211.7073
12.3387 212.1902
12.3388 211.7164
12.3393 211.6117
12.3396 211.7990
12.3398 211.7799
12.3400 212.1133
12.3405 211.7614
12.3408 211.8288
12.3410 211.7716
12.3413 211.8159
12.3413 212.2646
12.3416 212.0601
12.3418 211.8640
12.3434 211.7882
12.3434 211.8797
12.3438 211.9706
12.3438 212.0738
12.3444 212.0546
12.3446 212.0634
12.3447 211.7840
12.3450 211.8421
12.3453 211.7274
12.3454 211.8471
12.3454 211.9638
12.3462 211.7565
12.3466 212.0188
12.3468 211.7407
12.3469 211.8626
12.3471 211.7430
12.3471 211.9248
12.3475 212.0794
12.3486 211.9813
12.3488 211.9535
12.3489 212.0576
12.3492 211.9453
12.3498 212.1086
12.3505 211.7369
12.3512 211.9810
12.3514 211.7222
12.3515 211.7839
12.3520 211.9389
12.3522 211.7820
12.3522 212.2965
12.3523 212.0852
12.3525 211.9442
12.3538 212.0728
12.3551 212.0090
12.3554 211.7664
12.3555 212.0073
12.3556 211.6497
12.3557 212.0907
12.3557 212.1473
12.3558 212.0735
12.3560 211.7838
12.3565 212.2652
12.3566 211.7910
12.3568 211.7812
12.3569 212.3217
12.3570 211.8163
12.3571 212.1745
12.3578 211.8956
12.3580 211.8313
12.3583 211.8288
12.3585 211.7874
12.3585 211.9694
12.3586 211.7712
12.3590 212.1888
12.3593 211.7080
12.3594 212.0387
12.3596 211.7997
12.3598 211.8960
12.3599 212.3465
12.3606 211.8167
12.3610 211.8864
12.3614 212.0107
12.3616 211.9511
12.3619 211.8143
12.3624 211.7110
12.3624 212.0667
12.3636 211.8612
12.3644 211.8490
12.3649 211.7530
12.3649 211.8045
12.3649 211.8095
12.3652 211.8626
12.3652 211.9836
12.3653 211.9687
12.3654 211.9579
12.3654 212.1342
12.3658 211.8790
12.3659 211.8580
12.3659 212.1404
12.3663 211.8786
12.3665 211.9424
12.3667 211.8369
12.3675 211.9489
12.3681 212.1181
12.3693 211.7738
12.3696 212.1033
12.3701 211.8274
12.3704 211.6581
12.3708 211.7522
12.3708 211.8229
12.3710 212.3192
12.3716 212.0614
12.3718 211.8217
12.3718 212.1063
12.3720 211.9087
12.3721 211.7204
12.3724 212.2158
12.3729 211.8185
12.3731 211.8576
12.3731 211.8817
12.3731 211.9114
12.3731 212.1737
12.3741 211.7093
12.3741 212.0670
12.3742 211.9475
12.3743 212.2605
12.3743 212.2806
12.3744 211.8593
12.3748 211.9516
12.3750 212.1448
12.3756 211.8765
12.3757 211.7905
12.3757 212.0417
12.3764 211.8217
12.3766 211.8809
12.3767 211.8395
12.3773 212.0149
12.3777 211.7373
12.3778 211.8581
12.3779 211.7438
12.3779 211.9811
12.3787 212.1425
12.3790 212.0481
12.3792 212.0034
12.3795 211.7769
12.3796 212.0868
12.3796 212.1361
12.3800 211.6889
12.3801 211.8364
12.3805 211.7607
12.3806 211.7655
12.3806 211.9569
12.3810 211.7939
12.3814 211.8335
12.3815 211.8055
12.3822 211.7634
12.3827 211.7602
12.3831 211.7004
12.3836 211.8494
12.3837 212.1355
12.3840 211.6890
12.3844 212.1669
12.3853 212.1398
12.3855 211.8454
12.3865 211.8271
12.3871 212.1200
12.3885 211.8569
12.3887 211.9015
12.3889 211.7761
12.3891 211.9044
12.3892 211.6339
12.3898 212.3483
12.3899 211.7890
12.3900 212.3459
12.3904 211.7904
12.3912 211.8396
12.3913 212.1077
12.3914 211.8621
12.3915 212.0942
12.3916 211.9231
12.3917 211.7473
12.3918 211.8046
12.3918 211.8884
12.3921 212.0159
12.3928 212.0789
12.3930 211.9326
12.3937 211.7806
12.3946 212.0899
12.3949 211.8382
12.3951 211.8639
12.3953 212.0568
12.3961 211.7973
12.3962 212.2124
12.3963 211.7901
12.3964 211.8462
12.3964 211.9096
12.3965 211.8124
12.3965 212.1428
12.3974 211.9904
12.3984 211.6487
12.3984 212.0594
12.3988 212.0958
12.3993 212.1825
12.4000 211.7992
12.4000 212.1642
12.4002 212.0916
12.4003 211.7471
12.4003 212.1901
12.4004 211.8252
12.4004 212.0344
12.4006 212.0147
12.4009 211.8317
12.4014 212.0756
12.4022 211.8172
12.4024 212.0506
12.4028 212.0081
12.4031 211.9033
12.4037 211.8156
12.4041 212.0960
12.4048 211.8238
12.4049 211.8497
12.4050 211.7492
12.4062 211.9234
12.4062 212.0630
12.4068 212.1371
12.4071 212.1344
12.4071 212.2626
12.4074 211.8706
12.4078 212.1154
12.4082 211.9084
12.4086 211.8440
12.4087 211.9566
12.4087 212.0426
12.4089 211.7245
12.4098 211.8338
12.4099 211.8337
12.4112 211.8715
12.4116 211.6321
12.4119 211.8782
12.4121 212.1324
12.4128 211.9798
12.4132 212.2153
12.4133 211.8055
12.4133 211.8643
12.4137 211.8097
12.4139 211.9200
12.4146 212.0333
12.4155 211.8283
12.4155 212.2834
12.4158 211.8116
12.4161 211.7349
12.4167 211.7922
12.4169 212.0384
12.4170 211.7738
12.4173 211.6761
12.4173 212.0599
12.4176 212.0465
12.4177 211.7919
12.4182 211.8274
12.4184 212.1399
12.4191 211.8222
12.4197 212.0998
12.4198 212.1135
12.4199 212.0352
12.4202 211.8698
12.4208 211.9301
12.4211 212.2450
12.4212 211.9088
12.4214 212.1711
12.4219 211.9127
12.4219 211.9910
12.4220 212.1201
12.4222 211.8012
12.4222 212.0599
12.4223 212.0177
12.4231 211.8404
12.4232 212.1840
12.4232 212.2302
12.4233 212.1988
12.4234 212.0587
12.4234 212.1098
12.4238 211.8751
12.4246 211.8444
12.4247 211.8016
12.4249 211.7847
12.4257 212.0759
12.4258 212.1452
12.4258 212.1887
12.4263 211.8452
12.4266 211.7455
12.4266 211.7930
12.4267 211.9763
12.4269 212.0351
12.4272 211.7946
12.4274 211.7301
12.4274 212.1431
12.4275 211.7432
12.4275 211.8805
12.4276 212.0683
12.4278 212.2209
12.4283 211.7657
12.4286 211.7825
12.4286 212.1820
12.4287 211.8273
12.4292 211.8800
12.4296 212.0570
12.4304 212.0145
12.4310 212.0714
12.4318 212.0480
12.4323 212.1703
12.4325 212.1289
12.4326 211.8234
12.4326 212.1879
12.4328 212.1557
12.4329 211.7898
12.4331 212.1136
12.4333 212.1527
12.4334 212.1128
12.4339 212.1466
12.4344 212.0704
12.4345 211.7870
12.4347 212.1789
12.4349 211.7625
12.4351 212.0302
12.4353 212.0525
12.4354 212.0687
12.4360 211.6621
12.4364 212.0506
12.4374 211.7763
12.4388 212.2121
12.4389 211.8702
12.4393 211.7997
12.4394 212.2433
12.4396 212.2520
12.4403 211.7097
12.4406 212.1280
12.4412 212.1669
12.4415 211.8234
12.4429 212.0738
12.4435 212.1123
12.4439 211.9932
12.4445 211.8944
12.4445 212.1861
12.4461 212.3206
12.4470 212.0654
12.4479 212.0034
12.4484 212.0748
12.4493 212.0647
12.4498 211.9105
12.4500 212.1815
12.4501 211.8418
12.4501 211.9149
12.4501 212.3535
12.4508 212.0351
12.4517 211.9265
12.4520 212.1197
12.4521 212.1206
12.4524 211.7305
12.4546 211.8602
12.4547 211.8189
12.4552 212.0645
12.4560 212.0091
12.4562 212.1461
12.4565 211.8863
12.4565 212.1894
12.4568 212.0680
12.4582 212.0607
12.4588 212.0898
12.4593 211.8636
12.4596 212.0285
12.4613 212.2266
12.4620 211.8114
12.4620 211.8559
12.4621 212.1037
12.4624 211.8894
12.4624 212.0697
12.4624 212.1003
12.4625 211.6911
12.4625 211.9541
12.4628 211.9242
12.4636 211.7601
12.4638 212.0745
12.4645 211.9658
12.4654 212.0203
12.4669 211.9995
12.4682 212.0174
12.4683 212.1171
12.4684 212.2431
12.4687 212.0366
12.4689 212.0460
12.4696 212.2419
12.4705 212.0978
12.4706 212.0066
12.4707 212.0895
12.4713 212.0048
12.4714 211.9836
12.4714 212.0251
12.4714 212.0441
12.4718 212.0361
12.4723 211.8940
12.4728 212.2398
12.4733 212.1117
12.4745 212.0195
12.4772 211.8248
12.4792 212.0830
12.4800 212.1223
12.4824 212.0801
12.4829 212.2753
12.4834 211.9633
12.4834 212.1160
12.4837 211.8192
12.4839 212.1010
12.4845 211.8464
12.4847 211.8182
12.4847 212.0521
12.4847 212.1696
12.4851 211.9394
12.4858 212.1582
12.4860 212.0515
12.4860 212.0638
12.4881 211.9590
12.4882 212.1233
12.4902 212.0915
12.4918 212.1011
12.4939 212.1728
12.4951 212.0009
12.4952 212.0873
12.4970 212.1195
12.4976 212.0071
12.4984 212.2315
12.4993 211.8663
12.5025 212.0797
12.5035 212.1190
12.5039 212.0426
12.5052 212.0130
12.5052 212.0286
12.5073 212.1059
12.5085 212.0909
12.5108 212.0936
12.5123 211.7740
12.5124 212.1706
12.5147 211.7641
12.5184 211.9963
12.5189 212.0031
12.5209 212.0271
12.5213 212.0067
12.5263 212.1370
12.5278 211.9469
12.5288 212.1709
12.5291 212.0045
12.5300 212.0479
12.5302 212.1138
12.5319 212.2518
12.5408 212.0235
12.5433 212.1423
12.5497 211.8287
12.5613 211.9818
12.5622 211.7285
12.5872 212.0532
12.5888 212.0214
12.6367 212.1507
